Elapsed_time,CPU,Real_MB,Virtual_MB
1.01,96.1,127.621,9450.414
2.019,96.1,207.785,9531.793
3.039,95.1,227.586,9551.75
4.059,93.2,320.121,9645.148
5.079,86.2,336.938,9668.535
6.1,86.2,360.098,9694.504
7.122,88.1,371.438,9773.664
8.143,99.9,404.48,9802.785
9.163,100.0,404.48,9802.785
10.183,100.0,404.629,9802.785
11.203,99.0,423.656,9822.113
12.223,100.0,423.656,9822.113
13.243,99.0,448.148,11343.461
14.263,101.0,546.457,11415.461
15.283,100.0,557.91,11709.461
16.303,100.0,581.625,12317.461
17.323,100.0,630.855,13579.461
18.343,101.3,4765.059,19178.848
19.362,101.3,3198.281,14661.656
20.382,100.0,4444.844,15907.656
21.403,101.0,5546.734,17009.656
22.423,99.0,5899.723,19946.859
23.443,100.0,8003.723,19946.859
24.463,100.0,8595.695,20328.09
25.482,100.1,8874.746,20328.09
26.501,100.1,6236.617,17681.512
27.521,101.0,6867.711,18315.121
28.541,99.0,7269.566,18707.25
29.561,100.0,7299.523,18707.25
30.581,101.0,6418.523,17807.836
31.601,99.0,6431.285,17820.613
32.62,101.0,6643.57,18033.098
33.64,100.0,6979.574,18369.074
34.66,100.0,7016.488,18405.93
35.68,100.0,7016.488,18405.93
36.697,99.3,7016.488,18405.93
37.715,100.2,7016.488,18405.93
38.733,100.2,7016.488,18405.93
39.751,100.2,7016.488,18405.93
40.769,99.2,7016.488,18405.93
41.787,100.2,7016.488,18405.93
42.805,100.2,7016.488,18405.93
43.822,100.2,7016.488,18405.93
44.84,99.2,7016.488,18405.93
45.858,100.2,7016.488,18405.93
46.876,100.2,7016.488,18405.93
47.894,100.2,7016.488,18405.93
48.912,100.2,7016.488,18405.93
49.929,100.2,7016.488,18405.93
50.947,99.2,7016.488,18405.93
51.96,100.7,7016.488,18405.93
52.978,99.2,7016.488,18405.93
53.996,100.2,7016.488,18405.93
55.013,100.2,7016.488,18405.93
56.031,100.2,7016.488,18405.93
57.049,100.2,7016.488,18405.93
58.067,99.2,7016.488,18405.93
59.08,99.7,7016.488,18405.93
60.098,100.2,7016.488,18405.93
61.116,100.2,7016.488,18405.93
62.134,100.2,7016.488,18405.93
63.152,99.2,7016.488,18405.93
64.17,100.2,7016.488,18405.93
65.188,101.2,7016.488,18405.93
66.206,100.2,7016.488,18405.93
67.223,99.2,7016.488,18405.93
68.241,100.2,7032.961,18405.93
69.261,100.0,7124.867,18405.93
70.281,100.0,7124.867,18405.93
71.298,99.3,7124.867,18405.93
72.316,100.2,7124.867,18405.93
73.334,100.2,7124.867,18405.93
74.352,99.2,7124.867,18405.93
75.369,101.2,7124.867,18405.93
76.387,100.2,7124.867,18405.93
77.405,99.2,7124.969,18405.93
78.423,100.2,7124.969,18405.93
79.44,100.2,7124.969,18405.93
80.458,99.2,7124.969,18405.93
81.475,100.3,7124.969,18405.93
82.483,100.2,7124.969,18405.93
83.501,100.2,7124.969,18405.93
84.519,100.2,7124.969,18405.93
85.536,100.2,7124.969,18405.93
86.554,100.2,7124.969,18405.93
87.572,99.3,7124.969,18405.93
88.59,100.2,7124.969,18405.93
89.607,100.2,7124.969,18405.93
90.625,100.2,7124.969,18405.93
91.643,100.2,7124.969,18405.93
92.661,99.2,7124.969,18405.93
93.679,100.2,7124.969,18405.93
94.696,100.2,7124.969,18405.93
95.714,99.2,7124.969,18405.93
96.732,100.2,7124.969,18405.93
97.75,100.2,7124.969,18405.93
98.767,99.3,7124.969,18405.93
99.785,100.2,7124.969,18405.93
100.802,101.2,7124.969,18405.93
101.82,99.2,7124.969,18405.93
102.838,100.2,7124.969,18405.93
103.856,100.2,7124.969,18405.93
104.874,100.2,7124.969,18405.93
105.891,99.3,7124.969,18405.93
106.91,100.1,7124.969,18405.93
107.928,100.2,7124.969,18405.93
108.946,99.2,7124.969,18405.93
109.963,100.2,7124.969,18405.93
110.981,100.2,7124.969,18405.93
111.999,100.2,7124.969,18405.93
113.017,99.2,7124.969,18405.93
114.035,101.2,7124.969,18405.93
115.053,99.2,7124.969,18405.93
116.071,100.2,7124.969,18405.93
117.088,100.2,7124.969,18405.93
118.106,100.2,7124.969,18405.93
119.124,100.2,7124.969,18405.93
120.142,100.2,7124.969,18405.93
121.16,99.2,7124.969,18405.93
122.178,100.2,7124.969,18405.93
123.196,100.2,7124.969,18405.93
124.213,100.2,7124.969,18405.93
125.231,99.2,7124.969,18405.93
126.249,100.2,7124.969,18405.93
127.266,100.2,7124.969,18405.93
128.284,99.3,7124.969,18405.93
129.301,100.3,7124.969,18405.93
130.319,100.2,7124.969,18405.93
131.337,100.2,7124.969,18405.93
132.362,100.5,7124.969,18405.93
133.388,99.4,7124.969,18405.93
134.415,99.4,7124.969,18405.93
135.441,101.3,7124.969,18405.93
136.459,100.2,7124.969,18405.93
137.476,99.3,7124.969,18405.93
138.493,100.3,7124.969,18405.93
139.51,99.2,7124.969,18405.93
140.528,100.2,7124.969,18405.93
141.546,100.2,7124.969,18405.93
142.564,100.2,7124.969,18405.93
143.584,100.1,7124.969,18405.93
144.602,100.2,7124.969,18405.93
145.62,100.2,7124.969,18405.93
146.638,99.2,7124.969,18405.93
147.656,100.2,7124.969,18405.93
148.674,99.2,7124.969,18405.93
149.692,100.2,7124.969,18405.93
150.71,100.2,7124.969,18405.93
151.728,101.2,7124.969,18405.93
152.746,99.2,7124.969,18405.93
153.764,100.2,7176.188,18405.93
154.784,100.0,7176.262,18405.93
155.802,99.2,7176.262,18405.93
156.82,100.2,7176.262,18405.93
157.837,100.2,7176.262,18405.93
158.855,100.2,7176.262,18405.93
159.873,100.2,7176.262,18405.93
160.891,100.2,7176.262,18405.93
161.909,99.2,7176.262,18405.93
162.927,101.2,7176.262,18405.93
163.945,99.2,7176.262,18405.93
164.964,100.2,7176.262,18405.93
165.982,100.2,7176.262,18405.93
167.0,99.2,7176.262,18405.93
168.018,101.1,7176.262,18405.93
169.036,99.2,7176.262,18405.93
170.054,100.2,7176.262,18405.93
171.072,100.2,7176.262,18405.93
172.09,99.2,7176.262,18405.93
173.108,101.2,7176.262,18405.93
174.126,100.2,7176.262,18405.93
175.144,99.2,7176.262,18405.93
176.162,100.2,7176.262,18405.93
177.18,100.2,7176.262,18405.93
178.198,99.2,7176.262,18405.93
179.216,101.2,7176.262,18405.93
180.234,99.2,7176.262,18405.93
181.252,100.2,7176.262,18405.93
182.27,99.2,7176.262,18405.93
183.287,100.2,7176.262,18405.93
184.305,100.2,7176.262,18405.93
185.323,100.2,7176.262,18405.93
186.341,100.2,7176.262,18405.93
187.359,100.2,7176.262,18405.93
188.377,100.2,7176.262,18405.93
189.395,99.2,7176.262,18405.93
190.414,100.2,7176.262,18405.93
191.432,100.2,7176.262,18405.93
192.449,99.2,7176.262,18405.93
193.468,101.1,7176.262,18405.93
194.485,99.3,7176.262,18405.93
195.503,100.2,7176.262,18405.93
196.521,100.2,7176.262,18405.93
197.539,100.2,7176.262,18405.93
198.557,100.1,7176.262,18405.93
199.575,99.2,7176.262,18405.93
200.594,100.2,7176.262,18405.93
201.611,99.2,7176.262,18405.93
202.629,101.2,7176.262,18405.93
203.647,100.2,7176.262,18405.93
204.665,99.2,7176.262,18405.93
205.683,100.2,7176.262,18405.93
206.702,100.2,7176.262,18405.93
207.72,100.2,7176.262,18405.93
208.738,99.2,7177.621,18405.93
209.758,100.0,7177.73,18405.93
210.776,101.2,7177.73,18405.93
211.794,100.2,7177.73,18405.93
212.812,99.2,7177.73,18405.93
213.83,99.2,7177.73,18405.93
214.849,100.2,7177.73,18405.93
215.867,100.2,7177.73,18405.93
216.885,100.2,7177.73,18405.93
217.903,100.2,7177.73,18405.93
218.921,99.2,7177.73,18405.93
219.939,100.2,7177.73,18405.93
220.957,101.2,7177.73,18405.93
221.975,99.2,7177.73,18405.93
222.993,100.2,7177.73,18405.93
224.011,100.2,7177.73,18405.93
225.029,99.2,7177.73,18405.93
226.047,100.2,7177.73,18405.93
227.065,101.2,7177.73,18405.93
228.083,99.2,7177.73,18405.93
229.101,100.2,7177.73,18405.93
230.119,99.2,7177.73,18405.93
231.137,101.2,7177.73,18405.93
232.155,99.2,7177.73,18405.93
233.174,100.2,7177.73,18405.93
234.192,99.2,7177.73,18405.93
235.21,100.2,7177.73,18405.93
236.228,100.2,7177.73,18405.93
237.246,101.2,7177.73,18405.93
238.264,99.2,7177.73,18405.93
239.282,98.2,7177.863,18405.93
240.302,99.1,7177.863,18405.93
241.32,101.2,7177.863,18405.93
242.338,100.2,7177.863,18405.93
243.356,99.2,7177.863,18405.93
244.374,100.2,7177.863,18405.93
245.392,100.2,7177.863,18405.93
246.41,99.2,7177.863,18405.93
247.428,100.2,7177.863,18405.93
248.446,100.2,7177.863,18405.93
249.464,100.2,7177.863,18405.93
250.481,99.3,7177.863,18405.93
251.499,101.2,7177.863,18405.93
252.517,99.2,7177.863,18405.93
253.535,100.2,7177.863,18405.93
254.553,99.2,7177.863,18405.93
255.571,100.2,7177.863,18405.93
256.589,101.2,7177.863,18405.93
257.607,100.2,7177.863,18405.93
258.625,99.2,7177.863,18405.93
259.643,100.2,7177.863,18405.93
260.661,99.2,7177.863,18405.93
261.679,100.2,7177.863,18405.93
262.697,100.2,7177.863,18405.93
263.715,100.2,7177.863,18405.93
264.733,100.2,7177.863,18405.93
265.751,99.2,7177.863,18405.93
266.769,100.2,7177.863,18405.93
267.787,100.2,7177.863,18405.93
268.805,100.2,7177.863,18405.93
269.823,99.2,7177.863,18405.93
270.841,101.2,7177.863,18405.93
271.859,100.2,7177.863,18405.93
272.877,98.2,7177.863,18405.93
273.894,100.3,7177.863,18405.93
274.912,99.2,7177.863,18405.93
275.93,101.2,7177.863,18405.93
276.948,99.2,7177.863,18405.93
277.966,100.2,7177.863,18405.93
278.984,99.2,7177.863,18405.93
280.002,99.2,7177.863,18405.93
281.02,100.2,7177.863,18405.93
282.038,99.2,7177.863,18405.93
283.056,101.2,7177.863,18405.93
284.074,99.2,7177.863,18405.93
285.092,99.2,7187.785,18405.93
286.112,100.0,7187.785,18405.93
287.13,101.2,7187.785,18405.93
288.148,99.2,7187.785,18405.93
289.166,100.2,7187.785,18405.93
290.184,99.2,7187.785,18405.93
291.202,101.2,7187.785,18405.93
292.22,100.2,7187.785,18405.93
293.238,99.2,7187.785,18405.93
294.257,100.2,7187.785,18405.93
295.275,100.2,7187.785,18405.93
296.293,100.2,7187.785,18405.93
297.311,99.2,7187.785,18405.93
298.329,100.2,7187.785,18405.93
299.347,100.2,7187.785,18405.93
300.365,100.2,7187.785,18405.93
301.383,99.2,7187.785,18405.93
302.401,100.2,7187.785,18405.93
303.419,99.2,7187.785,18405.93
304.437,101.2,7187.785,18405.93
305.455,100.2,7187.785,18405.93
306.473,100.2,7187.785,18405.93
307.489,99.3,7187.785,18405.93
308.508,100.2,7187.785,18405.93
309.526,99.2,7187.785,18405.93
310.544,100.2,7187.785,18405.93
311.562,101.2,7187.785,18405.93
312.58,99.1,7187.785,18405.93
313.598,100.2,7187.785,18405.93
314.616,100.2,7187.785,18405.93
315.634,99.2,7187.785,18405.93
316.652,100.2,7187.785,18405.93
317.67,100.2,7187.785,18405.93
318.688,99.2,7187.285,18405.43
319.708,1.0,7221.281,18901.719
320.729,0.0,7220.277,18890.289
321.75,0.0,7220.277,18890.289
322.768,0.0,7227.438,18910.16
323.788,101.3,7306.0,29484.414
324.808,0.0,7229.922,18956.934
325.83,101.3,7320.273,29507.754
326.844,0.0,7264.41,27152.324
327.88,101.3,7332.051,29558.184
328.9,0.0,7260.371,27162.984
329.919,101.3,7340.836,29562.117
330.939,0.0,7262.547,27191.184
331.96,101.3,7345.59,29564.922
332.981,1.0,7265.77,27194.156
334.001,101.3,7364.316,29611.797
335.022,22.5,0.0,0.0
