Elapsed_time,CPU,Real_MB,Virtual_MB
1.014,95.7,127.344,9450.41
2.034,98.0,207.285,9531.406
3.054,94.1,227.191,9551.75
4.074,94.1,274.504,9599.715
5.095,88.1,333.133,9665.312
6.115,87.2,358.969,9694.004
7.136,85.2,360.191,9758.621
8.156,98.0,404.055,9802.785
9.176,99.1,404.055,9802.785
10.195,100.0,404.227,9802.785
11.215,100.0,423.133,9822.113
12.235,99.1,423.133,9822.113
13.254,99.1,423.133,9822.113
14.274,101.0,423.133,9822.113
15.293,99.1,423.312,9822.113
16.313,100.0,423.312,9822.113
17.332,99.1,423.312,9822.113
18.351,99.1,423.312,9822.113
19.371,100.0,423.312,9822.113
20.39,99.1,423.312,9822.113
21.41,100.0,423.312,9822.113
22.43,99.1,423.312,9822.113
23.449,100.1,423.312,9822.113
24.468,100.0,423.312,9822.113
25.488,100.0,423.312,9822.113
26.508,99.0,423.312,9822.113
27.527,99.1,423.312,9822.113
28.547,100.0,423.312,9822.113
29.566,100.0,423.312,9822.113
30.586,99.1,423.312,9822.113
31.606,100.0,423.312,9822.113
32.625,100.1,467.453,16478.461
33.644,100.0,493.211,16478.461
34.664,99.1,855.438,16478.461
35.683,101.1,910.121,16543.957
36.702,99.1,919.66,16813.957
37.722,101.0,939.254,17371.957
38.741,100.1,979.988,18530.957
39.76,100.1,1064.551,20933.957
40.779,100.0,1183.145,24311.957
41.799,101.3,3082.992,44750.961
42.819,101.3,12400.875,44750.961
43.84,101.3,21593.051,44750.961
44.86,101.3,10747.473,24807.285
45.88,61.8,10747.473,24807.285
46.9,100.0,11874.844,25984.285
47.92,100.0,13872.633,28071.285
48.939,100.0,15499.688,29771.285
49.959,100.0,17199.719,31547.285
50.979,100.0,19084.852,33517.285
51.999,100.0,20714.602,35219.914
53.019,100.0,20854.363,35320.801
54.039,100.0,21776.516,45218.359
55.059,100.0,23930.516,45218.359
56.079,100.0,26082.516,45218.359
57.099,101.0,28232.516,45218.359
58.119,100.0,30380.516,45218.359
59.139,99.0,30758.59,45218.359
60.159,101.0,30763.641,46592.25
61.178,100.0,31316.602,46592.25
62.198,100.0,31908.602,46592.25
63.218,100.0,32149.758,46592.25
64.238,100.0,22271.066,36694.691
65.258,100.0,22280.129,36694.691
66.277,99.0,22738.004,37152.656
67.297,101.0,23206.574,37610.621
68.317,99.0,23990.746,38393.715
69.337,101.0,24574.625,38966.398
70.357,100.0,25314.527,39710.797
71.377,100.0,25405.238,39710.797
72.396,100.0,23286.883,37489.688
73.416,100.0,23840.535,38039.273
74.436,101.0,24288.16,38438.23
75.455,99.1,23732.316,37825.551
76.475,100.0,24032.715,38104.34
77.495,101.0,24404.215,38413.301
78.515,99.0,24080.992,38070.426
79.535,101.0,24102.164,38086.25
80.554,100.0,24195.074,38178.562
81.574,100.0,24242.73,38223.457
82.594,100.0,24583.48,38561.191
83.614,100.0,25030.156,39098.398
84.634,100.0,25825.613,39799.566
85.654,100.0,25933.375,39896.246
86.673,100.0,26040.898,39985.473
87.693,100.0,26041.156,39985.473
88.711,99.3,26041.156,39985.473
89.728,101.2,26041.156,39985.473
90.745,99.3,26041.156,39985.473
91.763,100.2,26041.156,39985.473
92.781,99.2,26041.156,39985.473
93.798,100.2,26041.156,39985.473
94.816,100.2,26041.156,39985.473
95.834,99.2,26041.156,39985.473
96.852,101.2,26041.156,39985.473
97.869,99.2,26041.156,39985.473
98.887,100.2,26041.156,39985.473
99.905,100.2,26041.156,39985.473
100.923,99.2,26041.156,39985.473
101.941,100.2,26041.156,39985.473
102.959,100.2,26041.156,39985.473
103.977,99.2,26041.156,39985.473
104.995,100.2,26041.156,39985.473
106.013,100.2,26041.156,39985.473
107.031,100.2,26041.156,39985.473
108.049,100.2,26041.156,39985.473
109.067,99.2,26041.156,39985.473
110.085,101.2,26041.156,39985.473
111.102,100.3,26041.156,39985.473
112.12,99.2,26041.156,39985.473
113.137,100.2,26041.156,39985.473
114.156,99.2,26041.156,39985.473
115.173,100.2,26041.156,39985.473
116.191,99.2,26041.156,39985.473
117.209,100.2,26041.156,39985.473
118.227,101.2,26041.156,39985.473
119.244,99.2,26041.156,39985.473
120.262,100.2,26041.156,39985.473
121.28,100.2,26041.156,39985.473
122.297,99.2,26041.156,39985.473
123.316,100.2,26041.156,39985.473
124.334,101.2,26041.156,39985.473
125.351,99.2,26041.156,39985.473
126.369,100.2,26041.156,39985.473
127.387,100.2,26041.156,39985.473
128.404,99.2,26041.156,39985.473
129.422,100.2,26041.156,39985.473
130.44,99.2,26041.156,39985.473
131.458,101.2,26041.156,39985.473
132.475,99.2,26041.156,39985.473
133.493,100.2,26041.156,39985.473
134.511,100.2,26041.156,39985.473
135.528,99.2,26041.156,39985.473
136.546,100.2,26041.156,39985.473
137.564,100.2,26041.156,39985.473
138.582,99.2,25051.723,38996.105
139.602,101.0,25052.172,38996.105
140.619,99.2,25052.172,38996.105
141.637,100.2,25052.172,38996.105
142.655,100.2,25052.172,38996.105
143.672,99.3,25052.172,38996.105
144.69,100.2,25052.172,38996.105
145.708,99.2,25052.172,38996.105
146.725,101.2,25052.172,38996.105
147.742,99.3,25054.016,38996.105
148.761,100.1,25054.363,38996.105
149.778,99.3,25054.363,38996.105
150.796,101.2,25054.363,38996.105
151.813,99.2,25054.363,38996.105
152.831,100.2,25054.363,38996.105
153.849,99.2,25054.363,38996.105
154.867,100.2,25054.363,38996.105
155.884,88.4,25054.363,38996.105
156.902,99.2,25054.363,38996.105
157.92,100.2,25054.363,38996.105
158.938,100.2,25054.363,38996.105
159.956,99.2,25054.363,38996.105
160.974,101.2,25054.363,38996.105
161.991,99.3,25054.363,38996.105
163.009,100.2,25054.363,38996.105
164.027,100.2,25054.363,38996.105
165.044,99.2,25054.363,38996.105
166.062,100.2,25054.363,38996.105
167.08,99.3,25054.363,38996.105
168.097,101.2,25054.363,38996.105
169.115,99.2,25054.363,38996.105
170.133,100.2,25054.363,38996.105
171.15,100.2,25054.363,38996.105
172.168,99.2,25054.363,38996.105
173.186,100.2,25054.363,38996.105
174.204,100.2,25054.363,38996.105
175.221,100.2,25054.363,38996.105
176.239,99.3,25054.363,38996.105
177.257,100.2,25054.363,38996.105
178.274,99.2,25055.469,38996.105
179.294,100.0,25055.469,38996.105
180.312,99.2,25055.469,38996.105
181.329,100.2,25055.469,38996.105
182.347,101.2,25055.469,38996.105
183.365,99.3,25055.469,38996.105
184.383,100.2,25055.469,38996.105
185.4,99.2,25055.469,38996.105
186.418,100.2,25055.469,38996.105
187.436,100.2,25055.469,38996.105
188.453,99.3,25055.469,38996.105
189.471,101.2,25055.469,38996.105
190.489,99.2,25055.469,38996.105
191.507,100.2,25055.469,38996.105
192.525,99.2,25055.469,38996.105
193.543,101.2,25055.469,38996.105
194.56,99.2,25055.469,38996.105
195.578,100.2,25055.469,38996.105
196.596,100.2,25055.469,38996.105
197.613,99.2,25055.469,38996.105
198.631,100.2,25055.469,38996.105
199.649,100.2,25055.469,38996.105
200.666,100.2,25055.469,38996.105
201.684,100.2,25055.469,38996.105
202.702,99.3,25055.469,38996.105
203.719,100.2,25055.469,38996.105
204.737,100.2,25055.469,38996.105
205.754,99.3,25055.469,38996.105
206.771,100.2,25055.469,38996.105
207.789,100.2,25055.469,38996.105
208.807,100.2,25055.469,38996.105
209.824,99.3,25055.469,38996.105
210.842,100.2,25055.469,38996.105
211.859,100.2,25055.469,38996.105
212.877,100.2,25055.469,38996.105
213.895,100.2,25055.469,38996.105
214.912,99.2,25055.469,38996.105
215.93,100.2,25055.469,38996.105
216.948,100.2,25055.48,38996.105
217.967,100.0,25055.48,38996.105
218.985,99.3,25055.48,38996.105
220.003,101.2,25055.48,38996.105
221.02,99.2,25055.48,38996.105
222.038,99.2,25055.48,38996.105
223.056,100.2,25055.48,38996.105
224.074,100.2,25055.48,38996.105
225.091,99.2,25055.48,38996.105
226.109,101.2,25055.48,38996.105
227.127,100.2,25055.48,38996.105
228.145,99.2,25055.48,38996.105
229.162,100.2,25055.48,38996.105
230.18,99.2,25055.48,38996.105
231.197,100.2,25055.48,38996.105
232.215,100.2,25055.48,38996.105
233.233,100.2,25055.48,38996.105
234.25,99.3,25055.48,38996.105
235.268,101.2,25055.48,38996.105
236.286,99.3,25055.48,38996.105
237.303,100.2,25055.48,38996.105
238.321,99.2,25055.48,38996.105
239.339,100.2,25055.48,38996.105
240.356,100.2,25055.48,38996.105
241.374,99.3,25055.48,38996.105
242.392,101.2,25055.48,38996.105
243.409,99.2,25055.836,38996.105
244.429,100.0,25055.836,38996.105
245.447,100.2,25055.836,38996.105
246.465,100.2,25055.836,38996.105
247.483,100.2,25055.836,38996.105
248.501,99.2,25055.836,38996.105
249.518,100.2,25055.836,38996.105
250.536,99.3,25055.836,38996.105
251.554,101.2,25055.836,38996.105
252.571,99.2,25055.836,38996.105
253.589,100.2,25055.836,38996.105
254.607,99.3,25055.836,38996.105
255.624,101.2,25055.836,38996.105
256.642,100.2,25055.836,38996.105
257.66,99.2,25055.836,38996.105
258.677,100.2,25055.836,38996.105
259.695,99.2,25055.836,38996.105
260.713,101.2,25055.836,38996.105
261.73,99.2,25055.836,38996.105
262.747,100.3,25055.836,38996.105
263.764,99.3,25055.836,38996.105
264.782,100.2,25055.836,38996.105
265.8,100.2,25055.836,38996.105
266.817,100.2,25055.836,38996.105
267.835,100.2,25055.836,38996.105
268.853,99.3,25055.836,38996.105
269.87,100.2,25055.836,38996.105
270.888,99.2,25068.539,38996.105
271.908,100.0,25068.539,38996.105
272.925,101.2,25068.539,38996.105
273.943,99.2,25068.539,38996.105
274.961,100.2,25068.539,38996.105
275.978,99.2,25068.539,38996.105
276.996,100.2,25068.539,38996.105
278.014,100.2,25068.539,38996.105
279.031,99.2,25068.539,38996.105
280.049,100.2,25068.539,38996.105
281.067,100.2,25068.539,38996.105
282.085,100.2,25068.539,38996.105
283.103,99.2,25068.539,38996.105
284.12,101.2,25068.539,38996.105
285.138,99.3,25068.539,38996.105
286.155,100.2,25068.539,38996.105
287.173,99.2,25068.539,38996.105
288.191,101.2,25068.539,38996.105
289.209,99.2,25068.539,38996.105
290.226,100.2,25068.539,38996.105
291.244,99.3,25068.539,38996.105
292.262,100.2,25068.539,38996.105
293.279,100.2,25068.539,38996.105
294.297,99.2,25068.539,38996.105
295.315,100.2,25068.539,38996.105
296.332,101.2,25068.539,38996.105
297.35,99.2,25068.539,38996.105
298.368,100.2,25068.539,38996.105
299.385,99.3,25068.539,38996.105
300.403,101.2,25068.539,38996.105
301.421,99.3,25068.539,38996.105
302.438,100.2,25068.539,38996.105
303.456,99.2,25068.539,38996.105
304.474,100.2,25068.539,38996.105
305.492,100.2,25068.539,38996.105
306.51,100.2,25090.762,38996.105
307.529,100.0,25090.762,38996.105
308.547,99.2,25090.762,38996.105
309.565,100.2,25090.762,38996.105
310.583,99.2,25090.762,38996.105
311.6,100.2,25090.762,38996.105
312.618,101.2,25090.762,38996.105
313.636,99.2,25090.762,38996.105
314.654,100.2,25090.762,38996.105
315.671,99.3,25090.762,38996.105
316.689,100.2,25090.762,38996.105
317.707,101.2,25090.762,38996.105
318.724,99.2,25090.762,38996.105
319.741,100.3,25090.762,38996.105
320.758,99.4,25090.762,38996.105
321.775,100.2,25090.762,38996.105
322.793,99.2,25090.762,38996.105
323.811,101.2,25090.762,38996.105
324.829,99.2,25090.762,38996.105
325.846,100.2,25090.762,38996.105
326.864,100.2,25090.762,38996.105
327.881,100.2,25090.762,38996.105
328.899,99.2,25090.762,38996.105
329.917,100.2,25090.762,38996.105
330.935,99.2,25090.762,38996.105
331.952,100.2,25090.762,38996.105
332.97,100.2,25090.762,38996.105
333.988,100.2,25090.762,38996.105
335.005,100.2,25090.762,38996.105
336.023,99.2,25093.008,38996.105
337.043,100.0,25114.48,38996.105
338.062,101.0,25114.48,38996.105
339.08,99.2,25114.48,38996.105
340.097,100.2,25114.48,38996.105
341.115,99.2,25114.48,38996.105
342.133,100.2,25114.48,38996.105
343.151,100.2,25114.48,38996.105
344.168,100.2,25114.48,38996.105
345.186,100.2,25114.48,38996.105
346.204,99.2,25114.48,38996.105
347.222,100.2,25114.48,38996.105
348.239,99.3,25114.48,38996.105
349.257,101.2,25114.48,38996.105
350.275,99.2,25114.48,38996.105
351.292,100.2,25114.48,38996.105
352.31,99.2,25114.48,38996.105
353.327,100.2,25114.48,38996.105
354.345,100.2,25114.48,38996.105
355.363,99.2,25114.48,38996.105
356.381,101.2,25114.48,38996.105
357.398,100.2,25114.48,38996.105
358.416,99.2,25114.48,38996.105
359.434,100.2,25114.48,38996.105
360.451,100.2,25114.48,38996.105
361.469,99.2,25114.48,38996.105
362.487,100.2,25114.48,38996.105
363.504,100.2,25114.48,38996.105
364.522,100.2,25114.48,38996.105
365.54,99.2,25114.48,38996.105
366.558,100.2,25114.48,38996.105
367.576,100.2,25114.48,38996.105
368.593,100.2,25114.48,38996.105
369.611,99.3,25114.48,38996.105
370.629,100.2,25116.18,38996.105
371.649,100.0,25116.324,38996.105
372.666,99.3,25116.324,38996.105
373.684,101.2,25116.324,38996.105
374.702,99.2,25116.324,38996.105
375.719,100.2,25116.324,38996.105
376.737,99.2,25116.324,38996.105
377.754,100.3,25116.324,38996.105
378.772,100.2,25116.324,38996.105
379.789,100.2,25116.324,38996.105
380.807,100.2,25116.324,38996.105
381.825,99.2,25116.324,38996.105
382.842,100.2,25116.324,38996.105
383.86,99.2,25116.324,38996.105
384.878,101.2,25116.324,38996.105
385.896,99.2,25116.324,38996.105
386.913,100.2,25116.324,38996.105
387.931,100.2,25116.324,38996.105
388.949,99.2,25116.324,38996.105
389.967,100.2,25116.324,38996.105
390.984,99.2,25116.324,38996.105
392.002,101.2,25116.324,38996.105
393.02,99.2,25116.324,38996.105
394.037,100.2,25116.324,38996.105
395.055,99.2,25116.324,38996.105
396.073,101.2,25116.324,38996.105
397.091,100.2,25116.324,38996.105
398.108,99.3,25116.324,38996.105
399.126,100.2,25116.324,38996.105
400.144,99.2,25116.324,38996.105
401.161,100.2,25116.324,38996.105
402.179,100.2,25116.324,38996.105
403.197,100.2,25116.324,38996.105
404.215,100.2,25116.324,38996.105
405.232,99.2,25116.324,38996.105
406.25,100.2,25116.324,38996.105
407.268,99.2,25116.324,38996.105
408.285,101.2,25116.324,38996.105
409.303,99.2,25116.324,38996.105
410.321,100.2,25116.324,38996.105
411.338,99.3,25116.324,38996.105
412.356,100.2,25116.324,38996.105
413.374,101.2,25116.324,38996.105
414.392,99.2,25116.324,38996.105
415.409,100.2,25116.324,38996.105
416.427,99.2,25116.324,38996.105
417.445,100.2,25116.324,38996.105
418.462,100.2,25116.324,38996.105
419.48,99.2,25116.324,38996.105
420.498,100.2,25116.324,38996.105
421.516,100.2,25116.324,38996.105
422.533,100.2,25116.324,38996.105
423.551,100.2,25116.324,38996.105
424.569,100.2,25116.324,38996.105
425.587,99.2,25116.324,38996.105
426.605,100.2,25116.324,38996.105
427.623,100.2,25116.324,38996.105
428.64,99.2,25161.457,38996.105
429.66,100.0,25161.484,38996.105
430.678,99.2,25161.484,38996.105
431.695,100.2,25161.484,38996.105
432.713,100.2,25161.484,38996.105
433.731,100.2,25161.484,38996.105
434.748,100.3,25161.484,38996.105
435.765,99.2,25161.484,38996.105
436.783,100.2,25161.484,38996.105
437.801,99.2,25161.484,38996.105
438.818,101.2,25161.484,38996.105
439.836,99.2,25161.484,38996.105
440.854,100.2,25161.484,38996.105
441.871,99.3,25161.484,38996.105
442.889,101.2,25161.484,38996.105
443.907,99.2,25161.484,38996.105
444.925,100.2,25161.484,38996.105
445.942,99.2,25161.484,38996.105
446.96,101.2,25161.484,38996.105
447.978,99.2,25161.484,38996.105
448.995,100.2,25161.484,38996.105
450.013,100.2,25161.484,38996.105
451.031,99.2,25161.484,38996.105
452.048,100.2,25161.484,38996.105
453.066,99.2,25161.484,38996.105
454.084,100.2,25161.484,38996.105
455.102,100.2,25161.484,38996.105
456.119,100.2,25161.484,38996.105
457.137,100.2,25161.484,38996.105
458.155,99.2,25161.484,38996.105
459.173,101.2,25161.484,38996.105
460.19,99.2,25161.484,38996.105
461.208,100.2,25161.484,38996.105
462.226,99.2,25161.484,38996.105
463.244,100.2,25161.484,38996.105
464.261,101.2,25161.484,38996.105
465.279,99.3,25161.484,38996.105
466.297,100.2,25161.484,38996.105
467.314,100.2,25161.484,38996.105
468.332,99.2,25161.484,38996.105
469.35,100.2,25161.484,38996.105
470.367,100.2,25161.484,38996.105
471.385,99.3,25161.484,38996.105
472.402,100.2,25161.484,38996.105
473.42,100.2,25161.484,38996.105
474.438,100.2,25161.484,38996.105
475.455,100.2,25161.484,38996.105
476.473,99.2,25161.484,38996.105
477.491,100.2,25161.484,38996.105
478.508,100.2,25161.484,38996.105
479.526,99.2,25161.484,38996.105
480.544,100.2,25161.484,38996.105
481.561,100.2,25161.809,38996.105
482.581,99.1,25161.809,38996.105
483.598,100.2,25161.809,38996.105
484.616,100.2,25161.809,38996.105
485.634,100.1,25161.809,38996.105
486.652,99.2,25161.809,38996.105
487.67,101.2,25161.809,38996.105
488.688,99.2,25161.809,38996.105
489.705,100.2,25161.809,38996.105
490.723,100.2,25161.809,38996.105
491.74,99.3,25161.809,38996.105
492.757,100.3,25179.598,38996.105
493.777,100.0,25179.598,38996.105
494.794,100.2,25179.598,38996.105
495.812,99.3,25179.598,38996.105
496.83,100.2,25179.598,38996.105
497.847,100.2,25179.598,38996.105
498.865,99.2,25179.598,38996.105
499.883,100.2,25179.598,38996.105
500.9,100.3,25179.598,38996.105
501.918,99.2,25179.598,38996.105
502.936,101.2,25179.598,38996.105
503.953,99.2,25179.598,38996.105
504.971,100.2,25179.598,38996.105
505.989,99.2,25179.598,38996.105
507.006,101.2,25179.598,38996.105
508.024,100.2,25179.598,38996.105
509.042,99.2,25179.598,38996.105
510.059,100.2,25179.598,38996.105
511.077,99.3,25179.598,38996.105
512.094,101.2,25179.598,38996.105
513.112,99.3,25179.598,38996.105
514.13,100.2,25179.598,38996.105
515.147,100.2,25179.598,38996.105
516.165,99.3,25179.598,38996.105
517.183,100.2,25179.598,38996.105
518.2,100.2,25179.598,38996.105
519.218,100.2,25179.598,38996.105
520.236,100.2,25179.598,38996.105
521.253,99.2,25179.598,38996.105
522.271,100.2,25179.598,38996.105
523.289,99.2,25179.891,38996.105
524.308,100.1,25179.891,38996.105
525.326,101.2,25179.891,38996.105
526.343,99.2,25179.891,38996.105
527.361,100.2,25179.891,38996.105
528.379,99.2,25179.891,38996.105
529.396,100.2,25179.891,38996.105
530.414,99.2,25179.891,38996.105
531.432,100.2,25179.891,38996.105
532.449,101.2,25179.891,38996.105
533.467,99.2,25181.785,38996.105
534.486,100.0,25181.832,38996.105
535.504,100.2,25181.832,38996.105
536.522,99.2,25181.832,38996.105
537.539,100.2,25181.832,38996.105
538.557,99.3,25181.832,38996.105
539.575,101.2,25181.832,38996.105
540.592,100.2,25181.832,38996.105
541.61,99.2,25181.832,38996.105
542.628,100.2,25181.832,38996.105
543.645,100.2,25181.832,38996.105
544.663,99.3,25181.832,38996.105
545.681,100.2,25181.832,38996.105
546.699,99.2,25181.832,38996.105
547.717,101.2,25181.832,38996.105
548.734,99.2,25191.77,38996.105
549.753,100.2,25191.77,38996.105
550.77,100.2,25191.77,38996.105
551.788,100.2,25191.77,38996.105
552.806,99.2,25191.77,38996.105
553.823,100.2,25191.77,38996.105
554.841,99.2,25191.77,38996.105
555.859,100.2,25191.77,38996.105
556.876,100.2,25191.77,38996.105
557.894,99.2,25191.77,38996.105
558.912,100.2,25191.77,38996.105
559.929,100.2,25191.77,38996.105
560.947,99.3,25191.77,38996.105
561.965,101.2,25191.77,38996.105
562.982,99.3,25191.77,38996.105
564.0,100.2,25191.77,38996.105
565.018,99.2,25191.77,38996.105
566.035,101.2,25191.77,38996.105
567.053,99.2,25191.77,38996.105
568.071,100.2,25191.77,38996.105
569.088,100.2,25192.316,38996.105
570.108,100.0,25192.387,38996.105
571.125,99.3,25192.387,38996.105
572.143,100.2,25192.387,38996.105
573.161,100.2,25192.387,38996.105
574.179,99.2,25192.387,38996.105
575.196,100.2,25192.387,38996.105
576.214,100.2,25192.387,38996.105
577.232,99.2,25192.387,38996.105
578.25,100.2,25192.387,38996.105
579.267,100.2,25192.387,38996.105
580.285,100.2,25192.387,38996.105
581.303,100.2,25192.387,38996.105
582.32,99.2,25192.387,38996.105
583.338,100.2,25192.387,38996.105
584.356,100.2,25192.387,38996.105
585.374,99.2,25192.387,38996.105
586.391,101.2,25192.387,38996.105
587.409,99.3,25192.387,38996.105
588.427,100.2,25192.387,38996.105
589.444,99.2,25192.387,38996.105
590.462,100.2,25192.387,38996.105
591.48,100.2,25192.387,38996.105
592.497,100.2,25192.387,38996.105
593.515,100.2,25192.387,38996.105
594.533,99.2,25192.387,38996.105
595.55,100.2,25192.387,38996.105
596.568,99.2,25192.387,38996.105
597.586,101.2,25192.387,38996.105
598.603,99.3,25192.387,38996.105
599.621,100.2,25192.387,38996.105
600.639,100.2,25192.387,38996.105
601.656,99.2,25192.387,38996.105
602.674,100.2,25192.387,38996.105
603.692,100.2,25192.387,38996.105
604.71,100.2,25192.387,38996.105
605.728,100.1,25192.387,38996.105
606.745,99.4,25192.387,38996.105
607.762,100.2,25192.387,38996.105
608.78,100.2,25192.387,38996.105
609.798,99.2,25192.387,38996.105
610.816,100.2,25192.387,38996.105
611.833,100.2,25192.387,38996.105
612.851,99.2,25192.387,38996.105
613.869,101.2,25192.387,38996.105
614.886,99.2,25192.387,38996.105
615.904,100.2,25192.387,38996.105
616.922,100.2,25192.387,38996.105
617.94,99.2,25192.449,38996.105
618.959,100.0,25192.449,38996.105
619.977,100.2,25192.449,38996.105
620.994,100.2,25192.449,38996.105
622.012,100.2,25192.449,38996.105
623.03,99.2,25192.449,38996.105
624.048,100.2,25192.449,38996.105
625.066,99.2,25192.449,38996.105
626.083,100.2,25192.449,38996.105
627.101,101.2,25192.449,38996.105
628.119,99.2,25192.449,38996.105
629.137,100.2,25192.449,38996.105
630.154,100.2,25192.449,38996.105
631.172,99.2,25192.449,38996.105
632.19,100.2,25192.449,38996.105
633.208,99.2,25192.449,38996.105
634.225,101.2,25192.449,38996.105
635.243,100.2,25192.449,38996.105
636.261,99.2,25192.449,38996.105
637.279,100.2,25192.449,38996.105
638.296,99.2,25192.449,38996.105
639.314,100.2,25192.449,38996.105
640.332,100.2,25192.449,38996.105
641.35,100.2,25192.449,38996.105
642.367,100.2,25192.449,38996.105
643.385,99.2,25192.449,38996.105
644.403,100.2,25192.449,38996.105
645.42,99.3,25192.449,38996.105
646.439,100.2,25192.449,38996.105
647.456,100.2,25192.449,38996.105
648.474,100.2,25192.449,38996.105
649.492,100.2,25192.449,38996.105
650.51,99.2,25192.449,38996.105
651.527,100.2,25192.449,38996.105
652.545,99.2,25192.449,38996.105
653.563,101.2,25192.449,38996.105
654.58,99.3,25192.449,38996.105
655.598,100.2,25192.449,38996.105
656.616,100.2,25192.449,38996.105
657.633,99.2,25192.449,38996.105
658.651,100.2,25192.449,38996.105
659.669,100.2,25192.449,38996.105
660.687,100.2,25192.449,38996.105
661.705,99.2,25213.504,38996.105
662.725,100.0,25213.746,38996.105
663.742,100.3,25213.746,38996.105
664.759,100.3,25213.746,38996.105
665.777,100.1,25213.746,38996.105
666.795,99.2,25213.746,38996.105
667.813,100.2,25213.746,38996.105
668.831,100.2,25213.746,38996.105
669.848,100.2,25213.746,38996.105
670.866,94.3,25213.746,38996.105
671.884,100.2,25213.746,38996.105
672.902,99.2,25213.746,38996.105
673.92,101.2,25213.746,38996.105
674.938,99.2,25213.746,38996.105
675.956,100.2,25213.746,38996.105
676.973,99.2,25213.746,38996.105
677.991,100.2,25213.746,38996.105
679.009,100.2,25213.746,38996.105
680.027,100.2,25213.746,38996.105
681.045,99.2,25213.746,38996.105
682.062,100.2,25213.746,38996.105
683.08,99.2,25213.746,38996.105
684.098,101.2,25213.746,38996.105
685.116,99.2,25213.746,38996.105
686.133,100.2,25213.746,38996.105
687.151,100.2,25213.746,38996.105
688.169,100.2,25213.746,38996.105
689.187,99.2,25213.746,38996.105
690.204,100.2,25213.746,38996.105
691.222,100.2,25213.746,38996.105
692.24,100.2,25213.746,38996.105
693.258,100.2,25213.746,38996.105
694.275,99.3,25213.746,38996.105
695.293,100.2,25213.746,38996.105
696.311,99.2,25213.746,38996.105
697.328,100.2,25223.652,38996.105
698.348,100.0,25223.652,38996.105
699.366,100.2,25223.652,38996.105
700.384,99.2,25223.652,38996.105
701.401,101.2,25223.652,38996.105
702.419,100.2,25223.652,38996.105
703.437,100.2,25223.652,38996.105
704.455,99.2,25223.652,38996.105
705.472,100.2,25223.652,38996.105
706.49,100.2,25223.652,38996.105
707.508,99.2,25223.652,38996.105
708.526,100.2,25223.652,38996.105
709.544,100.2,25223.652,38996.105
710.561,99.2,25223.652,38996.105
711.579,100.2,25223.652,38996.105
712.597,100.2,25223.652,38996.105
713.614,99.2,25223.652,38996.105
714.632,100.2,25223.652,38996.105
715.65,101.2,25223.652,38996.105
716.668,99.2,25223.652,38996.105
717.685,100.2,25223.652,38996.105
718.703,99.2,25223.652,38996.105
719.721,100.2,25223.652,38996.105
720.739,100.3,25223.652,38996.105
721.755,100.3,25223.652,38996.105
722.773,100.2,25223.652,38996.105
723.791,99.2,25223.652,38996.105
724.809,100.2,25223.652,38996.105
725.827,100.2,25273.652,38996.105
726.847,99.0,25285.004,38996.105
727.867,101.0,25285.004,38996.105
728.885,100.2,25285.004,38996.105
729.902,99.2,25285.004,38996.105
730.92,100.2,25285.004,38996.105
731.938,99.2,25285.004,38996.105
732.956,100.2,25285.004,38996.105
733.973,101.2,25285.004,38996.105
734.991,99.2,25285.004,38996.105
736.009,100.2,25285.004,38996.105
737.027,99.2,25285.004,38996.105
738.045,100.2,25285.004,38996.105
739.063,100.2,25285.004,38996.105
740.08,100.2,25285.004,38996.105
741.098,100.2,25285.004,38996.105
742.115,99.2,25285.004,38996.105
743.133,100.2,25285.004,38996.105
744.151,100.2,25285.004,38996.105
745.169,100.2,25285.004,38996.105
746.186,99.2,25285.004,38996.105
747.205,100.2,25285.004,38996.105
748.222,101.2,25285.004,38996.105
749.24,99.2,25285.004,38996.105
750.258,100.2,25285.004,38996.105
751.276,100.2,25285.004,38996.105
752.293,99.2,25285.004,38996.105
753.311,100.2,25285.004,38996.105
754.329,99.2,25285.004,38996.105
755.347,101.2,25285.004,38996.105
756.364,100.2,25285.004,38996.105
757.382,99.2,25285.004,38996.105
758.4,100.2,25285.004,38996.105
759.418,99.2,25285.004,38996.105
760.435,101.2,25285.004,38996.105
761.453,99.2,25285.004,38996.105
762.471,100.2,25285.004,38996.105
763.488,100.2,25285.004,38996.105
764.506,100.2,25285.004,38996.105
765.524,99.2,25285.004,38996.105
766.542,100.2,25285.004,38996.105
767.56,99.2,25285.004,38996.105
768.577,100.2,25285.004,38996.105
769.595,101.2,25285.004,38996.105
770.613,99.2,25285.004,38996.105
771.631,100.2,25285.004,38996.105
772.648,100.2,25285.004,38996.105
773.666,99.2,25285.004,38996.105
774.684,100.2,25285.004,38996.105
775.702,100.2,25322.48,38996.105
776.722,100.0,25329.277,38996.105
777.741,100.1,25329.414,38996.105
778.757,100.3,25329.414,38996.105
779.775,99.2,25329.414,38996.105
780.793,100.2,25329.414,38996.105
781.811,99.2,25329.414,38996.105
782.829,101.2,25329.414,38996.105
783.847,99.2,25329.414,38996.105
784.864,100.2,25329.414,38996.105
785.883,99.2,25329.414,38996.105
786.901,101.2,25329.414,38996.105
787.919,100.2,25329.414,38996.105
788.936,99.2,25329.414,38996.105
789.954,100.2,25329.414,38996.105
790.972,99.2,25329.414,38996.105
791.99,101.2,25329.414,38996.105
793.008,100.2,25329.414,38996.105
794.025,99.2,25329.414,38996.105
795.043,100.2,25329.414,38996.105
796.061,99.2,25329.414,38996.105
797.079,101.2,25329.414,38996.105
798.097,99.2,25329.414,38996.105
799.115,100.2,25329.414,38996.105
800.132,100.2,25329.414,38996.105
801.15,99.3,25329.414,38996.105
802.168,101.2,25329.414,38996.105
803.186,99.2,25329.414,38996.105
804.203,100.2,25329.414,38996.105
805.221,99.2,25329.414,38996.105
806.239,100.2,25329.414,38996.105
807.257,100.2,25329.414,38996.105
808.275,99.2,25329.414,38996.105
809.293,101.2,25329.414,38996.105
810.31,100.2,25329.414,38996.105
811.328,99.3,25329.414,38996.105
812.346,100.2,25329.414,38996.105
813.363,100.2,25329.414,38996.105
814.381,100.2,25329.414,38996.105
815.399,99.2,25329.414,38996.105
816.417,100.2,25329.414,38996.105
817.435,99.2,25329.414,38996.105
818.453,101.2,25329.414,38996.105
819.47,99.2,25329.414,38996.105
820.488,100.2,25329.414,38996.105
821.506,100.2,25329.414,38996.105
822.524,99.2,25329.414,38996.105
823.542,101.2,25329.414,38996.105
824.56,99.2,25329.414,38996.105
825.577,100.2,25329.414,38996.105
826.595,99.2,25329.414,38996.105
827.613,101.2,25329.414,38996.105
828.631,100.2,25329.414,38996.105
829.649,99.2,25329.414,38996.105
830.667,100.2,25329.414,38996.105
831.684,99.2,25329.414,38996.105
832.702,100.2,25329.414,38996.105
833.72,100.2,25329.414,38996.105
834.737,100.2,25329.414,38996.105
835.754,99.4,25329.414,38996.105
836.772,101.2,25329.414,38996.105
837.79,99.2,25329.414,38996.105
838.807,100.2,25329.414,38996.105
839.825,100.2,25329.414,38996.105
840.843,99.2,25329.414,38996.105
841.861,100.2,25329.414,38996.105
842.879,99.2,25329.414,38996.105
843.896,101.2,25329.414,38996.105
844.914,100.2,25329.414,38996.105
845.932,99.2,25329.414,38996.105
846.95,99.2,25329.414,38996.105
847.968,101.2,25329.414,38996.105
848.986,100.2,25329.414,38996.105
850.004,99.2,25331.504,38996.105
851.024,101.0,25370.164,38996.105
852.043,99.1,25370.164,38996.105
853.061,100.2,25370.164,38996.105
854.079,100.3,25370.164,38996.105
855.097,99.2,25370.164,38996.105
856.114,100.2,25370.164,38996.105
857.132,100.2,25370.164,38996.105
858.15,100.2,25370.164,38996.105
859.168,99.2,25370.164,38996.105
860.185,100.2,25370.164,38996.105
861.203,100.2,25370.164,38996.105
862.221,99.2,25370.164,38996.105
863.238,101.2,25370.164,38996.105
864.256,99.2,25370.164,38996.105
865.274,100.2,25370.164,38996.105
866.292,99.2,25370.164,38996.105
867.309,100.2,25370.164,38996.105
868.327,100.2,25370.164,38996.105
869.345,100.2,25370.164,38996.105
870.363,100.2,25370.164,38996.105
871.381,99.2,25370.164,38996.105
872.398,100.2,25370.164,38996.105
873.416,100.2,25370.164,38996.105
874.434,100.2,25370.164,38996.105
875.452,99.2,25370.164,38996.105
876.469,101.2,25370.164,38996.105
877.487,99.2,25370.164,38996.105
878.505,100.2,25370.164,38996.105
879.523,99.2,25370.164,38996.105
880.541,100.2,25370.164,38996.105
881.558,100.2,25370.164,38996.105
882.576,100.2,25370.164,38996.105
883.594,100.2,25370.164,38996.105
884.612,99.2,25370.164,38996.105
885.629,100.2,25370.164,38996.105
886.647,100.2,25370.164,38996.105
887.665,99.2,25370.164,38996.105
888.683,101.2,25370.164,38996.105
889.7,99.2,25370.164,38996.105
890.718,100.2,25370.164,38996.105
891.736,100.2,25370.164,38996.105
892.753,99.3,25370.164,38996.105
893.77,100.2,25370.164,38996.105
894.788,99.2,25370.164,38996.105
895.806,100.2,25370.164,38996.105
896.824,101.2,25370.164,38996.105
897.841,99.2,25370.164,38996.105
898.859,100.2,25370.164,38996.105
899.877,100.2,25370.164,38996.105
900.895,99.2,25370.164,38996.105
901.912,101.2,25370.164,38996.105
902.93,99.2,25370.164,38996.105
903.948,100.2,25370.164,38996.105
904.966,99.2,25370.164,38996.105
905.984,100.2,25393.547,38996.105
907.004,100.0,25394.027,38996.105
908.022,100.2,25394.027,38996.105
909.039,100.2,25394.027,38996.105
910.057,99.2,25394.027,38996.105
911.075,100.2,25394.027,38996.105
912.093,100.2,25394.027,38996.105
913.11,99.2,25394.027,38996.105
914.128,101.2,25394.027,38996.105
915.146,99.2,25394.027,38996.105
916.164,100.2,25394.027,38996.105
917.181,99.2,25394.027,38996.105
918.199,100.2,25394.027,38996.105
919.217,100.2,25394.027,38996.105
920.235,100.2,25394.027,38996.105
921.252,100.2,25394.027,38996.105
922.27,99.2,25394.027,38996.105
923.288,100.2,25394.027,38996.105
924.306,100.2,25394.027,38996.105
925.323,100.2,25394.027,38996.105
926.341,100.2,25394.027,38996.105
927.359,99.2,25394.027,38996.105
928.376,99.2,25394.027,38996.105
929.394,101.2,25394.027,38996.105
930.412,99.2,25394.027,38996.105
931.43,100.2,25394.027,38996.105
932.447,99.2,25394.027,38996.105
933.465,101.2,25394.027,38996.105
934.483,99.2,25394.027,38996.105
935.5,100.2,25394.027,38996.105
936.518,100.2,25394.027,38996.105
937.536,99.2,25394.027,38996.105
938.554,101.2,25394.027,38996.105
939.571,99.2,25394.027,38996.105
940.589,100.2,25394.027,38996.105
941.607,99.2,25429.441,38996.105
942.627,100.0,25429.453,38996.105
943.644,100.2,25429.453,38996.105
944.662,100.2,25429.453,38996.105
945.681,100.2,25429.453,38996.105
946.698,99.2,25429.453,38996.105
947.717,101.2,25429.453,38996.105
948.735,99.2,25429.453,38996.105
949.751,100.3,25429.453,38996.105
950.769,99.3,25429.453,38996.105
951.787,100.2,25429.453,38996.105
952.805,100.2,25429.453,38996.105
953.822,100.2,25429.453,38996.105
954.84,99.2,25429.453,38996.105
955.859,100.2,25429.453,38996.105
956.876,100.2,25429.453,38996.105
957.894,99.2,25429.453,38996.105
958.912,101.2,25429.453,38996.105
959.93,100.2,25429.453,38996.105
960.948,99.2,25429.453,38996.105
961.968,100.0,25429.453,38996.105
962.988,100.0,25429.453,38996.105
964.007,100.1,25429.453,38996.105
965.025,100.2,25429.453,38996.105
966.044,99.1,25429.453,38996.105
967.062,100.2,25429.453,38996.105
968.08,100.2,25429.453,38996.105
969.098,100.2,25429.453,38996.105
970.116,100.2,25429.453,38996.105
971.134,100.2,25429.453,38996.105
972.152,99.2,25429.453,38996.105
973.17,100.2,25429.453,38996.105
974.188,99.2,25429.453,38996.105
975.206,101.2,25429.453,38996.105
976.224,99.2,25429.453,38996.105
977.242,100.2,25429.453,38996.105
978.26,100.2,25429.453,38996.105
979.278,100.2,25429.453,38996.105
980.296,99.2,25456.086,38996.105
981.315,100.0,25456.156,38996.105
982.333,100.2,25456.156,38996.105
983.351,99.2,25456.156,38996.105
984.369,101.2,25456.156,38996.105
985.387,99.2,25456.156,38996.105
986.405,100.2,25456.156,38996.105
987.423,100.2,25456.156,38996.105
988.441,99.2,25456.156,38996.105
989.46,101.2,25456.156,38996.105
990.478,99.2,25456.156,38996.105
991.496,100.2,25456.156,38996.105
992.514,99.2,25456.156,38996.105
993.531,101.2,25456.156,38996.105
994.549,99.2,25456.156,38996.105
995.567,100.2,25456.156,38996.105
996.587,100.1,25456.156,38996.105
997.605,100.1,25456.156,38996.105
998.625,100.0,25456.156,38996.105
999.644,100.1,25456.156,38996.105
1000.662,100.2,25456.156,38996.105
1001.68,99.2,25456.156,38996.105
1002.698,100.2,25456.156,38996.105
1003.716,100.2,25456.156,38996.105
1004.734,99.2,25456.156,38996.105
1005.751,101.2,25456.156,38996.105
1006.769,99.2,25456.156,38996.105
1007.787,100.2,25456.156,38996.105
1008.805,99.2,25456.156,38996.105
1009.823,101.2,25456.156,38996.105
1010.841,99.3,25456.156,38996.105
1011.858,100.2,25456.156,38996.105
1012.876,100.2,25456.156,38996.105
1013.894,100.2,25474.094,38996.105
1014.914,99.0,25474.152,38996.105
1015.931,99.2,25474.152,38996.105
1016.949,100.2,25474.152,38996.105
1017.967,100.2,25474.152,38996.105
1018.985,100.2,25474.152,38996.105
1020.003,99.2,25474.152,38996.105
1021.021,100.2,25474.152,38996.105
1022.039,100.2,25474.152,38996.105
1023.057,100.2,25474.152,38996.105
1024.075,99.2,25474.152,38996.105
1025.093,100.2,25474.152,38996.105
1026.112,100.1,25474.152,38996.105
1027.129,100.2,25474.152,38996.105
1028.147,99.2,25474.152,38996.105
1029.165,100.2,25474.152,38996.105
1030.185,100.1,25474.152,38996.105
1031.203,100.1,25474.152,38996.105
1032.223,100.0,25474.152,38996.105
1033.243,100.1,25474.152,38996.105
1034.26,100.2,25474.152,38996.105
1035.279,99.2,25474.152,38996.105
1036.297,101.2,25474.152,38996.105
1037.314,99.2,25474.152,38996.105
1038.332,100.2,25474.152,38996.105
1039.35,99.2,25474.152,38996.105
1040.368,101.2,25474.152,38996.105
1041.386,99.3,25474.152,38996.105
1042.403,100.2,25474.668,38996.105
1043.423,100.0,25474.668,38996.105
1044.441,99.2,25474.668,38996.105
1045.459,101.2,25474.668,38996.105
1046.477,99.2,25474.668,38996.105
1047.495,99.2,25474.668,38996.105
1048.512,101.2,25474.668,38996.105
1049.53,99.2,25474.668,38996.105
1050.548,100.2,25474.668,38996.105
1051.566,100.2,25474.668,38996.105
1052.584,100.2,25474.668,38996.105
1053.602,99.2,25474.668,38996.105
1054.62,100.2,25474.668,38996.105
1055.638,100.2,25474.668,38996.105
1056.656,100.2,25474.668,38996.105
1057.674,99.2,25474.668,38996.105
1058.692,100.2,25474.668,38996.105
1059.71,100.2,25474.668,38996.105
1060.728,100.2,25474.668,38996.105
1061.745,99.3,25474.668,38996.105
1062.763,100.2,25474.668,38996.105
1063.781,100.2,25474.668,38996.105
1064.799,99.2,25474.668,38996.105
1065.817,101.2,25474.668,38996.105
1066.835,100.2,25474.668,38996.105
1067.853,99.2,25474.668,38996.105
1068.872,100.1,25474.668,38996.105
1069.891,100.0,25474.668,38996.105
1070.909,100.2,25474.668,38996.105
1071.928,100.1,25474.668,38996.105
1072.946,100.2,25474.668,38996.105
1073.964,99.2,25474.668,38996.105
1074.982,100.2,25474.168,38995.605
1076.002,11.8,25493.109,39136.543
1077.023,29.4,25514.305,39502.523
1078.044,0.0,25512.66,39585.566
1079.067,0.0,25507.078,39480.465
1080.09,0.0,25507.078,39480.465
1081.11,0.0,25532.656,47737.855
1082.129,101.3,25621.43,50102.98
1083.15,0.0,25557.43,47738.488
1084.182,101.3,25632.562,50118.387
1085.196,0.0,25529.695,47742.816
1086.234,101.3,25595.969,50148.352
1087.255,1.0,25553.137,47750.82
1088.274,101.3,25648.691,50152.547
1089.295,0.0,25552.656,47782.965
1090.316,101.3,25641.582,50164.688
1091.337,0.0,25553.051,47785.27
1092.358,101.3,25615.668,50227.91
1093.38,0.0,25548.344,47733.137
1094.401,101.3,25643.891,50257.145
1095.423,0.0,25554.316,47772.914
1096.444,101.3,25635.52,50260.074
1097.465,0.0,25566.215,47790.34
1098.486,101.3,25676.277,50280.996
1099.507,0.0,25560.336,47807.602
1100.529,101.3,25635.223,50335.805
1101.55,0.0,25567.156,47819.902
1102.571,101.3,25646.07,50342.027
1103.593,0.0,25577.469,49154.203
1104.614,101.3,25653.902,50254.238
1105.637,0.0,25602.836,50012.855
1106.66,101.3,25506.527,39375.094
1107.682,0.0,25622.184,50020.625
1108.702,0.0,25512.477,39499.066
1109.724,101.3,25612.074,50085.34
1110.739,1.0,25545.465,47738.488
1111.769,101.3,25634.895,50148.484
1112.791,0.0,25544.379,47749.953
1113.809,101.3,25634.395,50149.266
1114.83,0.0,25539.668,47753.41
1115.85,101.3,25628.664,50152.297
1116.872,0.0,25547.004,47781.109
1117.894,101.3,25634.477,50152.547
1118.915,0.0,25551.238,47779.922
1119.93,101.3,25627.898,50152.926
1120.952,0.0,25561.898,47784.27
1121.974,101.3,25659.641,50201.594
1122.996,1.0,25553.988,47703.043
1124.018,101.3,25634.57,50237.062
1125.04,0.0,25544.715,47731.141
1126.063,101.3,25633.633,50241.695
1127.086,0.0,25542.449,47740.469
1128.108,101.3,25638.395,50258.137
1129.13,0.0,25559.504,47776.93
1130.152,101.3,25636.316,50260.777
1131.173,0.0,25554.5,47796.906
1132.196,101.3,25660.461,50261.508
1133.218,0.0,25560.836,47790.211
1134.24,101.3,25637.395,50302.523
1135.262,0.0,25574.684,47814.137
1136.284,101.3,25662.16,50332.562
1137.306,27.4,0.0,0.0
1138.328,99.8,0.0,0.0
