Elapsed_time,CPU,Real_MB,Virtual_MB
1.011,101.3,128.004,9450.418
2.028,97.4,207.941,9531.41
3.048,94.1,227.855,9551.754
4.067,93.2,312.145,9637.152
5.087,88.2,337.121,9668.508
6.106,86.3,360.328,9694.508
7.126,84.3,364.328,9763.125
8.147,75.5,370.887,9771.18
9.167,70.6,375.055,9780.539
10.187,84.3,375.055,9780.539
11.206,74.5,428.594,9833.672
12.226,72.6,471.391,9876.707
13.245,90.3,532.547,9938.023
14.264,100.1,561.09,9967.016
15.284,99.0,561.09,9967.016
16.304,100.0,580.262,9986.344
17.324,99.0,580.262,9986.344
18.343,100.0,580.262,9986.344
19.363,100.0,580.262,9986.344
20.383,100.0,580.262,9986.344
21.403,99.0,597.918,12384.73
22.423,100.0,769.91,12384.73
23.443,100.0,772.891,12466.73
24.463,100.0,782.172,12699.73
25.483,101.0,791.453,12941.73
26.503,100.0,814.141,13519.73
27.523,99.0,853.07,14517.73
28.543,101.0,893.805,15560.73
29.563,101.3,1482.703,23882.531
30.586,101.3,8714.996,23882.531
31.606,101.3,5349.43,17140.887
32.626,100.0,6430.438,18221.887
33.646,100.0,7728.781,19519.887
34.666,100.0,9116.488,20908.516
35.686,99.0,9299.105,21097.77
36.706,100.0,9619.75,25276.617
37.726,101.0,11777.75,25276.617
38.746,99.0,13499.984,25276.617
39.766,101.0,13695.773,25872.832
40.786,99.0,14101.961,25872.832
41.806,100.0,9938.691,21891.719
42.826,100.0,10515.023,22361.426
43.846,100.9,11046.379,22813.043
44.866,99.0,11770.871,23535.629
45.886,100.0,11825.125,23580.527
46.906,101.0,11845.488,23580.527
47.926,100.0,11866.359,23580.527
48.946,100.0,10582.414,22279.816
49.966,100.0,10582.414,22279.816
50.986,100.0,10601.473,22279.816
52.006,100.0,10622.871,22279.816
53.026,100.0,10644.012,22279.816
54.045,101.0,10909.816,22530.809
55.065,99.0,10941.988,22541.332
56.085,100.0,10934.613,22531.328
57.105,100.0,10934.719,22531.328
58.125,101.0,11152.098,22776.539
59.145,100.0,11497.75,23094.625
60.165,99.0,11863.191,23477.152
61.185,101.0,11841.074,23435.547
62.205,100.0,11855.508,23435.547
63.225,99.0,11873.512,23435.547
64.245,101.0,12036.562,23596.484
65.265,100.0,12248.309,23714.719
66.285,100.0,12227.344,23661.773
67.305,100.0,12673.289,24051.477
68.324,100.0,12385.684,23724.387
69.345,100.0,11017.156,22336.812
70.364,100.0,11159.023,22478.531
71.384,100.0,11441.141,22803.961
72.404,100.0,11322.199,22631.195
73.424,100.0,11530.777,22839.594
74.444,100.0,11640.719,22935.82
75.464,100.0,11367.09,22626.324
76.483,100.0,11250.203,22509.086
77.503,100.0,11668.812,22927.867
78.523,101.0,11495.363,22726.465
79.543,99.0,11890.469,23131.879
80.563,101.0,12429.141,23603.352
81.583,99.0,11945.438,23109.105
82.603,100.0,12122.383,23286.051
83.623,100.0,12112.023,23248.684
84.642,100.0,12194.652,23323.039
85.662,100.0,12906.305,24025.648
86.682,100.0,12371.406,23399.164
87.702,100.0,12596.453,23624.531
88.722,101.0,13020.32,24001.367
89.742,99.0,12656.496,23630.324
90.762,100.0,12656.734,23630.324
91.782,100.0,11895.152,22868.73
92.801,100.0,11895.152,22868.73
93.821,101.0,11895.152,22868.73
94.841,100.0,11895.152,22868.73
95.861,100.0,11895.152,22868.73
96.881,100.0,11895.152,22868.73
97.901,100.0,11895.152,22868.73
98.921,100.0,11895.156,22868.73
99.941,100.0,11895.156,22868.73
100.961,100.0,11895.156,22868.73
101.981,100.0,11895.156,22868.73
103.001,100.0,11895.156,22868.73
104.021,100.0,11895.156,22868.73
105.041,100.0,11895.156,22868.73
106.061,99.0,11895.156,22868.73
107.081,101.0,11895.156,22868.73
108.101,100.0,11895.156,22868.73
109.121,100.0,11895.156,22868.73
110.14,100.0,11895.156,22868.73
111.16,100.0,11895.156,22868.73
112.18,100.0,11895.156,22868.73
113.2,100.0,11895.156,22868.73
114.22,100.0,11895.156,22868.73
115.24,100.1,11895.156,22868.73
116.259,100.0,11895.156,22868.73
117.279,100.0,11895.156,22868.73
118.299,100.0,11895.156,22868.73
119.319,100.0,11895.156,22868.73
120.339,100.0,11895.156,22868.73
121.358,101.0,11895.156,22868.73
122.379,100.0,11895.156,22868.73
123.399,100.0,11895.156,22868.73
124.418,100.0,11895.156,22868.73
125.438,100.0,11895.156,22868.73
126.458,100.0,11895.156,22868.73
127.478,100.0,11895.156,22868.73
128.498,100.0,11895.156,22868.73
129.518,100.0,11895.156,22868.73
130.537,100.0,11895.156,22868.73
131.557,100.0,11895.156,22868.73
132.577,100.0,11895.156,22868.73
133.597,100.0,11895.156,22868.73
134.617,100.0,11895.156,22868.73
135.637,100.0,11895.156,22868.73
136.657,100.0,11895.156,22868.73
137.677,100.0,11895.156,22868.73
138.696,100.0,11895.156,22868.73
139.716,100.0,11895.156,22868.73
140.736,100.0,11895.156,22868.73
141.756,100.0,11895.156,22868.73
142.775,100.0,11895.156,22868.73
143.795,100.0,11895.156,22868.73
144.815,100.0,11895.156,22868.73
145.835,101.0,11895.156,22868.73
146.855,100.0,11895.156,22868.73
147.875,100.0,11895.156,22868.73
148.894,100.1,11895.156,22868.73
149.913,100.0,11895.156,22868.73
150.933,100.0,11895.156,22868.73
151.953,99.0,11895.156,22868.73
152.973,100.0,11895.156,22868.73
153.993,100.0,11895.156,22868.73
155.013,100.0,11895.156,22868.73
156.032,100.0,11895.156,22868.73
157.053,100.9,11895.156,22868.73
158.073,99.0,11895.156,22868.73
159.092,101.0,11895.156,22868.73
160.112,99.0,11895.156,22868.73
161.132,101.0,11895.156,22868.73
162.152,100.0,11895.156,22868.73
163.172,100.0,11895.156,22868.73
164.192,100.0,11895.156,22868.73
165.212,100.0,11895.156,22868.73
166.231,100.0,11895.156,22868.73
167.25,100.1,11895.156,22868.73
168.27,100.0,11895.156,22868.73
169.29,100.0,11895.156,22868.73
170.31,100.0,11895.156,22868.73
171.329,100.0,11895.156,22868.73
172.349,100.0,11895.156,22868.73
173.369,100.0,11895.156,22868.73
174.389,100.0,11895.156,22868.73
175.409,100.0,11895.156,22868.73
176.429,100.0,11895.156,22868.73
177.449,100.0,11895.156,22868.73
178.468,100.0,11895.156,22868.73
179.488,100.0,11895.156,22868.73
180.508,100.0,11895.156,22868.73
181.528,100.0,11895.156,22868.73
182.548,100.0,11895.156,22868.73
183.568,100.0,11895.156,22868.73
184.587,100.0,11895.156,22868.73
185.607,100.0,11895.156,22868.73
186.627,100.0,11895.156,22868.73
187.647,100.0,11895.156,22868.73
188.667,101.0,11895.156,22868.73
189.687,99.0,11895.156,22868.73
190.707,100.0,11895.156,22868.73
191.727,101.0,11895.156,22868.73
192.747,100.0,11895.156,22868.73
193.767,100.0,11895.156,22868.73
194.786,100.0,11895.156,22868.73
195.806,100.0,11895.156,22868.73
196.826,100.0,11895.156,22868.73
197.846,100.0,11895.156,22868.73
198.866,100.0,11895.156,22868.73
199.886,100.0,11895.156,22868.73
200.906,100.0,11895.156,22868.73
201.926,100.0,11895.156,22868.73
202.946,100.0,11895.156,22868.73
203.965,100.0,11895.156,22868.73
204.985,100.0,11895.156,22868.73
206.005,101.0,11895.156,22868.73
207.025,100.0,11895.156,22868.73
208.045,100.0,11895.156,22868.73
209.065,100.0,11895.156,22868.73
210.085,99.0,11895.156,22868.73
211.105,100.0,11895.156,22868.73
212.125,100.0,11895.156,22868.73
213.145,100.0,11895.156,22868.73
214.164,100.0,11895.156,22868.73
215.184,100.0,11895.156,22868.73
216.204,100.0,11895.156,22868.73
217.224,101.0,11895.156,22868.73
218.243,100.1,11895.156,22868.73
219.263,100.0,11895.156,22868.73
220.283,100.0,11895.156,22868.73
221.303,100.0,11895.156,22868.73
222.323,100.0,11895.156,22868.73
223.343,100.0,11895.156,22868.73
224.363,100.0,11895.156,22868.73
225.383,100.0,11895.156,22868.73
226.402,100.0,11895.156,22868.73
227.422,100.0,11895.156,22868.73
228.442,100.0,11895.156,22868.73
229.462,101.0,11895.156,22868.73
230.482,99.0,11895.156,22868.73
231.502,100.0,11895.156,22868.73
232.522,100.0,11895.156,22868.73
233.542,100.0,11895.156,22868.73
234.562,100.0,11895.156,22868.73
235.582,100.0,11895.156,22868.73
236.602,100.0,11895.156,22868.73
237.622,100.0,11895.156,22868.73
238.641,100.0,11895.156,22868.73
239.661,100.0,11895.156,22868.73
240.681,100.0,11895.156,22868.73
241.701,101.0,11895.156,22868.73
242.721,100.0,11895.156,22868.73
243.741,100.0,11895.156,22868.73
244.761,99.0,11895.156,22868.73
245.781,100.0,11895.156,22868.73
246.801,101.0,11895.156,22868.73
247.821,100.0,11895.156,22868.73
248.841,100.0,11895.156,22868.73
249.861,100.0,11895.156,22868.73
250.881,100.0,11895.156,22868.73
251.901,101.0,11895.156,22868.73
252.921,100.0,11895.156,22868.73
253.941,100.0,11895.156,22868.73
254.961,100.0,11895.156,22868.73
255.981,100.0,11895.156,22868.73
257.0,100.0,11895.156,22868.73
258.02,100.0,11895.156,22868.73
259.04,100.0,11895.156,22868.73
260.06,100.0,11895.156,22868.73
261.08,100.0,11895.156,22868.73
262.1,100.0,11895.156,22868.73
263.12,100.0,11895.156,22868.73
264.14,100.0,11895.156,22868.73
265.159,100.0,11895.156,22868.73
266.179,100.0,11895.156,22868.73
267.199,100.0,11895.156,22868.73
268.219,100.0,11895.156,22868.73
269.239,100.0,11895.156,22868.73
270.259,100.0,11895.156,22868.73
271.279,100.0,11895.156,22868.73
272.298,100.0,11895.156,22868.73
273.318,100.0,11895.156,22868.73
274.338,100.0,11895.156,22868.73
275.358,100.0,11895.156,22868.73
276.378,100.0,11895.156,22868.73
277.398,100.0,11895.156,22868.73
278.418,100.0,11895.156,22868.73
279.438,100.0,11895.156,22868.73
280.458,100.0,11895.156,22868.73
281.478,100.0,11895.156,22868.73
282.498,101.0,11895.156,22868.73
283.518,100.0,11895.156,22868.73
284.537,99.0,11895.156,22868.73
285.557,101.0,11895.156,22868.73
286.577,100.0,11895.156,22868.73
287.597,100.0,11895.156,22868.73
288.617,100.0,11895.156,22868.73
289.637,100.0,11895.156,22868.73
290.657,100.0,11895.156,22868.73
291.677,100.0,11895.156,22868.73
292.697,100.0,11895.156,22868.73
293.717,100.0,11895.156,22868.73
294.737,100.0,11895.156,22868.73
295.756,100.0,11895.156,22868.73
296.776,100.0,11895.156,22868.73
297.796,100.0,11895.156,22868.73
298.816,100.0,11895.156,22868.73
299.836,100.0,11895.156,22868.73
300.856,100.0,11895.156,22868.73
301.876,100.0,11895.156,22868.73
302.896,100.0,11895.156,22868.73
303.915,100.0,11895.156,22868.73
304.936,100.0,11895.156,22868.73
305.956,101.0,11895.156,22868.73
306.976,100.0,11895.156,22868.73
307.996,99.0,11895.156,22868.73
309.015,100.0,11895.156,22868.73
310.035,101.0,11895.156,22868.73
311.055,100.0,11895.156,22868.73
312.075,100.0,11895.156,22868.73
313.095,100.0,11895.156,22868.73
314.115,100.0,11895.156,22868.73
315.135,100.0,11895.156,22868.73
316.154,100.0,11895.156,22868.73
317.174,100.0,11895.156,22868.73
318.194,100.0,11895.156,22868.73
319.214,101.0,11895.156,22868.73
320.234,100.0,11895.156,22868.73
321.253,100.1,11895.156,22868.73
322.273,99.0,11895.156,22868.73
323.292,101.0,11895.156,22868.73
324.312,100.0,11895.156,22868.73
325.332,100.0,11895.156,22868.73
326.352,100.0,11895.156,22868.73
327.372,100.0,11895.156,22868.73
328.392,100.0,11895.156,22868.73
329.411,100.0,11895.156,22868.73
330.431,100.0,11895.156,22868.73
331.451,101.0,11895.156,22868.73
332.471,100.0,11895.156,22868.73
333.491,100.0,11895.156,22868.73
334.511,100.0,11895.156,22868.73
335.531,100.0,11895.156,22868.73
336.551,100.0,11895.156,22868.73
337.57,100.0,11895.156,22868.73
338.59,100.0,11895.156,22868.73
339.61,100.0,11895.156,22868.73
340.63,100.0,11895.156,22868.73
341.65,100.0,11895.156,22868.73
342.67,100.0,11895.156,22868.73
343.69,100.0,11895.156,22868.73
344.71,100.0,11895.156,22868.73
345.729,100.0,11895.156,22868.73
346.749,100.0,11895.156,22868.73
347.769,100.0,11895.156,22868.73
348.789,100.0,11895.156,22868.73
349.809,100.0,11895.156,22868.73
350.829,100.0,11895.156,22868.73
351.849,100.0,11895.156,22868.73
352.869,100.0,11895.156,22868.73
353.889,100.0,11895.156,22868.73
354.909,100.0,11895.156,22868.73
355.929,100.0,11895.156,22868.73
356.948,100.0,11895.156,22868.73
357.968,100.0,11895.156,22868.73
358.987,100.1,11895.156,22868.73
360.007,100.0,11895.156,22868.73
361.027,101.0,11895.156,22868.73
362.047,100.0,11895.156,22868.73
363.067,100.0,11895.156,22868.73
364.087,100.0,11895.156,22868.73
365.107,99.9,11895.156,22868.73
366.127,100.0,11895.156,22868.73
367.147,100.0,11895.156,22868.73
368.167,100.0,11895.156,22868.73
369.186,100.0,11895.156,22868.73
370.206,100.0,11895.156,22868.73
371.226,100.0,11895.156,22868.73
372.245,100.1,11895.156,22868.73
373.265,100.0,11895.156,22868.73
374.285,100.0,11895.156,22868.73
375.304,100.0,11895.156,22868.73
376.324,100.0,11895.156,22868.73
377.344,100.0,11895.156,22868.73
378.364,100.0,11895.156,22868.73
379.383,100.0,11895.156,22868.73
380.403,100.0,11895.156,22868.73
381.423,100.0,11895.156,22868.73
382.443,100.0,11895.156,22868.73
383.463,100.0,11895.156,22868.73
384.483,100.0,11895.156,22868.73
385.503,100.0,11895.156,22868.73
386.523,100.0,11895.156,22868.73
387.542,100.0,11895.156,22868.73
388.562,100.0,11895.156,22868.73
389.582,101.0,11895.156,22868.73
390.602,100.0,11895.156,22868.73
391.622,100.0,11895.156,22868.73
392.642,100.0,11895.156,22868.73
393.662,100.0,11895.156,22868.73
394.682,100.0,11895.156,22868.73
395.702,100.0,11895.156,22868.73
396.721,100.0,11895.156,22868.73
397.741,100.0,11895.156,22868.73
398.761,100.0,11895.156,22868.73
399.781,100.0,11895.156,22868.73
400.801,100.0,11895.156,22868.73
401.821,100.0,11895.156,22868.73
402.841,100.0,11895.156,22868.73
403.861,100.0,11895.156,22868.73
404.881,100.0,11895.156,22868.73
405.901,101.0,11895.156,22868.73
406.921,100.0,11895.156,22868.73
407.941,100.0,11895.156,22868.73
408.96,100.0,11895.156,22868.73
409.98,100.0,11895.156,22868.73
411.0,100.0,11895.156,22868.73
412.02,100.0,11895.156,22868.73
413.04,100.0,11895.156,22868.73
414.06,100.0,11895.156,22868.73
415.08,100.0,11895.156,22868.73
416.1,100.0,11895.156,22868.73
417.12,100.0,11895.156,22868.73
418.14,100.0,11895.156,22868.73
419.16,100.0,11895.156,22868.73
420.18,100.0,11895.156,22868.73
421.2,101.0,11895.156,22868.73
422.22,99.0,11895.156,22868.73
423.239,101.0,11895.156,22868.73
424.259,100.0,11895.156,22868.73
425.28,100.0,11895.156,22868.73
426.3,100.0,11895.156,22868.73
427.32,100.0,11895.156,22868.73
428.339,100.0,11895.156,22868.73
429.359,100.0,11895.156,22868.73
430.379,100.0,11895.156,22868.73
431.399,101.0,11895.156,22868.73
432.419,99.0,11895.156,22868.73
433.439,100.0,11895.156,22868.73
434.459,101.0,11895.156,22868.73
435.479,99.0,11895.156,22868.73
436.499,100.0,11895.156,22868.73
437.519,101.0,11895.156,22868.73
438.539,100.0,11895.156,22868.73
439.559,100.0,11895.156,22868.73
440.579,100.0,11895.156,22868.73
441.599,100.0,11895.156,22868.73
442.619,100.0,11895.156,22868.73
443.639,100.0,11895.156,22868.73
444.659,100.0,11895.156,22868.73
445.679,100.0,11895.156,22868.73
446.698,101.0,11895.156,22868.73
447.718,100.0,11895.156,22868.73
448.738,100.0,11895.156,22868.73
449.758,100.0,11895.156,22868.73
450.778,100.0,11895.156,22868.73
451.798,100.0,11895.156,22868.73
452.818,100.0,11895.156,22868.73
453.838,100.0,11895.156,22868.73
454.858,100.0,11895.156,22868.73
455.877,100.0,11895.156,22868.73
456.897,100.0,11895.156,22868.73
457.917,100.0,11895.156,22868.73
458.937,100.0,11895.156,22868.73
459.957,100.0,11895.156,22868.73
460.977,100.0,11895.156,22868.73
461.997,100.0,11895.156,22868.73
463.017,100.0,11895.156,22868.73
464.037,100.0,11895.156,22868.73
465.057,100.0,11895.156,22868.73
466.076,100.0,11895.156,22868.73
467.096,100.0,11895.156,22868.73
468.116,100.0,11895.156,22868.73
469.136,100.0,11895.156,22868.73
470.156,100.0,11895.156,22868.73
471.176,100.0,11895.156,22868.73
472.196,100.0,11895.156,22868.73
473.216,100.0,11895.156,22868.73
474.235,101.0,11895.156,22868.73
475.254,99.1,11895.156,22868.73
476.274,100.0,11895.156,22868.73
477.294,101.0,11895.156,22868.73
478.314,100.0,11895.156,22868.73
479.334,100.0,11895.156,22868.73
480.354,100.0,11895.156,22868.73
481.374,100.0,11895.156,22868.73
482.393,100.0,11895.184,22868.73
483.413,100.0,11895.184,22868.73
484.433,100.0,11895.184,22868.73
485.454,99.9,11895.184,22868.73
486.474,100.0,11895.184,22868.73
487.494,100.0,11895.184,22868.73
488.514,101.0,11895.184,22868.73
489.534,100.0,11895.184,22868.73
490.554,100.0,11895.184,22868.73
491.574,100.0,11895.184,22868.73
492.593,100.0,11895.184,22868.73
493.613,99.0,11895.184,22868.73
494.633,101.0,11895.184,22868.73
495.653,100.0,11895.184,22868.73
496.673,100.0,11895.184,22868.73
497.693,100.0,11895.184,22868.73
498.713,100.0,11895.184,22868.73
499.733,100.0,11895.184,22868.73
500.753,100.0,11895.184,22868.73
501.773,100.0,11895.184,22868.73
502.792,101.0,11895.184,22868.73
503.812,100.0,11895.184,22868.73
504.832,100.0,11895.184,22868.73
505.852,100.0,11895.184,22868.73
506.872,100.0,11895.184,22868.73
507.892,100.0,11895.184,22868.73
508.912,100.0,11895.184,22868.73
509.931,100.0,11895.184,22868.73
510.951,100.0,11895.184,22868.73
511.971,100.0,11895.184,22868.73
512.991,100.0,11895.184,22868.73
514.011,100.0,11895.184,22868.73
515.031,100.0,11895.184,22868.73
516.051,100.0,11895.184,22868.73
517.071,100.0,11895.184,22868.73
518.091,100.0,11895.184,22868.73
519.111,101.0,11895.184,22868.73
520.13,99.0,11895.184,22868.73
521.15,100.0,11895.184,22868.73
522.17,100.0,11895.184,22868.73
523.19,100.0,11895.184,22868.73
524.21,100.0,11895.184,22868.73
525.23,100.0,11895.184,22868.73
526.248,101.1,11895.184,22868.73
527.268,100.0,11895.184,22868.73
528.288,99.0,11895.184,22868.73
529.308,101.0,11895.184,22868.73
530.328,100.0,11895.184,22868.73
531.348,99.0,11895.184,22868.73
532.368,100.0,11895.184,22868.73
533.388,101.0,11895.184,22868.73
534.408,100.0,11895.184,22868.73
535.428,100.0,11895.184,22868.73
536.448,100.0,11895.184,22868.73
537.468,100.0,11895.184,22868.73
538.488,100.0,11895.184,22868.73
539.507,100.0,11895.184,22868.73
540.527,100.0,11895.184,22868.73
541.547,100.0,11895.184,22868.73
542.567,100.0,11895.184,22868.73
543.587,100.0,11895.184,22868.73
544.607,100.0,11895.184,22868.73
545.628,101.0,11895.184,22868.73
546.647,99.0,11895.184,22868.73
547.667,100.0,11895.184,22868.73
548.687,100.0,11895.184,22868.73
549.707,100.0,11895.184,22868.73
550.727,100.0,11895.184,22868.73
551.747,100.0,11895.184,22868.73
552.767,100.0,11895.184,22868.73
553.787,101.0,11895.184,22868.73
554.807,100.0,11895.184,22868.73
555.827,100.0,11895.184,22868.73
556.846,100.0,11895.184,22868.73
557.866,100.0,11895.184,22868.73
558.886,100.0,11895.184,22868.73
559.906,100.0,11895.184,22868.73
560.926,100.0,11895.184,22868.73
561.946,100.0,11895.184,22868.73
562.965,100.0,11895.184,22868.73
563.985,100.0,11895.184,22868.73
565.005,99.0,11895.184,22868.73
566.025,100.0,11895.184,22868.73
567.045,100.0,11895.184,22868.73
568.065,100.0,11895.184,22868.73
569.084,100.0,11895.184,22868.73
570.104,101.0,11895.184,22868.73
571.124,100.0,11895.184,22868.73
572.144,100.0,11895.184,22868.73
573.164,100.0,11895.184,22868.73
574.184,100.0,11895.184,22868.73
575.204,100.0,11895.184,22868.73
576.224,100.0,11895.184,22868.73
577.243,100.1,11895.184,22868.73
578.263,100.0,11895.184,22868.73
579.283,101.0,11895.184,22868.73
580.303,100.0,11895.184,22868.73
581.323,100.0,11895.184,22868.73
582.343,100.0,11895.184,22868.73
583.363,99.0,11895.184,22868.73
584.382,101.0,11895.184,22868.73
585.402,99.0,11895.184,22868.73
586.422,100.0,11895.184,22868.73
587.442,100.0,11895.184,22868.73
588.462,100.0,11895.184,22868.73
589.482,101.0,11895.184,22868.73
590.502,100.0,11895.184,22868.73
591.522,100.0,11895.184,22868.73
592.542,99.0,11895.184,22868.73
593.562,100.0,11895.184,22868.73
594.582,100.0,11895.184,22868.73
595.602,101.0,11895.184,22868.73
596.622,100.0,11895.184,22868.73
597.642,100.0,11895.184,22868.73
598.661,99.0,11895.184,22868.73
599.681,101.0,11895.184,22868.73
600.701,100.0,11895.184,22868.73
601.721,100.0,11895.184,22868.73
602.741,100.0,11895.184,22868.73
603.761,100.0,11895.184,22868.73
604.781,101.0,11895.184,22868.73
605.801,99.9,11895.184,22868.73
606.822,100.0,11895.184,22868.73
607.841,100.0,11895.184,22868.73
608.861,99.0,11895.184,22868.73
609.881,101.0,11895.184,22868.73
610.901,99.0,11895.184,22868.73
611.921,100.0,11895.184,22868.73
612.941,101.0,11895.184,22868.73
613.961,100.0,11895.184,22868.73
614.981,100.0,11895.184,22868.73
616.0,100.0,11895.184,22868.73
617.02,100.0,11895.184,22868.73
618.04,100.0,11895.184,22868.73
619.06,100.0,11895.184,22868.73
620.08,100.0,11895.184,22868.73
621.1,100.0,11895.184,22868.73
622.12,100.0,11895.184,22868.73
623.14,100.0,11895.184,22868.73
624.159,100.0,11895.184,22868.73
625.179,100.0,11895.184,22868.73
626.199,100.0,11895.184,22868.73
627.219,100.0,11895.184,22868.73
628.239,100.0,11895.184,22868.73
629.259,100.0,11895.184,22868.73
630.278,100.0,11895.184,22868.73
631.299,100.0,11895.184,22868.73
632.318,100.0,11895.184,22868.73
633.338,100.0,11895.184,22868.73
634.358,100.0,11895.184,22868.73
635.378,100.0,11895.184,22868.73
636.398,100.0,11895.184,22868.73
637.418,100.0,11895.184,22868.73
638.438,100.0,11895.184,22868.73
639.458,100.0,11895.184,22868.73
640.477,101.0,11895.184,22868.73
641.497,99.0,11895.184,22868.73
642.517,100.0,11895.184,22868.73
643.537,100.0,11895.184,22868.73
644.557,100.0,11895.184,22868.73
645.577,101.0,11895.184,22868.73
646.597,100.0,11895.184,22868.73
647.617,100.0,11895.184,22868.73
648.637,99.0,11895.184,22868.73
649.657,100.0,11895.184,22868.73
650.677,100.0,11895.184,22868.73
651.696,101.0,11895.184,22868.73
652.716,99.0,11895.184,22868.73
653.736,100.0,11895.184,22868.73
654.756,101.0,11895.184,22868.73
655.776,100.0,11895.184,22868.73
656.796,99.0,11895.184,22868.73
657.816,101.0,11895.184,22868.73
658.836,100.0,11895.184,22868.73
659.856,100.0,11895.184,22868.73
660.876,101.0,11895.184,22868.73
661.895,100.0,11895.184,22868.73
662.915,100.0,11895.184,22868.73
663.935,100.0,11895.184,22868.73
664.955,100.0,11895.184,22868.73
665.975,100.0,11895.184,22868.73
666.995,100.0,11895.184,22868.73
668.015,100.0,11895.184,22868.73
669.035,100.0,11895.184,22868.73
670.055,100.0,11895.184,22868.73
671.075,100.0,11895.184,22868.73
672.095,100.0,11895.184,22868.73
673.115,100.0,11895.184,22868.73
674.135,100.0,11895.184,22868.73
675.154,100.0,11895.184,22868.73
676.174,100.0,11895.184,22868.73
677.194,100.0,11895.184,22868.73
678.214,100.0,11895.184,22868.73
679.234,100.0,11895.184,22868.73
680.253,100.1,11895.184,22868.73
681.27,100.3,11895.184,22868.73
682.289,100.0,11895.184,22868.73
683.309,100.0,11895.184,22868.73
684.329,100.0,11895.184,22868.73
685.349,100.0,11895.184,22868.73
686.369,100.0,11895.184,22868.73
687.389,100.0,11895.184,22868.73
688.409,100.0,11895.184,22868.73
689.429,100.0,11895.184,22868.73
690.449,100.0,11895.184,22868.73
691.469,100.0,11895.184,22868.73
692.488,101.0,11895.184,22868.73
693.508,99.0,11895.184,22868.73
694.528,100.0,11895.184,22868.73
695.548,100.0,11895.184,22868.73
696.568,100.0,11895.184,22868.73
697.588,100.0,11895.184,22868.73
698.607,100.0,11895.184,22868.73
699.627,100.0,11895.184,22868.73
700.647,100.0,11895.184,22868.73
701.667,100.0,11895.184,22868.73
702.687,101.0,11895.184,22868.73
703.707,99.0,11895.184,22868.73
704.727,100.0,11895.184,22868.73
705.747,100.0,11895.184,22868.73
706.767,101.0,11895.184,22868.73
707.786,99.0,11895.184,22868.73
708.806,100.0,11895.184,22868.73
709.826,100.0,11895.184,22868.73
710.846,101.0,11895.184,22868.73
711.866,100.0,11895.184,22868.73
712.886,100.0,11895.184,22868.73
713.906,100.0,11895.184,22868.73
714.926,100.0,11895.184,22868.73
715.945,100.0,11895.184,22868.73
716.965,100.0,11895.184,22868.73
717.985,100.0,11895.184,22868.73
719.004,100.1,11895.184,22868.73
720.024,100.0,11895.184,22868.73
721.043,100.0,11895.184,22868.73
722.063,100.0,11895.184,22868.73
723.083,100.0,11895.184,22868.73
724.103,100.0,11895.184,22868.73
725.123,100.0,11895.184,22868.73
726.143,100.0,11895.184,22868.73
727.163,100.0,11895.184,22868.73
728.183,100.0,11895.184,22868.73
729.203,100.0,11895.184,22868.73
730.223,100.0,11895.184,22868.73
731.242,101.1,11895.184,22868.73
732.262,100.0,11895.184,22868.73
733.282,100.0,11895.184,22868.73
734.301,100.0,11895.184,22868.73
735.321,100.0,11895.184,22868.73
736.341,100.0,11895.184,22868.73
737.361,99.0,11895.184,22868.73
738.381,100.0,11895.184,22868.73
739.401,101.0,11895.184,22868.73
740.42,100.0,11895.184,22868.73
741.439,100.1,11895.184,22868.73
742.459,100.0,11895.184,22868.73
743.479,100.0,11895.184,22868.73
744.499,100.0,11895.184,22868.73
745.519,100.0,11895.184,22868.73
746.538,100.0,11895.184,22868.73
747.558,100.0,11895.184,22868.73
748.578,100.0,11895.184,22868.73
749.598,100.0,11895.184,22868.73
750.618,100.0,11895.184,22868.73
751.638,100.0,11895.184,22868.73
752.658,100.0,11895.184,22868.73
753.677,100.0,11895.184,22868.73
754.697,100.0,11895.184,22868.73
755.717,100.0,11895.184,22868.73
756.737,101.0,11895.184,22868.73
757.757,99.0,11895.184,22868.73
758.777,100.0,11895.184,22868.73
759.797,100.0,11895.184,22868.73
760.817,100.0,11895.184,22868.73
761.836,100.0,11895.184,22868.73
762.856,100.0,11895.184,22868.73
763.876,100.0,11895.184,22868.73
764.896,101.0,11895.184,22868.73
765.916,99.0,11895.184,22868.73
766.936,100.0,11895.184,22868.73
767.955,101.0,11895.184,22868.73
768.975,100.0,11895.184,22868.73
769.995,100.0,11895.184,22868.73
771.015,100.0,11895.184,22868.73
772.035,100.0,11895.184,22868.73
773.055,100.0,11895.184,22868.73
774.074,100.0,11895.184,22868.73
775.094,100.0,11895.184,22868.73
776.114,100.0,11895.184,22868.73
777.134,100.0,11895.184,22868.73
778.154,99.0,11895.184,22868.73
779.174,101.0,11895.184,22868.73
780.194,100.0,11895.184,22868.73
781.214,100.0,11895.184,22868.73
782.233,100.0,11895.184,22868.73
783.253,100.1,11895.184,22868.73
784.273,100.0,11895.184,22868.73
785.293,100.0,11895.184,22868.73
786.313,100.0,11895.184,22868.73
787.333,100.0,11895.184,22868.73
788.353,100.0,11895.184,22868.73
789.373,100.0,11895.184,22868.73
790.393,100.0,11895.184,22868.73
791.413,100.0,11895.184,22868.73
792.433,101.0,11895.184,22868.73
793.453,100.0,11895.184,22868.73
794.472,99.0,11895.184,22868.73
795.492,101.0,11895.184,22868.73
796.512,100.0,11895.184,22868.73
797.532,100.0,11895.184,22868.73
798.552,100.0,11895.184,22868.73
799.572,100.0,11895.184,22868.73
800.592,100.0,11895.184,22868.73
801.611,100.1,11895.184,22868.73
802.631,100.0,11895.184,22868.73
803.651,100.0,11895.184,22868.73
804.671,100.0,11895.184,22868.73
805.691,100.0,11895.184,22868.73
806.711,100.0,11895.184,22868.73
807.731,101.0,11895.184,22868.73
808.751,100.0,11895.184,22868.73
809.77,100.0,11895.184,22868.73
810.79,99.0,11895.184,22868.73
811.81,100.0,11895.184,22868.73
812.83,101.0,11895.184,22868.73
813.85,100.0,11895.184,22868.73
814.87,100.0,11895.184,22868.73
815.89,100.0,11895.184,22868.73
816.91,100.0,11895.184,22868.73
817.93,100.0,11895.184,22868.73
818.95,100.0,11895.184,22868.73
819.969,100.0,11895.184,22868.73
820.989,100.0,11895.184,22868.73
822.009,100.0,11895.184,22868.73
823.029,100.0,11895.184,22868.73
824.049,100.0,11895.184,22868.73
825.069,100.0,11895.184,22868.73
826.089,100.0,11895.184,22868.73
827.108,101.0,11895.184,22868.73
828.128,100.0,11895.184,22868.73
829.148,99.0,11895.184,22868.73
830.168,100.0,11895.184,22868.73
831.188,100.0,11895.184,22868.73
832.208,100.0,11895.184,22868.73
833.228,100.0,11895.184,22868.73
834.246,100.1,11895.184,22868.73
835.266,100.0,11895.184,22868.73
836.286,100.0,11895.184,22868.73
837.306,101.0,11895.184,22868.73
838.326,100.0,11895.184,22868.73
839.346,100.0,11895.184,22868.73
840.366,100.0,11895.184,22868.73
841.386,100.0,11895.184,22868.73
842.405,100.0,11895.184,22868.73
843.425,100.0,11895.184,22868.73
844.445,100.0,11895.184,22868.73
845.465,100.0,11895.184,22868.73
846.486,99.9,11895.184,22868.73
847.506,100.0,11895.184,22868.73
848.526,101.0,11895.184,22868.73
849.545,99.0,11895.184,22868.73
850.565,101.0,11895.184,22868.73
851.585,100.0,11895.184,22868.73
852.605,100.0,11895.184,22868.73
853.625,100.0,11895.184,22868.73
854.645,100.0,11895.184,22868.73
855.665,100.0,11895.184,22868.73
856.685,100.0,11895.184,22868.73
857.704,100.0,11895.184,22868.73
858.724,100.0,11895.184,22868.73
859.744,100.0,11895.184,22868.73
860.764,100.0,11895.184,22868.73
861.784,100.0,11895.184,22868.73
862.804,100.0,11895.184,22868.73
863.824,100.0,11895.184,22868.73
864.844,100.0,11895.184,22868.73
865.863,100.0,11895.184,22868.73
866.883,100.0,11895.184,22868.73
867.903,100.0,11895.184,22868.73
868.923,101.0,11895.184,22868.73
869.943,99.0,11895.184,22868.73
870.963,100.0,11895.184,22868.73
871.983,100.0,11895.184,22868.73
873.003,100.0,11895.184,22868.73
874.023,100.0,11895.184,22868.73
875.043,101.0,11895.184,22868.73
876.063,99.0,11895.184,22868.73
877.083,101.0,11895.184,22868.73
878.102,100.0,11895.184,22868.73
879.123,100.0,11895.184,22868.73
880.142,100.0,11895.184,22868.73
881.162,100.0,11895.184,22868.73
882.182,100.0,11895.184,22868.73
883.202,100.0,11895.184,22868.73
884.222,100.0,11895.184,22868.73
885.241,100.1,11895.184,22868.73
886.261,100.0,11895.184,22868.73
887.281,100.0,11895.184,22868.73
888.301,100.0,11895.184,22868.73
889.321,100.0,11895.184,22868.73
890.341,101.0,11895.184,22868.73
891.361,100.0,11895.184,22868.73
892.38,100.0,11895.184,22868.73
893.4,100.0,11895.184,22868.73
894.42,99.0,11895.184,22868.73
895.44,101.0,11895.184,22868.73
896.46,100.0,11895.184,22868.73
897.48,100.0,11895.184,22868.73
898.5,100.0,11895.184,22868.73
899.519,100.0,11895.184,22868.73
900.539,99.0,11895.184,22868.73
901.559,101.0,11895.184,22868.73
902.579,100.0,11895.184,22868.73
903.599,100.0,11895.184,22868.73
904.619,100.0,11895.184,22868.73
905.639,100.0,11895.184,22868.73
906.659,100.0,11895.184,22868.73
907.679,100.0,11895.184,22868.73
908.699,100.0,11895.184,22868.73
909.719,100.0,11895.184,22868.73
910.739,100.0,11895.184,22868.73
911.759,100.0,11895.184,22868.73
912.779,100.0,11895.184,22868.73
913.798,100.0,11895.184,22868.73
914.818,100.0,11895.184,22868.73
915.838,100.0,11895.184,22868.73
916.858,100.0,11895.184,22868.73
917.878,100.0,11895.184,22868.73
918.898,101.0,11895.184,22868.73
919.918,99.0,11895.184,22868.73
920.937,100.0,11895.184,22868.73
921.957,100.0,11895.184,22868.73
922.977,100.0,11895.184,22868.73
923.997,100.0,11895.184,22868.73
925.017,101.0,11895.184,22868.73
926.037,100.0,11895.184,22868.73
927.056,99.0,11895.184,22868.73
928.076,100.0,11895.184,22868.73
929.096,100.0,11895.184,22868.73
930.116,100.0,11895.184,22868.73
931.136,101.0,11895.184,22868.73
932.156,99.0,11895.184,22868.73
933.176,101.0,11895.184,22868.73
934.196,100.0,11895.184,22868.73
935.216,100.0,11895.184,22868.73
936.235,100.0,11895.184,22868.73
937.254,100.1,11895.184,22868.73
938.274,99.0,11895.184,22868.73
939.294,101.0,11895.184,22868.73
940.314,100.0,11895.184,22868.73
941.334,100.0,11895.184,22868.73
942.354,100.0,11895.184,22868.73
943.373,100.0,11895.184,22868.73
944.393,100.0,11895.184,22868.73
945.413,100.0,11895.184,22868.73
946.433,100.0,11895.184,22868.73
947.453,100.0,11895.184,22868.73
948.473,100.0,11895.184,22868.73
949.493,100.0,11895.184,22868.73
950.513,100.0,11895.184,22868.73
951.533,100.0,11895.184,22868.73
952.553,100.0,11895.184,22868.73
953.572,100.0,11895.184,22868.73
954.592,101.0,11895.184,22868.73
955.612,100.0,11895.184,22868.73
956.632,99.0,11895.184,22868.73
957.652,101.0,11895.184,22868.73
958.672,100.0,11895.184,22868.73
959.692,100.0,11895.184,22868.73
960.712,100.0,11895.184,22868.73
961.732,100.0,11895.184,22868.73
962.752,100.0,11895.184,22868.73
963.771,100.0,11895.184,22868.73
964.791,100.0,11895.184,22868.73
965.811,100.0,11895.184,22868.73
966.832,99.9,11895.184,22868.73
967.852,101.0,11895.184,22868.73
968.872,99.0,11895.184,22868.73
969.891,101.0,11895.184,22868.73
970.911,99.0,11895.184,22868.73
971.931,100.0,11895.184,22868.73
972.951,101.0,11895.184,22868.73
973.971,100.0,11895.184,22868.73
974.991,99.0,11895.184,22868.73
976.011,100.0,11895.184,22868.73
977.031,101.0,11895.184,22868.73
978.05,100.0,11895.184,22868.73
979.07,100.0,11895.184,22868.73
980.09,100.0,11895.184,22868.73
981.11,100.0,11895.184,22868.73
982.13,100.0,11895.184,22868.73
983.15,100.0,11895.184,22868.73
984.17,100.0,11895.184,22868.73
985.189,99.0,11895.184,22868.73
986.209,101.0,11895.184,22868.73
987.229,100.0,11895.184,22868.73
988.248,99.1,11895.184,22868.73
989.268,100.0,11895.184,22868.73
990.288,101.0,11895.184,22868.73
991.308,100.0,11895.184,22868.73
992.328,100.0,11895.184,22868.73
993.348,100.0,11895.184,22868.73
994.368,100.0,11895.184,22868.73
995.388,100.0,11895.184,22868.73
996.408,100.0,11895.184,22868.73
997.428,100.0,11895.184,22868.73
998.448,100.0,11895.184,22868.73
999.468,100.0,11895.184,22868.73
1000.487,100.0,11895.184,22868.73
1001.507,100.0,11895.184,22868.73
1002.527,100.0,11895.184,22868.73
1003.547,100.0,11895.184,22868.73
1004.567,100.0,11895.184,22868.73
1005.587,100.0,11895.184,22868.73
1006.607,100.0,11895.184,22868.73
1007.627,100.0,11895.184,22868.73
1008.647,100.0,11895.184,22868.73
1009.667,100.0,11895.184,22868.73
1010.687,100.0,11895.184,22868.73
1011.707,100.0,11895.184,22868.73
1012.727,100.0,11895.184,22868.73
1013.747,101.0,11895.184,22868.73
1014.767,100.0,11895.184,22868.73
1015.787,100.0,11895.184,22868.73
1016.807,100.0,11895.184,22868.73
1017.827,100.0,11895.184,22868.73
1018.846,100.0,11895.184,22868.73
1019.866,100.0,11895.184,22868.73
1020.886,99.0,11895.184,22868.73
1021.906,101.0,11895.184,22868.73
1022.926,100.0,11895.184,22868.73
1023.946,100.0,11895.184,22868.73
1024.965,100.0,11895.184,22868.73
1025.985,100.0,11895.184,22868.73
1027.006,100.9,11895.184,22868.73
1028.026,99.0,11895.184,22868.73
1029.046,100.0,11895.184,22868.73
1030.065,100.0,11895.184,22868.73
1031.085,101.0,11895.184,22868.73
1032.105,100.0,11895.184,22868.73
1033.125,99.0,11895.184,22868.73
1034.145,100.0,11895.184,22868.73
1035.165,100.0,11895.184,22868.73
1036.185,100.0,11895.184,22868.73
1037.205,100.0,11895.184,22868.73
1038.225,101.0,11895.184,22868.73
1039.244,100.1,11895.184,22868.73
1040.264,100.0,11895.184,22868.73
1041.283,100.0,11895.184,22868.73
1042.303,100.0,11895.184,22868.73
1043.323,100.0,11895.184,22868.73
1044.343,100.0,11895.184,22868.73
1045.363,100.0,11895.184,22868.73
1046.383,100.0,11895.184,22868.73
1047.403,100.0,11895.184,22868.73
1048.423,100.0,11895.184,22868.73
1049.443,100.0,11895.184,22868.73
1050.463,100.0,11895.184,22868.73
1051.482,100.0,11895.184,22868.73
1052.502,100.0,11895.184,22868.73
1053.522,100.0,11895.184,22868.73
1054.542,100.0,11895.184,22868.73
1055.562,100.0,11895.184,22868.73
1056.582,101.0,11895.184,22868.73
1057.602,100.0,11895.184,22868.73
1058.622,99.0,11895.184,22868.73
1059.642,100.0,11895.184,22868.73
1060.662,101.0,11895.184,22868.73
1061.682,100.0,11895.184,22868.73
1062.702,100.0,11895.184,22868.73
1063.722,100.0,11895.184,22868.73
1064.741,100.0,11895.184,22868.73
1065.761,100.0,11895.184,22868.73
1066.781,100.0,11895.184,22868.73
1067.801,100.0,11895.184,22868.73
1068.821,100.0,11895.184,22868.73
1069.841,100.0,11895.184,22868.73
1070.861,100.0,11895.184,22868.73
1071.881,100.0,11895.184,22868.73
1072.901,100.0,11895.184,22868.73
1073.92,100.0,11895.184,22868.73
1074.94,100.0,11895.184,22868.73
1075.96,100.0,11895.184,22868.73
1076.98,100.0,11895.184,22868.73
1078.0,100.0,11895.184,22868.73
1079.018,100.2,11895.184,22868.73
1080.038,100.0,11895.184,22868.73
1081.058,100.0,11895.184,22868.73
1082.078,100.0,11895.184,22868.73
1083.098,101.0,11895.184,22868.73
1084.118,100.0,11895.184,22868.73
1085.137,100.0,11895.184,22868.73
1086.157,100.0,11895.184,22868.73
1087.178,100.0,11895.184,22868.73
1088.198,99.0,11895.184,22868.73
1089.218,101.0,11895.184,22868.73
1090.237,100.0,11895.184,22868.73
1091.257,100.0,11895.184,22868.73
1092.277,100.0,11895.184,22868.73
1093.297,100.0,11895.184,22868.73
1094.317,100.0,11895.184,22868.73
1095.337,100.0,11895.184,22868.73
1096.357,101.0,11895.184,22868.73
1097.376,99.0,11895.184,22868.73
1098.396,101.0,11895.184,22868.73
1099.416,100.0,11895.184,22868.73
1100.436,99.0,11895.184,22868.73
1101.456,100.0,11895.184,22868.73
1102.476,100.0,11895.184,22868.73
1103.496,101.0,11895.184,22868.73
1104.516,100.0,11895.184,22868.73
1105.536,100.0,11895.184,22868.73
1106.556,100.0,11895.184,22868.73
1107.576,100.0,11895.184,22868.73
1108.595,100.0,11895.184,22868.73
1109.615,100.0,11895.184,22868.73
1110.635,100.0,11895.184,22868.73
1111.655,100.0,11895.184,22868.73
1112.675,100.0,11895.184,22868.73
1113.695,100.0,11895.184,22868.73
1114.715,100.0,11895.184,22868.73
1115.735,100.0,11895.184,22868.73
1116.755,100.0,11895.184,22868.73
1117.775,100.0,11895.184,22868.73
1118.794,100.0,11895.184,22868.73
1119.814,100.0,11895.184,22868.73
1120.834,100.0,11895.184,22868.73
1121.854,100.0,11895.184,22868.73
1122.874,100.0,11895.184,22868.73
1123.894,101.0,11895.184,22868.73
1124.914,100.0,11895.184,22868.73
1125.934,99.0,11895.184,22868.73
1126.953,101.0,11895.184,22868.73
1127.973,100.0,11895.184,22868.73
1128.993,100.0,11895.184,22868.73
1130.013,100.0,11895.184,22868.73
1131.033,100.0,11895.184,22868.73
1132.053,100.0,11895.184,22868.73
1133.073,100.0,11895.184,22868.73
1134.093,100.0,11895.184,22868.73
1135.113,100.0,11895.184,22868.73
1136.132,100.0,11895.184,22868.73
1137.152,101.0,11895.184,22868.73
1138.172,100.0,11895.184,22868.73
1139.192,99.0,11895.184,22868.73
1140.212,100.0,11895.184,22868.73
1141.232,101.0,11895.184,22868.73
1142.251,100.1,11895.184,22868.73
1143.27,100.0,11895.184,22868.73
1144.29,100.0,11895.184,22868.73
1145.31,99.0,11895.184,22868.73
1146.33,101.0,11895.184,22868.73
1147.35,100.0,11895.184,22868.73
1148.371,100.0,11895.184,22868.73
1149.39,100.0,11895.184,22868.73
1150.41,100.0,11895.184,22868.73
1151.43,100.0,11895.184,22868.73
1152.45,101.0,11895.184,22868.73
1153.47,99.0,11895.184,22868.73
1154.49,100.0,11895.184,22868.73
1155.51,100.0,11895.184,22868.73
1156.53,101.0,11895.184,22868.73
1157.55,99.0,11895.184,22868.73
1158.57,100.0,11895.184,22868.73
1159.59,101.0,11895.184,22868.73
1160.609,100.0,11895.184,22868.73
1161.629,100.0,11895.184,22868.73
1162.649,100.0,11895.184,22868.73
1163.669,100.0,11895.184,22868.73
1164.689,100.0,11895.184,22868.73
1165.709,100.0,11895.184,22868.73
1166.729,100.0,11895.184,22868.73
1167.749,100.0,11895.184,22868.73
1168.768,100.0,11895.184,22868.73
1169.788,100.0,11895.184,22868.73
1170.808,100.0,11895.184,22868.73
1171.828,100.0,11895.184,22868.73
1172.848,100.0,11895.184,22868.73
1173.868,100.0,11895.184,22868.73
1174.888,100.0,11895.184,22868.73
1175.908,100.0,11895.184,22868.73
1176.927,101.0,11895.184,22868.73
1177.947,100.0,11895.184,22868.73
1178.967,100.0,11895.184,22868.73
1179.987,99.0,11895.184,22868.73
1181.007,100.0,11895.184,22868.73
1182.027,100.0,11895.184,22868.73
1183.047,100.0,11895.184,22868.73
1184.067,101.0,11895.184,22868.73
1185.087,99.0,11895.184,22868.73
1186.107,100.0,11895.184,22868.73
1187.127,100.0,11895.184,22868.73
1188.147,100.0,11895.184,22868.73
1189.166,100.0,11895.184,22868.73
1190.186,100.0,11895.184,22868.73
1191.206,100.0,11895.184,22868.73
1192.226,100.0,11895.184,22868.73
1193.245,100.1,11895.184,22868.73
1194.265,101.0,11895.184,22868.73
1195.285,100.0,11895.184,22868.73
1196.305,100.0,11895.184,22868.73
1197.324,100.0,11895.184,22868.73
1198.344,100.0,11895.184,22868.73
1199.364,100.0,11895.184,22868.73
1200.384,101.0,11895.184,22868.73
1201.405,100.0,11895.184,22868.73
1202.424,100.0,11895.184,22868.73
1203.444,100.0,11895.184,22868.73
1204.464,100.0,11895.184,22868.73
1205.484,100.0,11895.184,22868.73
1206.504,99.0,11895.184,22868.73
1207.525,100.9,11895.184,22868.73
1208.545,100.0,11895.184,22868.73
1209.565,100.0,11895.184,22868.73
1210.585,100.0,11895.184,22868.73
1211.605,100.0,11895.184,22868.73
1212.625,100.0,11895.184,22868.73
1213.644,100.0,11895.184,22868.73
1214.664,100.0,11895.184,22868.73
1215.684,100.0,11895.184,22868.73
1216.704,100.0,11895.184,22868.73
1217.724,100.0,11895.184,22868.73
1218.744,100.0,11895.184,22868.73
1219.764,101.0,11895.184,22868.73
1220.784,100.0,11895.184,22868.73
1221.804,100.0,11895.184,22868.73
1222.824,100.0,11895.184,22868.73
1223.844,100.0,11895.184,22868.73
1224.864,100.0,11895.184,22868.73
1225.884,100.0,11895.184,22868.73
1226.904,100.0,11895.184,22868.73
1227.923,100.0,11895.184,22868.73
1228.943,100.0,11895.184,22868.73
1229.963,100.0,11895.184,22868.73
1230.983,100.0,11895.184,22868.73
1232.003,100.0,11895.184,22868.73
1233.023,100.0,11895.184,22868.73
1234.043,101.0,11895.184,22868.73
1235.063,100.0,11895.184,22868.73
1236.083,99.0,11895.184,22868.73
1237.103,101.0,11895.184,22868.73
1238.122,100.0,11895.184,22868.73
1239.142,99.0,11895.184,22868.73
1240.162,100.0,11895.184,22868.73
1241.182,100.0,11895.184,22868.73
1242.202,101.0,11895.184,22868.73
1243.222,100.0,11895.184,22868.73
1244.241,100.0,11895.184,22868.73
1245.261,100.0,11895.184,22868.73
1246.281,100.0,11895.184,22868.73
1247.301,100.0,11895.184,22868.73
1248.321,100.0,11895.184,22868.73
1249.341,100.0,11895.184,22868.73
1250.361,101.0,11895.184,22868.73
1251.38,100.0,11895.184,22868.73
1252.4,99.0,11895.184,22868.73
1253.42,100.0,11895.184,22868.73
1254.44,100.0,11895.184,22868.73
1255.46,100.0,11895.184,22868.73
1256.48,101.0,11895.184,22868.73
1257.5,100.0,11895.184,22868.73
1258.52,100.0,11895.184,22868.73
1259.539,100.0,11895.184,22868.73
1260.559,99.0,11895.184,22868.73
1261.579,100.0,11895.184,22868.73
1262.599,101.0,11895.184,22868.73
1263.619,100.0,11895.184,22868.73
1264.639,100.0,11895.184,22868.73
1265.659,100.0,11895.184,22868.73
1266.679,100.0,11895.184,22868.73
1267.699,99.9,11895.184,22868.73
1268.719,100.0,11895.184,22868.73
1269.739,100.0,11895.184,22868.73
1270.759,100.0,11895.184,22868.73
1271.779,101.0,11895.184,22868.73
1272.799,100.0,11895.184,22868.73
1273.818,99.0,11895.184,22868.73
1274.838,100.0,11895.184,22868.73
1275.858,100.0,11895.184,22868.73
1276.878,100.0,11895.184,22868.73
1277.898,101.0,11895.184,22868.73
1278.918,100.0,11895.184,22868.73
1279.938,100.0,11895.184,22868.73
1280.958,100.0,11895.184,22868.73
1281.977,99.0,11895.184,22868.73
1282.997,100.0,11895.184,22868.73
1284.017,100.0,11895.184,22868.73
1285.037,100.0,11895.184,22868.73
1286.057,100.0,11895.184,22868.73
1287.077,100.0,11895.184,22868.73
1288.096,101.0,11895.184,22868.73
1289.116,100.0,11895.184,22868.73
1290.136,100.0,11895.184,22868.73
1291.156,100.0,11895.184,22868.73
1292.176,100.0,11895.184,22868.73
1293.196,100.0,11895.184,22868.73
1294.216,100.0,11895.184,22868.73
1295.236,99.0,11895.184,22868.73
1296.255,100.1,11895.184,22868.73
1297.275,101.0,11895.184,22868.73
1298.295,100.0,11895.184,22868.73
1299.315,100.0,11895.184,22868.73
1300.335,100.0,11895.184,22868.73
1301.355,100.0,11895.184,22868.73
1302.374,100.0,11895.184,22868.73
1303.394,100.0,11895.184,22868.73
1304.414,100.0,11895.184,22868.73
1305.434,100.0,11895.184,22868.73
1306.454,100.0,11895.184,22868.73
1307.474,100.0,11895.184,22868.73
1308.494,101.0,11895.184,22868.73
1309.514,100.0,11895.184,22868.73
1310.534,99.0,11895.184,22868.73
1311.553,100.0,11895.184,22868.73
1312.573,101.0,11895.184,22868.73
1313.593,99.0,11895.184,22868.73
1314.613,101.0,11895.184,22868.73
1315.633,100.0,11895.184,22868.73
1316.653,99.0,11895.184,22868.73
1317.673,100.0,11895.184,22868.73
1318.693,100.0,11895.184,22868.73
1319.713,100.0,11895.184,22868.73
1320.733,100.0,11895.184,22868.73
1321.753,101.0,11895.184,22868.73
1322.772,100.0,11895.184,22868.73
1323.792,100.0,11895.184,22868.73
1324.812,100.0,11895.184,22868.73
1325.832,100.0,11895.184,22868.73
1326.852,100.0,11895.184,22868.73
1327.872,101.0,11895.184,22868.73
1328.892,99.0,11895.184,22868.73
1329.912,100.0,11895.184,22868.73
1330.932,100.0,11895.184,22868.73
1331.952,100.0,11895.184,22868.73
1332.971,100.0,11895.184,22868.73
1333.991,100.0,11895.184,22868.73
1335.011,100.0,11895.184,22868.73
1336.031,100.0,11895.184,22868.73
1337.051,100.0,11895.184,22868.73
1338.071,101.0,11895.184,22868.73
1339.091,100.0,11895.184,22868.73
1340.111,99.0,11895.184,22868.73
1341.131,100.0,11895.184,22868.73
1342.15,100.0,11895.188,22868.73
1343.17,100.0,11895.188,22868.73
1344.19,100.0,11895.188,22868.73
1345.21,100.0,11895.188,22868.73
1346.23,100.0,11895.188,22868.73
1347.249,100.1,11895.188,22868.73
1348.269,100.0,11895.188,22868.73
1349.289,101.0,11895.188,22868.73
1350.309,100.0,11895.188,22868.73
1351.329,100.0,11895.188,22868.73
1352.349,100.0,11895.188,22868.73
1353.368,100.0,11895.188,22868.73
1354.388,100.0,11895.188,22868.73
1355.409,100.0,11895.188,22868.73
1356.428,100.0,11895.188,22868.73
1357.448,100.0,11895.188,22868.73
1358.468,101.0,11895.188,22868.73
1359.488,99.0,11895.188,22868.73
1360.508,100.0,11895.188,22868.73
1361.528,100.0,11895.188,22868.73
1362.548,100.0,11895.188,22868.73
1363.568,101.0,11895.188,22868.73
1364.588,100.0,11895.188,22868.73
1365.608,100.0,11895.188,22868.73
1366.628,100.0,11895.188,22868.73
1367.648,100.0,11895.188,22868.73
1368.667,100.0,11895.188,22868.73
1369.687,100.0,11895.188,22868.73
1370.707,100.0,11895.188,22868.73
1371.727,100.0,11895.188,22868.73
1372.747,100.0,11895.188,22868.73
1373.767,100.0,11895.188,22868.73
1374.787,100.0,11895.188,22868.73
1375.807,100.0,11895.188,22868.73
1376.827,100.0,11895.188,22868.73
1377.847,100.0,11895.188,22868.73
1378.867,101.0,11895.188,22868.73
1379.886,100.0,11895.188,22868.73
1380.906,100.0,11895.188,22868.73
1381.926,100.0,11895.188,22868.73
1382.946,100.0,11895.188,22868.73
1383.966,100.0,11895.188,22868.73
1384.986,100.0,11895.188,22868.73
1386.006,99.0,11895.188,22868.73
1387.025,100.0,11895.188,22868.73
1388.046,100.0,11895.188,22868.73
1389.066,100.0,11895.188,22868.73
1390.086,100.0,11895.188,22868.73
1391.105,100.0,11895.188,22868.73
1392.125,100.0,11895.188,22868.73
1393.145,100.0,11895.188,22868.73
1394.165,100.0,11895.188,22868.73
1395.185,101.0,11895.188,22868.73
1396.205,99.0,11895.188,22868.73
1397.225,100.0,11895.188,22868.73
1398.244,101.1,11895.188,22868.73
1399.263,100.0,11895.188,22868.73
1400.283,100.0,11895.188,22868.73
1401.303,99.0,11895.188,22868.73
1402.323,100.0,11895.188,22868.73
1403.343,101.0,11895.188,22868.73
1404.363,100.0,11895.188,22868.73
1405.383,100.0,11895.188,22868.73
1406.403,100.0,11895.188,22868.73
1407.423,100.0,11895.188,22868.73
1408.443,100.0,11895.188,22868.73
1409.463,100.0,11895.188,22868.73
1410.483,101.0,11895.188,22868.73
1411.503,99.0,11895.188,22868.73
1412.522,100.0,11895.188,22868.73
1413.542,100.0,11895.188,22868.73
1414.562,100.0,11895.188,22868.73
1415.582,101.0,11895.188,22868.73
1416.602,100.0,11895.188,22868.73
1417.622,100.0,11895.188,22868.73
1418.642,100.0,11895.188,22868.73
1419.662,99.0,11895.188,22868.73
1420.682,100.0,11895.188,22868.73
1421.702,101.0,11895.188,22868.73
1422.722,99.0,11895.188,22868.73
1423.741,101.0,11895.188,22868.73
1424.761,100.0,11895.188,22868.73
1425.781,100.0,11895.188,22868.73
1426.801,100.0,11895.188,22868.73
1427.821,100.0,11895.188,22868.73
1428.841,100.0,11895.188,22868.73
1429.861,100.0,11895.188,22868.73
1430.881,100.0,11895.188,22868.73
1431.901,100.0,11895.188,22868.73
1432.92,100.0,11895.188,22868.73
1433.94,100.0,11895.188,22868.73
1434.96,100.0,11895.188,22868.73
1435.98,100.0,11895.188,22868.73
1437.0,100.0,11895.188,22868.73
1438.02,101.0,11895.188,22868.73
1439.038,100.2,11895.188,22868.73
1440.058,100.0,11895.188,22868.73
1441.078,100.0,11895.188,22868.73
1442.098,100.0,11895.188,22868.73
1443.118,100.0,11895.188,22868.73
1444.137,100.0,11895.188,22868.73
1445.157,99.0,11895.188,22868.73
1446.177,100.0,11895.188,22868.73
1447.197,100.0,11895.188,22868.73
1448.218,101.0,11895.188,22868.73
1449.237,100.0,11895.188,22868.73
1450.257,100.0,11895.188,22868.73
1451.277,100.0,11895.188,22868.73
1452.297,100.0,11895.188,22868.73
1453.317,100.0,11895.188,22868.73
1454.337,100.0,11895.188,22868.73
1455.357,100.0,11895.188,22868.73
1456.377,100.0,11895.188,22868.73
1457.397,100.0,11895.188,22868.73
1458.416,101.0,11895.188,22868.73
1459.436,99.0,11895.188,22868.73
1460.456,100.0,11895.188,22868.73
1461.476,100.0,11895.188,22868.73
1462.496,100.0,11895.188,22868.73
1463.516,100.0,11895.188,22868.73
1464.536,101.0,11895.188,22868.73
1465.556,100.0,11895.188,22868.73
1466.576,99.0,11895.188,22868.73
1467.596,101.0,11895.188,22868.73
1468.616,100.0,11895.188,22868.73
1469.636,99.0,11895.188,22868.73
1470.655,100.0,11895.188,22868.73
1471.675,100.0,11895.188,22868.73
1472.695,100.0,11895.188,22868.73
1473.715,101.0,11895.188,22868.73
1474.735,100.0,11895.188,22868.73
1475.755,99.0,11895.188,22868.73
1476.775,101.0,11895.188,22868.73
1477.795,100.0,11895.188,22868.73
1478.814,100.0,11895.188,22868.73
1479.834,100.0,11895.188,22868.73
1480.854,100.0,11895.188,22868.73
1481.874,100.0,11895.188,22868.73
1482.894,100.0,11895.188,22868.73
1483.914,100.0,11895.188,22868.73
1484.934,100.0,11895.188,22868.73
1485.954,100.0,11895.188,22868.73
1486.974,100.0,11895.188,22868.73
1487.993,100.0,11895.188,22868.73
1489.013,100.0,11895.188,22868.73
1490.033,100.0,11895.188,22868.73
1491.053,100.0,11895.188,22868.73
1492.073,100.0,11895.188,22868.73
1493.093,100.0,11895.188,22868.73
1494.113,101.0,11895.188,22868.73
1495.132,99.0,11895.188,22868.73
1496.152,100.0,11895.188,22868.73
1497.172,100.0,11895.188,22868.73
1498.192,101.0,11895.188,22868.73
1499.212,100.0,11895.188,22868.73
1500.232,100.0,11895.188,22868.73
1501.251,100.1,11895.188,22868.73
1502.271,101.0,11895.188,22868.73
1503.29,99.0,11895.188,22868.73
1504.31,100.0,11895.188,22868.73
1505.33,100.0,11895.188,22868.73
1506.35,100.0,11895.188,22868.73
1507.37,100.0,11895.188,22868.73
1508.39,99.9,11895.188,22868.73
1509.411,100.0,11895.188,22868.73
1510.431,100.0,11895.188,22868.73
1511.45,101.0,11895.188,22868.73
1512.47,100.0,11895.188,22868.73
1513.49,100.0,11895.188,22868.73
1514.51,100.0,11895.188,22868.73
1515.53,100.0,11895.188,22868.73
1516.55,100.0,11895.188,22868.73
1517.57,99.0,11895.188,22868.73
1518.59,101.0,11895.188,22868.73
1519.609,100.0,11895.188,22868.73
1520.629,100.0,11895.188,22868.73
1521.649,100.0,11895.188,22868.73
1522.669,100.0,11895.188,22868.73
1523.689,100.0,11895.188,22868.73
1524.709,101.0,11895.188,22868.73
1525.729,99.0,11895.188,22868.73
1526.749,100.0,11895.188,22868.73
1527.769,100.0,11895.188,22868.73
1528.788,100.0,11895.188,22868.73
1529.808,101.0,11895.188,22868.73
1530.828,100.0,11895.188,22868.73
1531.848,99.0,11895.188,22868.73
1532.868,100.0,11895.188,22868.73
1533.888,100.0,11895.188,22868.73
1534.908,101.0,11895.188,22868.73
1535.927,99.0,11895.188,22868.73
1536.947,100.0,11895.188,22868.73
1537.967,100.0,11895.188,22868.73
1538.987,101.0,11895.188,22868.73
1540.007,100.0,11895.188,22868.73
1541.027,100.0,11895.188,22868.73
1542.047,100.0,11895.188,22868.73
1543.067,100.0,11895.188,22868.73
1544.087,100.0,11895.188,22868.73
1545.106,100.0,11895.188,22868.73
1546.126,100.0,11895.188,22868.73
1547.146,100.0,11895.188,22868.73
1548.166,100.0,11895.188,22868.73
1549.186,100.0,11895.188,22868.73
1550.206,100.0,11895.188,22868.73
1551.226,100.0,11895.188,22868.73
1552.245,100.1,11895.188,22868.73
1553.264,101.1,11895.188,22868.73
1554.283,100.0,11895.188,22868.73
1555.303,100.0,11895.188,22868.73
1556.323,100.0,11895.188,22868.73
1557.343,100.0,11895.188,22868.73
1558.363,100.0,11895.188,22868.73
1559.383,100.0,11895.188,22868.73
1560.403,100.0,11895.188,22868.73
1561.422,100.0,11895.188,22868.73
1562.442,100.0,11895.188,22868.73
1563.462,100.0,11895.188,22868.73
1564.482,99.0,11895.188,22868.73
1565.502,101.0,11895.188,22868.73
1566.522,100.0,11895.188,22868.73
1567.542,99.0,11895.188,22868.73
1568.562,100.0,11895.188,22868.73
1569.582,100.0,11895.188,22868.73
1570.602,101.0,11895.188,22868.73
1571.622,100.0,11895.188,22868.73
1572.642,100.0,11895.188,22868.73
1573.662,100.0,11895.188,22868.73
1574.682,100.0,11895.188,22868.73
1575.702,100.0,11895.188,22868.73
1576.722,100.0,11895.188,22868.73
1577.741,100.0,11895.188,22868.73
1578.761,100.0,11895.188,22868.73
1579.781,101.0,11895.188,22868.73
1580.801,100.0,11895.188,22868.73
1581.821,99.0,11895.188,22868.73
1582.841,100.0,11895.188,22868.73
1583.861,100.0,11895.188,22868.73
1584.881,101.0,11895.188,22868.73
1585.9,100.0,11895.188,22868.73
1586.92,100.0,11895.188,22868.73
1587.94,100.0,11895.188,22868.73
1588.96,100.0,11895.188,22868.73
1589.98,100.0,11895.188,22868.73
1591.0,100.0,11895.188,22868.73
1592.02,100.0,11895.188,22868.73
1593.039,101.0,11895.188,22868.73
1594.059,99.0,11895.188,22868.73
1595.079,100.0,11895.188,22868.73
1596.099,100.0,11895.188,22868.73
1597.119,100.0,11895.188,22868.73
1598.139,100.0,11895.188,22868.73
1599.159,101.0,11895.188,22868.73
1600.179,100.0,11895.188,22868.73
1601.199,100.0,11895.188,22868.73
1602.218,100.0,11895.188,22868.73
1603.238,100.0,11895.188,22868.73
1604.258,100.0,11895.188,22868.73
1605.278,100.0,11895.188,22868.73
1606.298,100.0,11895.188,22868.73
1607.318,100.0,11895.188,22868.73
1608.338,100.0,11895.188,22868.73
1609.358,100.0,11895.188,22868.73
1610.378,100.0,11895.188,22868.73
1611.398,100.0,11895.188,22868.73
1612.418,100.0,11895.188,22868.73
1613.437,100.0,11895.188,22868.73
1614.457,100.0,11895.188,22868.73
1615.477,101.0,11895.188,22868.73
1616.497,100.0,11895.188,22868.73
1617.517,99.0,11895.188,22868.73
1618.537,101.0,11895.188,22868.73
1619.557,100.0,11895.188,22868.73
1620.577,99.0,11895.188,22868.73
1621.597,101.0,11895.188,22868.73
1622.617,100.0,11895.188,22868.73
1623.637,100.0,11895.188,22868.73
1624.657,100.0,11895.188,22868.73
1625.677,101.0,11895.188,22868.73
1626.697,100.0,11895.188,22868.73
1627.717,100.0,11895.188,22868.73
1628.737,100.0,11895.188,22868.73
1629.757,100.0,11895.188,22868.73
1630.777,100.0,11895.188,22868.73
1631.797,100.0,11895.188,22868.73
1632.817,99.0,11895.188,22868.73
1633.837,100.0,11895.188,22868.73
1634.857,100.0,11895.188,22868.73
1635.877,101.0,11895.188,22868.73
1636.897,100.0,11895.188,22868.73
1637.917,100.0,11895.188,22868.73
1638.937,100.0,11895.188,22868.73
1639.956,100.0,11895.188,22868.73
1640.976,101.0,11895.188,22868.73
1641.996,99.0,11895.188,22868.73
1643.016,100.0,11895.188,22868.73
1644.036,100.0,11895.188,22868.73
1645.056,100.0,11895.188,22868.73
1646.076,101.0,11895.188,22868.73
1647.096,100.0,11895.188,22868.73
1648.116,99.0,11895.188,22868.73
1649.136,100.0,11895.188,22868.73
1650.156,100.0,11895.188,22868.73
1651.175,100.0,11895.188,22868.73
1652.195,100.0,11895.188,22868.73
1653.215,101.0,11895.188,22868.73
1654.235,100.0,11895.188,22868.73
1655.255,100.1,11895.188,22868.73
1656.275,100.0,11895.188,22868.73
1657.295,100.0,11895.188,22868.73
1658.315,100.0,11895.188,22868.73
1659.335,100.0,11895.188,22868.73
1660.354,100.0,11895.188,22868.73
1661.375,100.0,11895.188,22868.73
1662.395,101.0,11895.188,22868.73
1663.414,100.0,11895.188,22868.73
1664.434,100.0,11895.188,22868.73
1665.454,99.0,11895.188,22868.73
1666.474,100.0,11895.188,22868.73
1667.494,100.0,11895.188,22868.73
1668.514,100.0,11895.188,22868.73
1669.534,100.0,11895.188,22868.73
1670.554,100.0,11895.188,22868.73
1671.574,100.0,11895.188,22868.73
1672.594,100.0,11895.188,22868.73
1673.614,101.0,11895.188,22868.73
1674.634,99.0,11895.188,22868.73
1675.654,101.0,11895.188,22868.73
1676.674,100.0,11895.188,22868.73
1677.694,100.0,11895.188,22868.73
1678.714,100.0,11895.188,22868.73
1679.734,100.0,11895.188,22868.73
1680.754,100.0,11895.188,22868.73
1681.774,100.0,11895.188,22868.73
1682.794,100.0,11895.188,22868.73
1683.814,100.0,11895.188,22868.73
1684.834,100.0,11895.188,22868.73
1685.854,100.0,11895.188,22868.73
1686.874,100.0,11895.188,22868.73
1687.894,100.0,11895.188,22868.73
1688.914,99.9,11895.188,22868.73
1689.934,100.0,11895.188,22868.73
1690.954,100.0,11895.188,22868.73
1691.974,100.0,11895.188,22868.73
1692.994,100.0,11895.188,22868.73
1694.014,100.0,11895.188,22868.73
1695.034,100.0,11895.188,22868.73
1696.054,100.0,11895.188,22868.73
1697.074,101.0,11895.188,22868.73
1698.094,100.0,11895.188,22868.73
1699.114,99.0,11895.188,22868.73
1700.134,100.0,11895.188,22868.73
1701.153,101.0,11895.188,22868.73
1702.173,99.0,11895.188,22868.73
1703.193,100.0,11895.188,22868.73
1704.213,100.0,11895.188,22868.73
1705.233,101.0,11895.188,22868.73
1706.252,99.1,11895.188,22868.73
1707.272,100.0,11895.188,22868.73
1708.291,100.0,11895.188,22868.73
1709.311,100.0,11895.188,22868.73
1710.331,100.0,11895.188,22868.73
1711.351,100.0,11895.188,22868.73
1712.371,100.0,11895.188,22868.73
1713.391,100.0,11895.188,22868.73
1714.411,100.0,11895.188,22868.73
1715.431,100.0,11895.188,22868.73
1716.451,100.0,11895.188,22868.73
1717.471,100.0,11895.188,22868.73
1718.491,100.0,11895.188,22868.73
1719.511,100.0,11895.188,22868.73
1720.531,100.0,11895.188,22868.73
1721.551,101.0,11895.188,22868.73
1722.571,99.0,11895.188,22868.73
1723.591,100.0,11895.188,22868.73
1724.61,100.0,11895.188,22868.73
1725.63,100.0,11895.188,22868.73
1726.65,100.0,11895.188,22868.73
1727.67,100.0,11895.188,22868.73
1728.69,101.0,11895.188,22868.73
1729.71,99.0,11895.188,22868.73
1730.73,100.0,11895.188,22868.73
1731.75,101.0,11895.188,22868.73
1732.77,100.0,11895.188,22868.73
1733.79,100.0,11895.188,22868.73
1734.81,100.0,11895.188,22868.73
1735.83,100.0,11895.188,22868.73
1736.85,99.0,11895.188,22868.73
1737.87,100.0,11895.188,22868.73
1738.89,100.0,11895.188,22868.73
1739.909,101.0,11895.188,22868.73
1740.929,100.0,11895.188,22868.73
1741.949,99.0,11895.188,22868.73
1742.969,101.0,11895.188,22868.73
1743.989,100.0,11895.188,22868.73
1745.009,100.0,11895.188,22868.73
1746.029,100.0,11895.188,22868.73
1747.049,100.0,11895.188,22868.73
1748.069,100.0,11895.188,22868.73
1749.09,100.0,11895.188,22868.73
1750.109,100.0,11895.188,22868.73
1751.129,100.0,11895.188,22868.73
1752.149,100.0,11895.188,22868.73
1753.169,101.0,11895.188,22868.73
1754.189,100.0,11895.188,22868.73
1755.209,99.0,11895.188,22868.73
1756.229,100.0,11895.188,22868.73
1757.247,100.2,11895.188,22868.73
1758.267,100.0,11895.188,22868.73
1759.287,100.0,11895.188,22868.73
1760.307,101.0,11895.188,22868.73
1761.326,100.0,11895.188,22868.73
1762.346,100.0,11895.188,22868.73
1763.366,100.0,11895.188,22868.73
1764.386,99.0,11895.188,22868.73
1765.406,100.0,11895.188,22868.73
1766.426,100.0,11895.188,22868.73
1767.446,100.0,11895.188,22868.73
1768.466,100.0,11895.188,22868.73
1769.486,100.0,11895.188,22868.73
1770.506,100.0,11895.188,22868.73
1771.526,100.0,11895.188,22868.73
1772.546,100.0,11895.188,22868.73
1773.566,100.0,11895.188,22868.73
1774.586,100.0,11895.188,22868.73
1775.606,100.0,11895.188,22868.73
1776.626,100.0,11895.188,22868.73
1777.646,100.0,11895.188,22868.73
1778.666,100.0,11895.188,22868.73
1779.686,100.0,11895.188,22868.73
1780.706,100.0,11895.188,22868.73
1781.726,100.0,11895.188,22868.73
1782.745,100.0,11895.188,22868.73
1783.765,100.0,11895.188,22868.73
1784.785,101.0,11895.188,22868.73
1785.805,100.0,11895.188,22868.73
1786.825,100.0,11895.188,22868.73
1787.845,100.0,11895.188,22868.73
1788.866,99.0,11895.188,22868.73
1789.885,100.0,11895.188,22868.73
1790.905,100.0,11895.188,22868.73
1791.925,100.0,11895.188,22868.73
1792.945,100.0,11895.188,22868.73
1793.965,100.0,11895.188,22868.73
1794.985,101.0,11895.188,22868.73
1796.005,100.0,11895.188,22868.73
1797.025,100.0,11895.188,22868.73
1798.045,100.0,11895.188,22868.73
1799.064,100.1,11895.188,22868.73
1800.084,100.0,11895.188,22868.73
1801.104,99.0,11895.188,22868.73
1802.124,101.0,11895.188,22868.73
1803.144,100.0,11895.188,22868.73
1804.164,99.0,11895.188,22868.73
1805.184,101.0,11895.188,22868.73
1806.204,100.0,11895.188,22868.73
1807.224,100.0,11895.188,22868.73
1808.243,100.1,11895.188,22868.73
1809.262,99.1,11895.188,22868.73
1810.282,101.0,11895.188,22868.73
1811.302,100.0,11895.188,22868.73
1812.322,100.0,11895.188,22868.73
1813.342,100.0,11895.188,22868.73
1814.362,100.0,11895.188,22868.73
1815.382,100.0,11895.188,22868.73
1816.402,100.0,11895.188,22868.73
1817.422,100.0,11895.188,22868.73
1818.442,100.0,11895.188,22868.73
1819.462,100.0,11895.188,22868.73
1820.482,100.0,11895.188,22868.73
1821.502,100.0,11895.188,22868.73
1822.522,100.0,11895.188,22868.73
1823.541,100.0,11895.188,22868.73
1824.562,100.0,11895.188,22868.73
1825.582,100.0,11895.188,22868.73
1826.601,100.0,11895.188,22868.73
1827.621,101.0,11895.188,22868.73
1828.641,100.0,11895.188,22868.73
1829.661,100.0,11895.188,22868.73
1830.681,100.0,11895.188,22868.73
1831.701,100.0,11895.188,22868.73
1832.721,100.0,11895.188,22868.73
1833.741,100.0,11895.188,22868.73
1834.761,100.0,11895.188,22868.73
1835.781,100.0,11895.188,22868.73
1836.801,100.0,11895.188,22868.73
1837.821,100.0,11895.188,22868.73
1838.84,100.0,11895.188,22868.73
1839.861,100.0,11895.188,22868.73
1840.88,99.0,11895.188,22868.73
1841.9,101.0,11895.188,22868.73
1842.92,100.0,11895.188,22868.73
1843.94,100.0,11895.188,22868.73
1844.96,100.0,11895.188,22868.73
1845.98,100.0,11895.188,22868.73
1847.0,100.0,11895.188,22868.73
1848.02,100.0,11895.188,22868.73
1849.04,100.0,11895.188,22868.73
1850.06,100.0,11895.188,22868.73
1851.079,100.0,11895.188,22868.73
1852.099,100.0,11895.188,22868.73
1853.119,100.0,11895.188,22868.73
1854.139,100.0,11895.188,22868.73
1855.159,100.0,11895.188,22868.73
1856.179,100.0,11895.188,22868.73
1857.199,100.0,11895.188,22868.73
1858.219,100.0,11895.188,22868.73
1859.238,100.0,11895.188,22868.73
1860.258,100.0,11895.188,22868.73
1861.278,101.0,11895.188,22868.73
1862.298,100.0,11895.188,22868.73
1863.318,100.0,11895.188,22868.73
1864.338,99.0,11895.188,22868.73
1865.358,100.0,11895.188,22868.73
1866.378,101.0,11895.188,22868.73
1867.397,99.0,11895.188,22868.73
1868.417,100.0,11895.188,22868.73
1869.438,100.9,11895.188,22868.73
1870.458,100.0,11895.188,22868.73
1871.477,99.0,11895.188,22868.73
1872.497,101.0,11895.188,22868.73
1873.517,100.0,11895.188,22868.73
1874.537,100.0,11895.188,22868.73
1875.557,100.0,11895.188,22868.73
1876.577,100.0,11895.188,22868.73
1877.597,100.0,11895.188,22868.73
1878.617,100.0,11895.188,22868.73
1879.637,100.0,11895.188,22868.73
1880.657,100.0,11895.188,22868.73
1881.676,99.0,11895.188,22868.73
1882.696,100.0,11895.188,22868.73
1883.716,101.0,11895.188,22868.73
1884.736,100.0,11895.188,22868.73
1885.756,101.0,11895.188,22868.73
1886.776,99.0,11895.188,22868.73
1887.796,100.0,11895.188,22868.73
1888.816,100.0,11895.188,22868.73
1889.836,100.0,11895.188,22868.73
1890.855,100.0,11895.188,22868.73
1891.875,100.0,11895.188,22868.73
1892.895,100.0,11895.188,22868.73
1893.915,100.0,11895.188,22868.73
1894.935,100.0,11895.188,22868.73
1895.955,100.0,11895.188,22868.73
1896.975,101.0,11895.188,22868.73
1897.995,99.0,11895.188,22868.73
1899.015,101.0,11895.188,22868.73
1900.035,100.0,11895.188,22868.73
1901.054,100.0,11895.188,22868.73
1902.074,100.0,11895.188,22868.73
1903.094,100.0,11895.188,22868.73
1904.114,100.0,11895.188,22868.73
1905.134,99.0,11895.188,22868.73
1906.154,100.0,11895.188,22868.73
1907.174,100.0,11895.188,22868.73
1908.194,100.0,11895.188,22868.73
1909.214,100.0,11895.188,22868.73
1910.234,100.0,11895.188,22868.73
1911.253,101.1,11895.188,22868.73
1912.272,100.0,11895.188,22868.73
1913.292,99.0,11895.188,22868.73
1914.312,100.0,11895.188,22868.73
1915.332,100.0,11895.188,22868.73
1916.352,101.0,11895.188,22868.73
1917.372,100.0,11895.188,22868.73
1918.392,100.0,11895.188,22868.73
1919.412,100.0,11895.188,22868.73
1920.432,99.0,11895.188,22868.73
1921.451,101.0,11895.188,22868.73
1922.471,100.0,11895.188,22868.73
1923.491,100.0,11895.188,22868.73
1924.511,100.0,11895.188,22868.73
1925.531,100.0,11895.188,22868.73
1926.551,100.0,11895.188,22868.73
1927.571,100.0,11895.188,22868.73
1928.591,100.0,11895.188,22868.73
1929.612,100.0,11895.188,22868.73
1930.631,100.0,11895.188,22868.73
1931.651,100.0,11895.188,22868.73
1932.671,100.0,11895.188,22868.73
1933.691,100.0,11895.188,22868.73
1934.711,100.0,11895.188,22868.73
1935.731,100.0,11895.188,22868.73
1936.751,100.0,11895.188,22868.73
1937.771,101.0,11895.188,22868.73
1938.79,99.0,11895.188,22868.73
1939.81,101.0,11895.188,22868.73
1940.83,100.0,11895.188,22868.73
1941.85,100.0,11895.188,22868.73
1942.87,100.0,11895.188,22868.73
1943.89,99.0,11895.188,22868.73
1944.91,101.0,11895.188,22868.73
1945.929,99.0,11895.188,22868.73
1946.949,100.0,11895.188,22868.73
1947.969,100.0,11895.188,22868.73
1948.989,100.0,11895.188,22868.73
1950.009,100.0,11895.188,22868.73
1951.029,100.0,11895.188,22868.73
1952.049,100.0,11895.188,22868.73
1953.069,100.0,11895.188,22868.73
1954.089,101.0,11895.188,22868.73
1955.109,99.0,11895.188,22868.73
1956.129,100.0,11895.188,22868.73
1957.149,100.0,11895.188,22868.73
1958.169,100.0,11895.188,22868.73
1959.189,100.0,11895.188,22868.73
1960.208,100.0,11895.188,22868.73
1961.228,100.0,11895.188,22868.73
1962.248,100.1,11895.188,22868.73
1963.268,100.0,11895.188,22868.73
1964.287,100.0,11895.188,22868.73
1965.307,100.0,11895.188,22868.73
1966.327,101.0,11895.188,22868.73
1967.347,100.0,11895.188,22868.73
1968.367,100.0,11895.188,22868.73
1969.387,99.0,11895.188,22868.73
1970.407,101.0,11895.188,22868.73
1971.427,100.0,11895.188,22868.73
1972.447,100.0,11895.188,22868.73
1973.467,100.0,11895.188,22868.73
1974.487,100.0,11895.188,22868.73
1975.507,100.0,11895.188,22868.73
1976.526,100.0,11895.188,22868.73
1977.546,100.0,11895.188,22868.73
1978.566,100.0,11895.188,22868.73
1979.586,100.0,11895.188,22868.73
1980.606,100.0,11895.188,22868.73
1981.626,101.0,11895.188,22868.73
1982.646,99.0,11895.188,22868.73
1983.666,100.0,11895.188,22868.73
1984.686,100.0,11895.188,22868.73
1985.706,100.0,11895.188,22868.73
1986.726,101.0,11895.188,22868.73
1987.746,100.0,11895.188,22868.73
1988.765,99.0,11895.188,22868.73
1989.786,99.9,11895.188,22868.73
1990.806,100.0,11895.188,22868.73
1991.826,100.0,11895.188,22868.73
1992.846,100.0,11895.188,22868.73
1993.866,100.0,11895.188,22868.73
1994.886,101.0,11895.188,22868.73
1995.906,100.0,11895.188,22868.73
1996.926,100.0,11895.188,22868.73
1997.946,100.0,11895.188,22868.73
1998.966,100.0,11895.188,22868.73
1999.986,100.0,11895.188,22868.73
2001.006,100.0,11895.188,22868.73
2002.025,100.0,11895.188,22868.73
2003.045,100.0,11895.188,22868.73
2004.065,100.0,11895.188,22868.73
2005.085,100.0,11895.188,22868.73
2006.105,100.0,11895.188,22868.73
2007.125,100.0,11895.188,22868.73
2008.145,100.0,11895.188,22868.73
2009.165,101.0,11895.188,22868.73
2010.185,100.0,11895.188,22868.73
2011.205,100.0,11895.188,22868.73
2012.225,100.0,11895.188,22868.73
2013.244,100.1,11895.188,22868.73
2014.264,100.1,11895.188,22868.73
2015.283,100.0,11895.188,22868.73
2016.303,100.0,11895.188,22868.73
2017.323,100.0,11895.188,22868.73
2018.343,100.0,11895.188,22868.73
2019.363,100.0,11895.188,22868.73
2020.383,100.0,11895.188,22868.73
2021.403,100.0,11895.188,22868.73
2022.423,100.0,11895.188,22868.73
2023.443,99.0,11895.188,22868.73
2024.463,101.0,11895.188,22868.73
2025.482,100.0,11895.188,22868.73
2026.502,100.0,11895.188,22868.73
2027.522,100.0,11895.188,22868.73
2028.542,100.0,11895.188,22868.73
2029.562,100.0,11895.188,22868.73
2030.582,100.0,11895.188,22868.73
2031.602,100.0,11895.188,22868.73
2032.622,100.0,11895.188,22868.73
2033.642,100.0,11895.188,22868.73
2034.662,100.0,11895.188,22868.73
2035.681,100.0,11895.188,22868.73
2036.701,100.0,11895.188,22868.73
2037.721,100.0,11895.188,22868.73
2038.741,101.0,11895.188,22868.73
2039.761,99.0,11895.188,22868.73
2040.781,100.0,11895.188,22868.73
2041.801,100.0,11895.188,22868.73
2042.821,100.0,11895.188,22868.73
2043.84,100.0,11895.188,22868.73
2044.86,101.0,11895.188,22868.73
2045.88,100.0,11895.188,22868.73
2046.9,99.0,11895.188,22868.73
2047.92,101.0,11895.188,22868.73
2048.94,99.0,11895.188,22868.73
2049.96,100.9,11895.188,22868.73
2050.98,99.0,11895.188,22868.73
2052.0,101.0,11895.188,22868.73
2053.02,100.0,11895.188,22868.73
2054.04,100.0,11895.188,22868.73
2055.06,100.0,11895.188,22868.73
2056.08,100.0,11895.188,22868.73
2057.1,100.0,11895.188,22868.73
2058.119,100.0,11895.188,22868.73
2059.139,100.0,11895.188,22868.73
2060.159,100.0,11895.188,22868.73
2061.179,100.0,11895.188,22868.73
2062.199,100.0,11895.188,22868.73
2063.219,100.0,11895.188,22868.73
2064.238,100.0,11895.188,22868.73
2065.258,100.0,11895.188,22868.73
2066.278,100.0,11895.188,22868.73
2067.298,100.0,11895.188,22868.73
2068.318,100.0,11895.188,22868.73
2069.338,100.0,11895.188,22868.73
2070.358,100.0,11895.188,22868.73
2071.378,100.0,11895.188,22868.73
2072.398,100.0,11895.188,22868.73
2073.417,100.0,11895.188,22868.73
2074.437,100.0,11895.188,22868.73
2075.457,100.0,11895.188,22868.73
2076.477,100.0,11895.188,22868.73
2077.497,100.0,11895.188,22868.73
2078.517,100.0,11895.188,22868.73
2079.537,100.0,11895.188,22868.73
2080.557,101.0,11895.188,22868.73
2081.577,99.0,11895.188,22868.73
2082.596,100.0,11895.188,22868.73
2083.616,100.0,11895.188,22868.73
2084.636,100.0,11895.188,22868.73
2085.656,101.0,11895.188,22868.73
2086.676,100.0,11895.188,22868.73
2087.696,100.0,11895.188,22868.73
2088.716,100.0,11895.188,22868.73
2089.736,100.0,11895.188,22868.73
2090.756,100.0,11895.188,22868.73
2091.776,100.0,11895.188,22868.73
2092.796,100.0,11895.188,22868.73
2093.816,100.0,11895.188,22868.73
2094.835,100.0,11895.188,22868.73
2095.855,100.0,11895.188,22868.73
2096.875,100.0,11895.188,22868.73
2097.895,100.0,11895.188,22868.73
2098.915,100.0,11895.188,22868.73
2099.935,100.0,11895.188,22868.73
2100.955,100.0,11895.188,22868.73
2101.975,100.0,11895.188,22868.73
2102.994,100.0,11895.188,22868.73
2104.014,99.0,11895.188,22868.73
2105.034,100.0,11895.188,22868.73
2106.054,100.0,11895.188,22868.73
2107.074,100.0,11895.188,22868.73
2108.094,100.0,11895.188,22868.73
2109.114,100.0,11895.188,22868.73
2110.134,100.9,11895.188,22868.73
2111.154,100.0,11895.188,22868.73
2112.174,100.0,11895.188,22868.73
2113.194,100.0,11895.188,22868.73
2114.214,100.0,11895.188,22868.73
2115.234,100.0,11895.188,22868.73
2116.252,100.1,11895.188,22868.73
2117.272,100.0,11895.188,22868.73
2118.292,100.0,11895.188,22868.73
2119.312,100.0,11895.188,22868.73
2120.332,100.0,11895.188,22868.73
2121.352,100.0,11895.188,22868.73
2122.372,100.0,11895.188,22868.73
2123.392,100.0,11895.188,22868.73
2124.412,100.0,11895.188,22868.73
2125.431,100.0,11895.188,22868.73
2126.451,100.0,11895.188,22868.73
2127.471,101.0,11895.188,22868.73
2128.491,100.0,11895.188,22868.73
2129.511,100.0,11895.188,22868.73
2130.531,100.0,11895.188,22868.73
2131.551,100.0,11895.188,22868.73
2132.571,99.0,11895.188,22868.73
2133.59,100.0,11895.188,22868.73
2134.61,100.0,11895.188,22868.73
2135.63,100.0,11895.188,22868.73
2136.65,100.0,11895.188,22868.73
2137.67,100.0,11895.188,22868.73
2138.69,100.0,11895.188,22868.73
2139.71,100.0,11895.188,22868.73
2140.73,101.0,11895.188,22868.73
2141.749,99.0,11895.188,22868.73
2142.769,100.0,11895.188,22868.73
2143.789,100.0,11895.188,22868.73
2144.809,100.0,11895.188,22868.73
2145.829,100.0,11895.188,22868.73
2146.849,101.0,11895.188,22868.73
2147.869,100.0,11895.188,22868.73
2148.888,99.0,11895.188,22868.73
2149.908,100.0,11895.188,22868.73
2150.928,101.0,11895.188,22868.73
2151.948,100.0,11895.188,22868.73
2152.968,100.0,11895.188,22868.73
2153.988,100.0,11895.188,22868.73
2155.008,99.0,11895.188,22868.73
2156.028,100.0,11895.188,22868.73
2157.047,100.0,11895.188,22868.73
2158.067,100.0,11895.188,22868.73
2159.086,100.2,11895.188,22868.73
2160.105,101.0,11895.188,22868.73
2161.126,100.0,11895.188,22868.73
2162.145,100.0,11895.188,22868.73
2163.165,99.0,11895.188,22868.73
2164.185,100.0,11895.188,22868.73
2165.205,100.0,11895.188,22868.73
2166.225,100.0,11895.188,22868.73
2167.244,100.1,11895.188,22868.73
2168.264,100.0,11895.188,22868.73
2169.284,100.0,11895.188,22868.73
2170.304,99.9,11895.188,22868.73
2171.324,100.0,11895.188,22868.73
2172.344,100.0,11895.188,22868.73
2173.364,101.0,11895.188,22868.73
2174.384,100.0,11895.188,22868.73
2175.404,100.0,11895.188,22868.73
2176.423,100.0,11895.188,22868.73
2177.443,99.0,11895.188,22868.73
2178.463,101.0,11895.188,22868.73
2179.483,100.0,11895.188,22868.73
2180.503,100.0,11895.188,22868.73
2181.523,100.0,11895.188,22868.73
2182.543,100.0,11895.188,22868.73
2183.563,100.0,11895.188,22868.73
2184.582,100.0,11895.188,22868.73
2185.602,100.0,11895.188,22868.73
2186.622,99.0,11895.188,22868.73
2187.642,101.0,11895.188,22868.73
2188.662,99.0,11895.188,22868.73
2189.682,100.0,11895.188,22868.73
2190.702,101.0,11895.188,22868.73
2191.722,100.0,11895.188,22868.73
2192.742,100.0,11895.188,22868.73
2193.762,100.0,11895.188,22868.73
2194.782,99.0,11895.188,22868.73
2195.801,101.0,11895.188,22868.73
2196.821,100.0,11895.188,22868.73
2197.841,99.0,11895.188,22868.73
2198.861,101.0,11895.188,22868.73
2199.881,100.0,11895.188,22868.73
2200.901,100.0,11895.188,22868.73
2201.921,100.0,11895.188,22868.73
2202.941,100.0,11895.188,22868.73
2203.961,100.0,11895.188,22868.73
2204.981,100.0,11895.188,22868.73
2206.001,100.0,11895.188,22868.73
2207.021,100.0,11895.188,22868.73
2208.04,100.0,11895.188,22868.73
2209.06,100.0,11895.188,22868.73
2210.08,100.0,11895.188,22868.73
2211.1,100.0,11895.188,22868.73
2212.12,101.0,11895.188,22868.73
2213.14,100.0,11895.188,22868.73
2214.16,100.0,11895.188,22868.73
2215.18,100.0,11895.188,22868.73
2216.2,100.0,11895.188,22868.73
2217.22,100.0,11895.188,22868.73
2218.239,100.0,11895.188,22868.73
2219.259,100.0,11895.188,22868.73
2220.279,100.0,11895.188,22868.73
2221.299,100.0,11895.188,22868.73
2222.319,100.0,11895.188,22868.73
2223.339,99.0,11895.188,22868.73
2224.359,101.0,11895.188,22868.73
2225.379,99.0,11895.188,22868.73
2226.399,100.0,11895.188,22868.73
2227.418,100.0,11895.188,22868.73
2228.439,100.0,11895.188,22868.73
2229.458,100.0,11895.188,22868.73
2230.479,100.0,11895.188,22868.73
2231.499,101.0,11895.188,22868.73
2232.519,100.0,11895.188,22868.73
2233.539,100.0,11895.188,22868.73
2234.559,100.0,11895.188,22868.73
2235.578,100.0,11895.188,22868.73
2236.598,100.0,11895.188,22868.73
2237.618,100.0,11895.188,22868.73
2238.638,100.0,11895.188,22868.73
2239.658,100.0,11895.188,22868.73
2240.678,100.0,11895.188,22868.73
2241.698,100.0,11895.188,22868.73
2242.718,100.0,11895.188,22868.73
2243.738,100.0,11895.188,22868.73
2244.757,100.0,11895.188,22868.73
2245.777,100.0,11895.188,22868.73
2246.797,100.0,11895.188,22868.73
2247.817,100.0,11895.188,22868.73
2248.837,100.0,11895.188,22868.73
2249.857,100.0,11895.188,22868.73
2250.876,100.0,11895.188,22868.73
2251.896,100.0,11895.188,22868.73
2252.916,100.0,11895.188,22868.73
2253.936,100.0,11895.188,22868.73
2254.956,100.0,11895.188,22868.73
2255.976,100.0,11895.188,22868.73
2256.996,100.0,11895.188,22868.73
2258.016,100.0,11895.188,22868.73
2259.036,101.0,11895.188,22868.73
2260.055,100.0,11895.188,22868.73
2261.075,99.0,11895.188,22868.73
2262.095,100.0,11895.188,22868.73
2263.115,100.0,11895.188,22868.73
2264.135,100.0,11895.188,22868.73
2265.155,100.0,11895.188,22868.73
2266.175,100.0,11895.188,22868.73
2267.194,100.0,11895.188,22868.73
2268.214,100.0,11895.188,22868.73
2269.234,100.0,11895.188,22868.73
2270.253,100.1,11895.188,22868.73
2271.273,101.0,11895.188,22868.73
2272.293,100.0,11895.188,22868.73
2273.313,100.0,11895.188,22868.73
2274.333,100.0,11895.188,22868.73
2275.353,100.0,11895.188,22868.73
2276.373,100.0,11895.188,22868.73
2277.393,100.0,11895.188,22868.73
2278.412,100.0,11895.188,22868.73
2279.432,100.0,11895.188,22868.73
2280.452,100.0,11895.188,22868.73
2281.472,100.0,11895.188,22868.73
2282.492,100.0,11895.188,22868.73
2283.512,100.0,11895.188,22868.73
2284.532,100.0,11895.188,22868.73
2285.552,100.0,11895.188,22868.73
2286.572,100.0,11895.188,22868.73
2287.591,100.0,11895.188,22868.73
2288.611,100.0,11895.188,22868.73
2289.631,100.0,11895.188,22868.73
2290.651,100.0,11895.188,22868.73
2291.671,100.0,11895.188,22868.73
2292.691,100.0,11895.188,22868.73
2293.711,100.0,11895.188,22868.73
2294.731,100.0,11895.188,22868.73
2295.751,100.0,11895.188,22868.73
2296.771,100.0,11895.188,22868.73
2297.791,101.0,11895.188,22868.73
2298.811,100.0,11895.188,22868.73
2299.83,99.0,11895.188,22868.73
2300.85,100.0,11895.188,22868.73
2301.87,100.0,11895.188,22868.73
2302.89,100.0,11895.188,22868.73
2303.91,100.0,11895.188,22868.73
2304.93,100.0,11895.188,22868.73
2305.95,100.0,11895.188,22868.73
2306.97,100.0,11895.188,22868.73
2307.99,101.0,11895.188,22868.73
2309.01,100.0,11895.188,22868.73
2310.029,100.0,11895.188,22868.73
2311.049,100.0,11895.188,22868.73
2312.069,100.0,11895.188,22868.73
2313.089,99.0,11895.188,22868.73
2314.109,100.0,11895.188,22868.73
2315.129,100.0,11895.188,22868.73
2316.149,100.0,11895.188,22868.73
2317.169,101.0,11895.188,22868.73
2318.188,100.0,11895.188,22868.73
2319.208,100.0,11895.188,22868.73
2320.228,100.0,11895.188,22868.73
2321.247,100.1,11895.188,22868.73
2322.267,100.0,11895.188,22868.73
2323.287,100.0,11895.188,22868.73
2324.307,100.0,11895.188,22868.73
2325.327,100.0,11895.188,22868.73
2326.347,100.0,11895.188,22868.73
2327.366,100.0,11895.188,22868.73
2328.386,100.0,11895.188,22868.73
2329.406,99.0,11895.188,22868.73
2330.426,100.0,11895.188,22868.73
2331.446,100.0,11895.188,22868.73
2332.466,101.0,11895.188,22868.73
2333.486,100.0,11895.188,22868.73
2334.506,100.0,11895.188,22868.73
2335.526,100.0,11895.188,22868.73
2336.546,100.0,11895.188,22868.73
2337.565,100.0,11895.188,22868.73
2338.585,100.0,11895.188,22868.73
2339.605,100.0,11895.188,22868.73
2340.625,100.0,11895.188,22868.73
2341.645,100.0,11895.188,22868.73
2342.665,100.0,11895.188,22868.73
2343.685,99.0,11895.188,22868.73
2344.705,101.0,11895.188,22868.73
2345.725,100.0,11895.188,22868.73
2346.744,100.0,11895.188,22868.73
2347.764,100.0,11895.188,22868.73
2348.784,100.0,11895.188,22868.73
2349.804,100.0,11895.188,22868.73
2350.825,99.9,11895.188,22868.73
2351.845,100.0,11895.188,22868.73
2352.864,100.0,11895.188,22868.73
2353.884,100.0,11895.188,22868.73
2354.904,100.0,11895.188,22868.73
2355.924,100.0,11895.188,22868.73
2356.944,100.0,11895.188,22868.73
2357.964,99.0,11895.188,22868.73
2358.984,101.0,11895.188,22868.73
2360.004,100.0,11895.188,22868.73
2361.024,100.0,11895.188,22868.73
2362.043,100.0,11895.188,22868.73
2363.063,100.0,11895.188,22868.73
2364.083,100.0,11895.188,22868.73
2365.103,100.0,11895.188,22868.73
2366.123,101.0,11895.188,22868.73
2367.143,100.0,11895.188,22868.73
2368.163,99.0,11895.188,22868.73
2369.183,100.0,11895.188,22868.73
2370.203,100.0,11895.188,22868.73
2371.223,100.0,11895.188,22868.73
2372.242,100.1,11895.188,22868.73
2373.262,100.0,11895.188,22868.73
2374.282,100.0,11895.188,22868.73
2375.302,100.0,11895.188,22868.73
2376.322,100.0,11895.188,22868.73
2377.342,101.0,11895.188,22868.73
2378.361,100.0,11895.188,22868.73
2379.381,100.0,11895.188,22868.73
2380.401,100.0,11895.188,22868.73
2381.421,100.0,11895.188,22868.73
2382.441,100.0,11895.188,22868.73
2383.461,100.0,11895.188,22868.73
2384.481,100.0,11895.188,22868.73
2385.501,100.0,11895.188,22868.73
2386.521,100.0,11895.188,22868.73
2387.541,99.0,11895.188,22868.73
2388.56,100.0,11895.188,22868.73
2389.58,100.0,11895.188,22868.73
2390.6,100.0,11895.188,22868.73
2391.62,100.0,11895.188,22868.73
2392.64,100.0,11895.188,22868.73
2393.66,101.0,11895.188,22868.73
2394.68,99.0,11895.188,22868.73
2395.7,100.0,11895.188,22868.73
2396.72,100.0,11895.188,22868.73
2397.74,100.0,11895.188,22868.73
2398.76,100.0,11895.188,22868.73
2399.78,101.0,11895.188,22868.73
2400.8,100.0,11895.188,22868.73
2401.819,99.0,11895.188,22868.73
2402.839,100.0,11895.188,22868.73
2403.859,100.0,11895.188,22868.73
2404.879,101.0,11895.188,22868.73
2405.899,100.0,11895.188,22868.73
2406.919,100.0,11895.188,22868.73
2407.939,100.0,11895.188,22868.73
2408.959,100.0,11895.188,22868.73
2409.979,100.0,11895.188,22868.73
2410.999,100.0,11895.188,22868.73
2412.019,100.0,11895.188,22868.73
2413.039,100.0,11895.188,22868.73
2414.059,100.0,11895.188,22868.73
2415.079,100.0,11895.188,22868.73
2416.099,101.0,11895.188,22868.73
2417.119,100.0,11895.188,22868.73
2418.139,100.0,11895.188,22868.73
2419.159,99.0,11895.188,22868.73
2420.178,101.0,11895.188,22868.73
2421.198,100.0,11895.188,22868.73
2422.218,100.0,11895.188,22868.73
2423.238,100.0,11895.188,22868.73
2424.257,99.1,11895.188,22868.73
2425.277,101.0,11895.188,22868.73
2426.297,100.0,11895.188,22868.73
2427.316,99.0,11895.188,22868.73
2428.336,100.0,11895.188,22868.73
2429.356,101.0,11895.188,22868.73
2430.376,100.0,11895.188,22868.73
2431.396,100.0,11895.188,22868.73
2432.416,99.0,11895.188,22868.73
2433.436,100.0,11895.188,22868.73
2434.456,101.0,11895.188,22868.73
2435.476,100.0,11895.188,22868.73
2436.495,100.0,11895.188,22868.73
2437.515,100.0,11895.188,22868.73
2438.535,100.0,11895.188,22868.73
2439.555,100.0,11895.188,22868.73
2440.575,100.0,11895.188,22868.73
2441.595,100.0,11895.188,22868.73
2442.615,100.0,11895.188,22868.73
2443.635,100.0,11895.188,22868.73
2444.655,100.0,11895.188,22868.73
2445.675,100.0,11895.188,22868.73
2446.694,100.0,11895.188,22868.73
2447.714,100.0,11895.188,22868.73
2448.734,100.0,11895.188,22868.73
2449.754,100.0,11895.188,22868.73
2450.774,100.0,11895.188,22868.73
2451.794,100.0,11895.188,22868.73
2452.814,100.0,11895.188,22868.73
2453.833,100.0,11895.188,22868.73
2454.853,100.0,11895.188,22868.73
2455.873,101.0,11895.188,22868.73
2456.893,99.0,11895.188,22868.73
2457.913,100.0,11895.188,22868.73
2458.933,101.0,11895.188,22868.73
2459.953,100.0,11895.188,22868.73
2460.973,100.0,11895.188,22868.73
2461.992,100.0,11895.188,22868.73
2463.012,100.0,11895.188,22868.73
2464.032,100.0,11895.188,22868.73
2465.052,100.0,11895.188,22868.73
2466.072,100.0,11895.188,22868.73
2467.092,100.0,11895.188,22868.73
2468.112,100.0,11895.188,22868.73
2469.132,100.0,11895.188,22868.73
2470.152,100.0,11895.188,22868.73
2471.172,100.0,11895.188,22868.73
2472.192,100.0,11895.188,22868.73
2473.212,100.0,11895.188,22868.73
2474.232,100.0,11895.188,22868.73
2475.25,100.1,11895.188,22868.73
2476.27,100.0,11895.188,22868.73
2477.29,100.0,11895.188,22868.73
2478.31,100.0,11895.188,22868.73
2479.33,100.0,11895.188,22868.73
2480.35,100.0,11895.188,22868.73
2481.37,100.0,11895.188,22868.73
2482.39,101.0,11895.188,22868.73
2483.41,99.0,11895.188,22868.73
2484.429,100.0,11895.188,22868.73
2485.449,100.0,11895.188,22868.73
2486.469,100.0,11895.188,22868.73
2487.489,100.0,11895.188,22868.73
2488.509,101.0,11895.188,22868.73
2489.529,99.0,11895.188,22868.73
2490.549,101.0,11895.188,22868.73
2491.569,100.0,11895.188,22868.73
2492.589,100.0,11895.188,22868.73
2493.609,100.0,11895.188,22868.73
2494.629,100.0,11895.188,22868.73
2495.648,100.0,11895.188,22868.73
2496.668,100.0,11895.188,22868.73
2497.688,100.0,11895.188,22868.73
2498.708,100.0,11895.188,22868.73
2499.728,100.0,11895.188,22868.73
2500.748,100.0,11895.188,22868.73
2501.768,100.0,11895.188,22868.73
2502.788,100.0,11895.188,22868.73
2503.808,100.0,11895.188,22868.73
2504.828,100.0,11895.188,22868.73
2505.847,100.0,11895.188,22868.73
2506.867,100.0,11895.188,22868.73
2507.887,100.0,11895.188,22868.73
2508.907,100.0,11895.188,22868.73
2509.927,100.0,11895.188,22868.73
2510.947,100.0,11895.188,22868.73
2511.967,100.0,11895.188,22868.73
2512.987,100.0,11895.188,22868.73
2514.007,100.0,11895.188,22868.73
2515.026,100.0,11895.188,22868.73
2516.046,100.0,11895.188,22868.73
2517.066,100.0,11895.188,22868.73
2518.086,100.0,11895.188,22868.73
2519.104,100.2,11895.188,22868.73
2520.124,100.0,11895.188,22868.73
2521.144,100.0,11895.188,22868.73
2522.164,100.0,11895.188,22868.73
2523.184,100.0,11895.188,22868.73
2524.204,100.0,11895.188,22868.73
2525.223,100.0,11895.188,22868.73
2526.243,100.1,11895.188,22868.73
2527.263,100.0,11895.188,22868.73
2528.282,100.0,11895.188,22868.73
2529.302,100.0,11895.188,22868.73
2530.322,100.0,11895.188,22868.73
2531.343,99.9,11895.188,22868.73
2532.363,100.0,11895.188,22868.73
2533.383,100.0,11895.188,22868.73
2534.402,100.0,11895.188,22868.73
2535.422,100.0,11895.188,22868.73
2536.442,100.0,11895.188,22868.73
2537.462,100.0,11895.188,22868.73
2538.482,100.0,11895.188,22868.73
2539.502,100.0,11895.188,22868.73
2540.522,100.0,11895.188,22868.73
2541.542,100.0,11895.188,22868.73
2542.562,100.0,11895.188,22868.73
2543.582,100.0,11895.188,22868.73
2544.602,100.0,11895.188,22868.73
2545.622,100.0,11895.188,22868.73
2546.641,100.0,11895.188,22868.73
2547.661,101.0,11895.188,22868.73
2548.681,100.0,11895.188,22868.73
2549.701,100.0,11895.188,22868.73
2550.721,100.0,11895.188,22868.73
2551.741,100.0,11895.188,22868.73
2552.761,100.0,11895.188,22868.73
2553.78,100.0,11895.188,22868.73
2554.8,100.0,11895.188,22868.73
2555.82,100.0,11895.188,22868.73
2556.84,100.0,11895.188,22868.73
2557.86,99.0,11895.188,22868.73
2558.88,100.0,11895.188,22868.73
2559.9,101.0,11895.188,22868.73
2560.92,100.0,11895.188,22868.73
2561.939,100.0,11895.188,22868.73
2562.959,100.0,11895.188,22868.73
2563.979,100.0,11895.188,22868.73
2564.999,100.0,11895.188,22868.73
2566.019,100.0,11895.188,22868.73
2567.039,100.0,11895.188,22868.73
2568.059,100.0,11895.188,22868.73
2569.079,100.0,11895.188,22868.73
2570.098,99.0,11895.188,22868.73
2571.118,100.0,11895.188,22868.73
2572.138,101.0,11895.188,22868.73
2573.158,100.0,11895.188,22868.73
2574.178,100.0,11895.188,22868.73
2575.198,100.0,11895.188,22868.73
2576.218,100.0,11895.188,22868.73
2577.238,100.0,11895.188,22868.73
2578.257,100.0,11895.188,22868.73
2579.277,100.0,11895.188,22868.73
2580.297,100.0,11895.188,22868.73
2581.317,100.0,11895.188,22868.73
2582.337,100.0,11895.188,22868.73
2583.357,100.0,11895.188,22868.73
2584.377,100.0,11895.188,22868.73
2585.397,100.0,11895.188,22868.73
2586.417,100.0,11895.188,22868.73
2587.437,100.0,11895.188,22868.73
2588.457,100.0,11895.188,22868.73
2589.477,100.0,11895.188,22868.73
2590.497,100.0,11895.188,22868.73
2591.517,100.0,11895.188,22868.73
2592.537,100.0,11895.188,22868.73
2593.557,100.0,11895.188,22868.73
2594.577,101.0,11895.188,22868.73
2595.597,99.0,11895.188,22868.73
2596.616,100.0,11895.188,22868.73
2597.636,100.0,11895.188,22868.73
2598.656,100.0,11895.188,22868.73
2599.676,100.0,11895.188,22868.73
2600.696,101.0,11895.188,22868.73
2601.716,99.0,11895.188,22868.73
2602.736,100.0,11895.188,22868.73
2603.756,100.0,11895.188,22868.73
2604.776,100.0,11895.188,22868.73
2605.796,100.0,11895.188,22868.73
2606.816,100.0,11895.188,22868.73
2607.836,100.0,11895.188,22868.73
2608.856,100.0,11895.188,22868.73
2609.876,101.0,11895.188,22868.73
2610.896,100.0,11895.188,22868.73
2611.916,100.0,11895.188,22868.73
2612.935,100.0,11895.188,22868.73
2613.955,100.0,11895.188,22868.73
2614.975,99.0,11895.188,22868.73
2615.995,101.0,11895.188,22868.73
2617.015,100.0,11895.188,22868.73
2618.035,100.0,11895.188,22868.73
2619.055,100.0,11895.188,22868.73
2620.075,99.0,11895.188,22868.73
2621.094,100.0,11895.188,22868.73
2622.114,100.0,11895.188,22868.73
2623.134,101.0,11895.188,22868.73
2624.154,100.0,11895.188,22868.73
2625.174,100.0,11895.188,22868.73
2626.194,100.0,11895.188,22868.73
2627.214,100.0,11895.188,22868.73
2628.234,100.0,11895.188,22868.73
2629.252,100.1,11895.188,22868.73
2630.272,100.0,11895.188,22868.73
2631.292,100.0,11895.188,22868.73
2632.312,100.0,11895.188,22868.73
2633.332,100.0,11895.188,22868.73
2634.352,101.0,11895.188,22868.73
2635.372,100.0,11895.188,22868.73
2636.392,100.0,11895.188,22868.73
2637.412,100.0,11895.188,22868.73
2638.432,99.0,11895.188,22868.73
2639.452,100.0,11895.188,22868.73
2640.472,101.0,11895.188,22868.73
2641.491,100.0,11895.188,22868.73
2642.511,100.0,11895.188,22868.73
2643.531,100.0,11895.188,22868.73
2644.551,99.0,11895.188,22868.73
2645.571,100.0,11895.188,22868.73
2646.591,100.0,11895.188,22868.73
2647.611,101.0,11895.188,22868.73
2648.631,100.0,11895.188,22868.73
2649.651,100.0,11895.188,22868.73
2650.671,100.0,11895.188,22868.73
2651.691,99.0,11895.188,22868.73
2652.711,101.0,11895.188,22868.73
2653.731,100.0,11895.188,22868.73
2654.751,100.0,11895.188,22868.73
2655.771,99.0,11895.188,22868.73
2656.791,100.0,11895.188,22868.73
2657.811,100.0,11895.188,22868.73
2658.83,101.0,11895.188,22868.73
2659.85,100.0,11895.188,22868.73
2660.87,100.0,11895.188,22868.73
2661.89,100.0,11895.188,22868.73
2662.91,100.0,11895.188,22868.73
2663.93,100.0,11895.188,22868.73
2664.949,100.0,11895.188,22868.73
2665.969,100.0,11895.188,22868.73
2666.989,100.0,11895.188,22868.73
2668.009,100.0,11895.188,22868.73
2669.029,100.0,11895.188,22868.73
2670.049,100.0,11895.188,22868.73
2671.069,100.0,11895.188,22868.73
2672.089,100.0,11895.188,22868.73
2673.109,100.0,11895.188,22868.73
2674.128,100.0,11895.188,22868.73
2675.148,100.0,11895.188,22868.73
2676.168,100.0,11895.188,22868.73
2677.188,100.0,11895.188,22868.73
2678.208,100.0,11895.188,22868.73
2679.228,100.0,11895.188,22868.73
2680.247,100.1,11895.188,22868.73
2681.266,100.1,11895.188,22868.73
2682.286,100.0,11895.188,22868.73
2683.305,100.0,11895.188,22868.73
2684.325,99.0,11895.188,22868.73
2685.345,101.0,11895.188,22868.73
2686.365,100.0,11895.188,22868.73
2687.385,100.0,11895.188,22868.73
2688.405,100.0,11895.188,22868.73
2689.425,100.0,11895.188,22868.73
2690.445,100.0,11895.188,22868.73
2691.464,100.0,11895.188,22868.73
2692.484,100.0,11895.188,22868.73
2693.504,100.0,11895.188,22868.73
2694.524,101.0,11895.188,22868.73
2695.544,99.0,11895.188,22868.73
2696.564,100.0,11895.188,22868.73
2697.584,100.0,11895.188,22868.73
2698.604,100.0,11895.188,22868.73
2699.624,100.0,11895.188,22868.73
2700.644,101.0,11895.188,22868.73
2701.664,100.0,11895.188,22868.73
2702.683,99.0,11895.188,22868.73
2703.703,101.0,11895.188,22868.73
2704.723,100.0,11895.188,22868.73
2705.743,100.0,11895.188,22868.73
2706.763,100.0,11895.188,22868.73
2707.783,100.0,11895.188,22868.73
2708.803,100.0,11895.188,22868.73
2709.823,100.0,11895.188,22868.73
2710.842,81.4,0.0,0.0
