Elapsed_time,CPU,Real_MB,Virtual_MB
1.012,94.9,174.414,9499.414
2.029,94.4,208.68,9533.957
3.047,98.2,225.562,9551.75
4.064,93.4,318.09,9645.148
5.082,86.5,335.121,9669.137
6.099,84.5,358.062,9694.5
7.12,87.2,365.125,9765.859
8.137,73.7,368.594,9771.676
9.154,71.8,372.762,9780.535
10.172,84.6,372.762,9780.535
11.189,74.7,429.449,9836.668
12.206,71.8,469.098,9876.703
13.223,90.4,530.254,9938.02
14.24,99.3,558.855,9967.012
15.257,100.3,558.855,9967.012
16.275,99.3,577.727,9986.34
17.292,100.3,577.727,9986.34
18.309,99.3,577.969,9986.34
19.327,100.2,668.824,11507.688
20.343,99.4,700.914,11590.688
21.36,101.2,706.586,11730.688
22.377,99.3,719.641,12063.688
23.395,100.3,742.098,12640.688
24.412,100.3,765.559,13242.688
25.429,99.3,821.504,14676.688
26.446,101.3,6172.605,19330.074
27.467,101.3,3850.504,15322.883
28.486,100.1,5046.496,16518.883
29.503,99.3,5967.297,17439.512
30.521,99.3,6139.504,17612.766
31.538,100.3,6807.742,20269.34
32.555,100.3,8794.703,20269.34
33.573,100.3,8987.766,20650.57
34.59,99.3,9182.527,20650.57
35.607,100.3,6729.383,18190.883
36.625,100.3,7299.246,18785.488
37.642,100.3,7577.789,19029.73
38.659,99.3,7599.293,19029.73
39.677,100.3,7620.621,19029.73
40.694,100.3,7642.191,19029.73
41.711,100.3,7663.926,19029.73
42.728,100.3,7733.23,19081.32
43.746,100.3,6822.801,18170.035
44.763,100.3,7020.281,18389.598
45.78,99.3,7077.211,18422.316
46.797,100.3,7269.656,18610.684
47.815,100.3,7330.254,18671.234
48.833,100.2,7476.523,18807.328
49.85,100.2,8043.906,19310.512
50.868,99.3,7896.375,19141.285
51.885,99.3,7783.895,18946.73
52.902,101.3,8385.902,19523.738
53.919,100.3,8273.688,19358.938
54.937,100.3,8675.363,19610.887
55.954,99.3,9098.055,20024.855
56.971,100.3,8928.086,19854.676
57.989,99.3,8446.598,19373.004
59.006,100.3,8652.84,19579.207
60.023,100.3,8847.977,19948.043
61.04,100.3,9021.801,19948.043
62.058,99.3,8733.754,19660.266
63.075,100.3,8918.738,19845.367
64.092,99.3,8919.184,19845.367
65.11,100.3,8919.184,19845.367
66.127,100.3,8919.199,19845.367
67.144,100.3,8919.199,19845.367
68.161,99.3,8919.203,19845.367
69.179,100.3,8919.203,19845.367
70.196,100.3,8919.203,19845.367
71.213,100.3,8134.43,19060.594
72.23,100.3,8134.43,19060.594
73.247,100.3,8134.43,19060.594
74.265,100.3,8134.43,19060.594
75.282,100.3,8134.43,19060.594
76.299,99.3,8134.43,19060.594
77.316,100.3,8134.43,19060.594
78.333,100.4,8134.43,19060.594
79.351,100.2,8134.43,19060.594
80.368,99.3,8134.43,19060.594
81.385,100.3,8134.43,19060.594
82.403,99.3,8012.859,18939.023
83.42,101.3,8012.859,18939.023
84.437,100.3,8012.859,18939.023
85.454,99.3,8012.859,18939.023
86.472,100.3,8012.859,18939.023
87.489,99.3,8012.859,18939.023
88.506,100.3,8012.859,18939.023
89.524,100.3,8012.859,18939.023
90.541,99.3,8012.859,18939.023
91.558,100.3,8012.859,18939.023
92.575,100.3,8012.859,18939.023
93.592,100.3,8012.859,18939.023
94.61,100.3,8012.859,18939.023
95.627,100.3,8012.859,18939.023
96.644,100.3,8012.859,18939.023
97.662,100.3,8012.859,18939.023
98.679,99.3,8012.859,18939.023
99.696,100.3,8012.859,18939.023
100.714,100.3,8012.859,18939.023
101.731,99.3,8012.859,18939.023
102.748,100.3,8012.859,18939.023
103.765,100.3,8012.859,18939.023
104.783,100.3,8012.859,18939.023
105.8,100.3,8012.859,18939.023
106.817,99.3,8012.859,18939.023
107.834,100.3,8012.859,18939.023
108.852,100.2,8012.859,18939.023
109.87,100.3,8012.859,18939.023
110.887,100.3,8012.859,18939.023
111.906,100.1,8012.859,18939.023
112.924,100.2,8012.859,18939.023
113.941,100.2,8012.859,18939.023
114.958,100.3,8012.859,18939.023
115.976,99.2,8012.859,18939.023
116.993,100.3,8012.859,18939.023
118.01,99.3,8012.859,18939.023
119.028,100.2,8012.859,18939.023
120.045,100.3,8012.859,18939.023
121.063,100.3,8012.859,18939.023
122.08,100.3,8012.859,18939.023
123.097,99.2,8012.859,18939.023
124.114,100.3,8012.859,18939.023
125.132,100.3,8012.859,18939.023
126.149,99.3,8012.859,18939.023
127.166,100.3,8012.859,18939.023
128.183,100.3,8012.859,18939.023
129.2,100.3,8012.859,18939.023
130.218,100.2,8012.859,18939.023
131.235,100.3,8012.859,18939.023
132.252,100.3,8012.859,18939.023
133.27,99.3,8012.859,18939.023
134.287,100.3,8012.859,18939.023
135.304,100.3,8012.859,18939.023
136.321,99.3,8012.859,18939.023
137.338,101.3,8012.859,18939.023
138.355,99.3,8012.859,18939.023
139.373,100.2,8012.859,18939.023
140.391,99.3,8012.859,18939.023
141.408,100.2,8012.859,18939.023
142.426,101.2,8012.859,18939.023
143.443,100.3,8012.859,18939.023
144.46,99.3,8012.859,18939.023
145.477,100.3,8012.859,18939.023
146.494,100.3,8012.859,18939.023
147.512,99.3,8012.859,18939.023
148.529,100.3,8012.859,18939.023
149.546,100.3,8012.859,18939.023
150.563,100.3,8012.859,18939.023
151.581,99.3,8012.859,18939.023
152.598,100.3,8012.859,18939.023
153.615,100.3,8012.859,18939.023
154.632,100.3,8012.859,18939.023
155.649,100.3,8012.859,18939.023
156.666,100.3,8012.859,18939.023
157.684,99.3,8012.859,18939.023
158.701,100.3,8012.859,18939.023
159.718,100.3,8012.859,18939.023
160.736,100.2,8012.859,18939.023
161.753,100.3,8012.859,18939.023
162.77,99.3,8012.859,18939.023
163.787,100.3,8012.859,18939.023
164.804,100.3,8012.859,18939.023
165.822,99.3,8012.859,18939.023
166.839,100.3,8012.859,18939.023
167.856,100.3,8012.859,18939.023
168.874,100.2,8012.859,18939.023
169.891,100.3,8012.859,18939.023
170.908,100.3,8012.859,18939.023
171.926,99.3,8012.859,18939.023
172.943,100.3,8012.859,18939.023
173.96,100.3,8012.859,18939.023
174.977,99.3,8012.859,18939.023
175.994,100.3,8012.859,18939.023
177.011,100.3,8012.859,18939.023
178.029,100.3,8012.859,18939.023
179.046,99.3,8012.859,18939.023
180.063,100.3,8012.859,18939.023
181.08,100.3,8012.859,18939.023
182.098,100.3,8012.859,18939.023
183.115,100.3,8012.859,18939.023
184.132,100.3,8012.859,18939.023
185.149,100.3,8012.859,18939.023
186.166,99.3,8012.859,18939.023
187.183,100.3,8012.859,18939.023
188.2,100.3,8012.859,18939.023
189.218,100.3,8012.859,18939.023
190.235,99.2,8012.859,18939.023
191.253,100.3,8012.859,18939.023
192.27,100.3,8012.859,18939.023
193.287,100.3,8012.859,18939.023
194.304,99.3,8012.859,18939.023
195.321,100.3,8012.859,18939.023
196.339,100.2,8012.859,18939.023
197.356,100.3,8012.859,18939.023
198.373,99.3,8012.859,18939.023
199.391,100.2,8012.859,18939.023
200.409,100.3,8012.859,18939.023
201.426,100.3,8012.859,18939.023
202.443,99.3,8012.859,18939.023
203.46,100.3,8012.859,18939.023
204.478,100.3,8012.859,18939.023
205.495,100.3,8012.859,18939.023
206.512,100.3,8012.859,18939.023
207.529,99.3,8012.859,18939.023
208.547,101.3,8012.859,18939.023
209.564,100.3,8012.859,18939.023
210.581,100.3,8012.859,18939.023
211.598,99.3,8012.859,18939.023
212.615,100.3,8012.859,18939.023
213.633,100.3,8012.859,18939.023
214.65,100.3,8012.859,18939.023
215.667,100.3,8012.859,18939.023
216.684,99.3,8012.859,18939.023
217.701,100.3,8012.859,18939.023
218.718,100.3,8012.859,18939.023
219.736,100.3,8012.859,18939.023
220.753,99.3,8012.859,18939.023
221.77,100.3,8012.859,18939.023
222.787,100.3,8012.859,18939.023
223.804,99.3,8012.859,18939.023
224.822,100.3,8012.859,18939.023
225.839,100.3,8012.859,18939.023
226.856,100.3,8012.859,18939.023
227.874,99.3,8012.859,18939.023
228.892,100.2,8012.859,18939.023
229.909,100.3,8012.859,18939.023
230.926,100.3,8012.859,18939.023
231.943,100.3,8012.859,18939.023
232.961,99.3,8012.859,18939.023
233.978,100.3,8012.859,18939.023
234.995,100.3,8012.859,18939.023
236.012,100.3,8012.859,18939.023
237.029,99.3,8012.859,18939.023
238.047,100.2,8012.859,18939.023
239.064,100.3,8012.859,18939.023
240.082,100.3,8012.859,18939.023
241.099,100.3,8012.859,18939.023
242.116,100.3,8012.859,18939.023
243.133,99.3,8012.859,18939.023
244.15,100.3,8012.859,18939.023
245.167,100.3,8012.859,18939.023
246.185,100.3,8012.859,18939.023
247.202,100.3,8012.859,18939.023
248.219,99.3,8012.859,18939.023
249.236,100.3,8012.859,18939.023
250.253,100.3,8012.859,18939.023
251.27,100.3,8012.859,18939.023
252.288,99.3,8012.859,18939.023
253.305,100.3,8012.859,18939.023
254.322,100.3,8012.859,18939.023
255.339,100.3,8012.859,18939.023
256.356,99.3,8012.859,18939.023
257.374,100.3,8012.859,18939.023
258.391,100.3,8012.859,18939.023
259.409,100.2,8012.859,18939.023
260.426,100.3,8012.859,18939.023
261.444,100.3,8012.859,18939.023
262.461,99.3,8012.859,18939.023
263.478,100.3,8012.859,18939.023
264.495,100.3,8012.859,18939.023
265.513,100.3,8012.859,18939.023
266.53,99.3,8012.859,18939.023
267.547,100.3,8012.859,18939.023
268.564,100.3,8012.859,18939.023
269.582,101.3,8012.859,18939.023
270.599,99.3,8012.859,18939.023
271.616,100.3,8012.859,18939.023
272.633,100.3,8012.859,18939.023
273.65,100.3,8012.859,18939.023
274.667,100.3,8012.859,18939.023
275.685,99.3,8012.859,18939.023
276.702,100.3,8012.859,18939.023
277.719,99.3,8012.859,18939.023
278.736,100.3,8012.859,18939.023
279.754,101.2,8012.859,18939.023
280.771,99.3,8012.859,18939.023
281.788,100.3,8012.859,18939.023
282.805,100.3,8012.859,18939.023
283.822,100.3,8012.859,18939.023
284.84,99.3,8012.859,18939.023
285.857,100.3,8012.859,18939.023
286.874,100.3,8012.859,18939.023
287.891,100.3,8012.859,18939.023
288.909,99.2,8012.859,18939.023
289.927,100.3,8012.859,18939.023
290.944,100.3,8012.859,18939.023
291.961,99.3,8012.859,18939.023
292.978,100.3,8012.859,18939.023
293.996,100.3,8012.859,18939.023
295.013,100.3,8012.859,18939.023
296.03,100.3,8012.859,18939.023
297.047,99.3,8012.859,18939.023
298.065,100.2,8012.859,18939.023
299.082,100.3,8012.859,18939.023
300.099,100.3,8012.859,18939.023
301.117,100.3,8012.859,18939.023
302.134,99.3,8012.859,18939.023
303.151,100.3,8012.859,18939.023
304.168,99.3,8012.859,18939.023
305.186,101.3,8012.859,18939.023
306.203,100.3,8012.859,18939.023
307.22,99.3,8012.859,18939.023
308.237,100.3,8012.859,18939.023
309.254,100.3,8012.859,18939.023
310.272,99.3,8012.859,18939.023
311.289,100.3,8012.859,18939.023
312.306,100.3,8012.859,18939.023
313.323,99.3,8012.859,18939.023
314.34,100.3,8012.859,18939.023
315.357,100.3,8012.859,18939.023
316.375,100.3,8012.859,18939.023
317.392,100.3,8012.859,18939.023
318.409,99.3,8012.859,18939.023
319.428,100.2,8012.859,18939.023
320.445,100.3,8012.859,18939.023
321.462,100.3,8012.859,18939.023
322.479,99.3,8012.859,18939.023
323.496,100.3,8012.859,18939.023
324.514,101.2,8012.859,18939.023
325.531,100.3,8012.859,18939.023
326.548,99.3,8012.859,18939.023
327.565,100.3,8012.859,18939.023
328.583,100.3,8012.859,18939.023
329.6,100.3,8012.859,18939.023
330.617,100.3,8012.859,18939.023
331.634,99.3,8012.859,18939.023
332.651,100.3,8012.859,18939.023
333.668,100.3,8012.859,18939.023
334.686,100.3,8012.859,18939.023
335.703,99.3,8012.859,18939.023
336.72,100.3,8012.859,18939.023
337.737,100.3,8012.859,18939.023
338.754,100.3,8012.859,18939.023
339.772,99.3,8012.859,18939.023
340.789,100.3,8012.859,18939.023
341.806,100.3,8012.859,18939.023
342.823,99.3,8012.859,18939.023
343.841,100.3,8012.859,18939.023
344.858,100.3,8012.859,18939.023
345.875,99.3,8012.859,18939.023
346.893,101.2,8012.859,18939.023
347.91,100.3,8012.859,18939.023
348.928,99.2,8012.859,18939.023
349.945,101.2,8012.859,18939.023
350.963,99.3,8012.859,18939.023
351.98,100.3,8012.859,18939.023
352.997,99.3,8012.859,18939.023
354.014,100.3,8012.859,18939.023
355.031,100.3,8012.859,18939.023
356.049,99.3,8012.859,18939.023
357.066,100.3,8012.859,18939.023
358.084,101.2,8012.859,18939.023
359.101,100.3,8012.859,18939.023
360.118,99.3,8012.859,18939.023
361.135,100.3,8012.859,18939.023
362.152,100.3,8012.859,18939.023
363.17,100.3,8012.859,18939.023
364.187,99.3,8012.859,18939.023
365.204,100.3,8012.859,18939.023
366.221,100.3,8012.859,18939.023
367.238,99.3,8012.859,18939.023
368.256,100.3,8012.859,18939.023
369.273,99.3,8012.859,18939.023
370.29,100.3,8012.859,18939.023
371.307,101.3,8012.859,18939.023
372.324,99.3,8012.859,18939.023
373.341,100.3,8012.859,18939.023
374.358,100.3,8012.859,18939.023
375.376,99.3,8012.859,18939.023
376.393,100.3,8012.859,18939.023
377.41,100.3,8012.859,18939.023
378.427,100.3,8012.859,18939.023
379.446,100.2,8012.859,18939.023
380.463,99.3,8012.859,18939.023
381.48,100.3,8012.859,18939.023
382.497,100.3,8012.859,18939.023
383.514,99.3,8012.859,18939.023
384.532,101.3,8012.859,18939.023
385.549,100.3,8012.859,18939.023
386.566,100.3,8012.859,18939.023
387.583,99.3,8012.859,18939.023
388.6,100.3,8012.859,18939.023
389.618,100.3,8012.859,18939.023
390.635,100.3,8012.859,18939.023
391.652,100.3,8012.859,18939.023
392.669,99.3,8012.859,18939.023
393.687,100.3,8012.859,18939.023
394.704,99.3,8012.859,18939.023
395.721,100.3,8012.859,18939.023
396.738,100.3,8012.859,18939.023
397.756,100.3,8012.859,18939.023
398.773,100.3,8012.859,18939.023
399.79,100.3,8012.859,18939.023
400.807,99.3,8012.859,18939.023
401.824,100.3,8012.859,18939.023
402.842,100.3,8012.859,18939.023
403.859,99.3,8012.859,18939.023
404.876,100.3,8012.859,18939.023
405.893,100.3,8012.859,18939.023
406.91,100.3,8012.859,18939.023
407.928,100.3,8012.859,18939.023
408.946,99.2,8012.859,18939.023
409.963,100.3,8012.859,18939.023
410.981,100.3,8012.859,18939.023
411.998,100.3,8012.859,18939.023
413.015,100.3,8012.859,18939.023
414.032,99.3,8012.859,18939.023
415.05,100.3,8012.859,18939.023
416.067,100.3,8012.859,18939.023
417.084,99.3,8012.859,18939.023
418.102,101.2,8012.859,18939.023
419.119,100.3,8012.859,18939.023
420.137,100.3,8012.859,18939.023
421.154,99.3,8012.859,18939.023
422.171,100.3,8012.859,18939.023
423.188,100.3,8012.859,18939.023
424.206,100.3,8012.859,18939.023
425.223,99.3,8012.859,18939.023
426.24,100.3,8012.859,18939.023
427.257,100.3,8012.859,18939.023
428.275,100.3,8012.859,18939.023
429.292,100.3,8012.859,18939.023
430.309,99.3,8012.859,18939.023
431.326,100.3,8012.859,18939.023
432.343,100.3,8012.859,18939.023
433.36,100.3,8012.859,18939.023
434.378,99.3,8012.859,18939.023
435.395,100.3,8012.859,18939.023
436.412,100.3,8012.859,18939.023
437.429,100.3,8012.859,18939.023
438.447,99.3,8012.859,18939.023
439.465,100.2,8012.859,18939.023
440.482,100.3,8012.859,18939.023
441.499,100.3,8012.859,18939.023
442.517,99.3,8012.859,18939.023
443.534,100.3,8012.859,18939.023
444.551,100.3,8012.859,18939.023
445.568,100.3,8012.859,18939.023
446.586,99.3,8012.859,18939.023
447.603,100.3,8012.859,18939.023
448.62,100.3,8012.859,18939.023
449.638,100.3,8012.859,18939.023
450.655,100.3,8012.859,18939.023
451.672,99.3,8012.859,18939.023
452.689,100.3,8012.859,18939.023
453.706,100.3,8012.859,18939.023
454.724,100.3,8012.859,18939.023
455.741,99.3,8012.859,18939.023
456.758,100.3,8012.859,18939.023
457.775,101.2,8012.859,18939.023
458.793,99.3,8012.859,18939.023
459.81,100.3,8012.859,18939.023
460.827,100.3,8012.859,18939.023
461.844,99.3,8012.859,18939.023
462.861,100.3,8012.859,18939.023
463.879,100.3,8012.859,18939.023
464.896,99.3,8012.859,18939.023
465.913,100.3,8012.859,18939.023
466.931,101.3,8012.859,18939.023
467.948,99.3,8012.859,18939.023
468.966,100.2,8012.859,18939.023
469.983,100.3,8012.859,18939.023
471.0,100.3,8012.859,18939.023
472.018,99.3,8012.859,18939.023
473.035,100.3,8012.859,18939.023
474.052,100.3,8012.859,18939.023
475.069,99.3,8012.859,18939.023
476.086,100.3,8012.859,18939.023
477.104,100.3,8012.859,18939.023
478.121,100.2,8012.859,18939.023
479.139,100.3,8012.859,18939.023
480.156,100.3,8012.859,18939.023
481.173,99.3,8012.859,18939.023
482.19,100.3,8012.859,18939.023
483.208,100.3,8012.859,18939.023
484.225,100.3,8012.859,18939.023
485.242,99.3,8012.859,18939.023
486.259,100.3,8012.859,18939.023
487.276,100.3,8012.859,18939.023
488.294,99.3,8012.859,18939.023
489.311,101.3,8012.859,18939.023
490.327,100.4,8012.859,18939.023
491.343,99.4,8012.859,18939.023
492.361,100.3,8012.859,18939.023
493.378,99.3,8012.859,18939.023
494.395,100.3,8012.859,18939.023
495.412,100.3,8012.859,18939.023
496.429,99.3,8012.859,18939.023
497.447,100.3,8012.859,18939.023
498.464,100.3,8012.859,18939.023
499.482,100.2,8012.859,18939.023
500.499,99.3,8012.859,18939.023
501.517,101.3,8012.859,18939.023
502.534,100.3,8012.859,18939.023
503.551,99.3,8012.859,18939.023
504.568,100.3,8012.859,18939.023
505.585,100.3,8012.859,18939.023
506.602,99.3,8012.859,18939.023
507.62,100.3,8012.859,18939.023
508.637,100.3,8012.859,18939.023
509.654,100.3,8012.859,18939.023
510.671,99.3,8012.859,18939.023
511.689,100.3,8012.859,18939.023
512.706,100.3,8012.859,18939.023
513.723,100.3,8012.859,18939.023
514.74,99.3,8012.859,18939.023
515.757,100.3,8012.859,18939.023
516.775,100.3,8012.859,18939.023
517.792,100.3,8012.859,18939.023
518.809,100.3,8012.859,18939.023
519.826,100.3,8012.859,18939.023
520.843,99.3,8012.859,18939.023
521.861,100.3,8012.859,18939.023
522.878,100.3,8012.859,18939.023
523.895,100.3,8012.859,18939.023
524.912,99.3,8012.859,18939.023
525.929,100.3,8012.859,18939.023
526.947,100.3,8012.859,18939.023
527.964,100.3,8012.859,18939.023
528.982,100.2,8012.859,18939.023
529.999,100.3,8012.859,18939.023
531.017,99.3,8012.859,18939.023
532.034,101.3,8012.859,18939.023
533.051,100.3,8012.859,18939.023
534.068,99.3,8012.859,18939.023
535.085,100.3,8012.859,18939.023
536.103,99.3,8012.859,18939.023
537.12,100.3,8012.859,18939.023
538.138,101.2,8012.859,18939.023
539.155,99.3,8012.859,18939.023
540.172,100.3,8012.859,18939.023
541.189,99.3,8012.859,18939.023
542.207,100.3,8012.859,18939.023
543.224,101.3,8012.859,18939.023
544.241,99.3,8012.859,18939.023
545.258,100.3,8012.859,18939.023
546.276,99.3,8012.859,18939.023
547.293,100.3,8012.859,18939.023
548.31,100.3,8012.859,18939.023
549.326,100.3,8012.859,18939.023
550.343,100.4,8012.859,18939.023
551.36,99.3,8012.859,18939.023
552.377,100.3,8012.859,18939.023
553.394,100.3,8012.859,18939.023
554.412,99.3,8012.859,18939.023
555.429,101.3,8012.859,18939.023
556.446,100.3,8012.859,18939.023
557.463,99.3,8012.859,18939.023
558.481,100.3,8012.859,18939.023
559.499,100.2,8012.859,18939.023
560.516,99.3,8012.859,18939.023
561.533,100.3,8012.859,18939.023
562.551,100.3,8012.859,18939.023
563.568,99.3,8012.859,18939.023
564.585,100.3,8012.859,18939.023
565.602,100.3,8012.859,18939.023
566.619,101.3,8012.859,18939.023
567.637,99.3,8012.859,18939.023
568.654,100.3,8012.859,18939.023
569.671,99.3,8012.859,18939.023
570.688,100.3,8012.859,18939.023
571.705,100.3,8012.859,18939.023
572.723,99.3,8012.859,18939.023
573.74,100.3,8012.859,18939.023
574.757,100.3,8012.859,18939.023
575.774,100.3,8012.859,18939.023
576.792,99.3,8012.859,18939.023
577.809,100.3,8012.859,18939.023
578.826,101.3,8012.859,18939.023
579.843,99.3,8012.859,18939.023
580.861,100.3,8012.859,18939.023
581.878,100.3,8012.859,18939.023
582.895,100.3,8012.859,18939.023
583.912,99.3,8012.859,18939.023
584.93,100.3,8012.859,18939.023
585.947,100.3,8012.859,18939.023
586.964,99.3,8012.859,18939.023
587.981,100.3,8012.859,18939.023
589.0,100.2,8012.859,18939.023
590.017,100.3,8012.859,18939.023
591.034,100.3,8012.859,18939.023
592.051,99.3,8012.859,18939.023
593.068,100.3,8012.859,18939.023
594.086,101.3,8012.859,18939.023
595.103,99.3,8012.859,18939.023
596.12,100.3,8012.859,18939.023
597.137,100.3,8012.859,18939.023
598.155,99.2,8012.859,18939.023
599.173,100.3,8012.859,18939.023
600.19,101.3,8012.859,18939.023
601.207,99.3,8012.859,18939.023
602.224,99.3,8012.859,18939.023
603.241,101.3,8012.859,18939.023
604.259,100.3,8012.859,18939.023
605.276,99.3,8012.859,18939.023
606.293,100.3,8012.859,18939.023
607.31,100.3,8012.859,18939.023
608.327,99.3,8012.859,18939.023
609.344,100.3,8012.859,18939.023
610.362,100.3,8012.859,18939.023
611.379,99.3,8012.859,18939.023
612.396,100.3,8012.859,18939.023
613.413,100.3,8012.859,18939.023
614.431,100.3,8012.859,18939.023
615.448,99.3,8012.859,18939.023
616.465,100.3,8012.859,18939.023
617.482,101.2,8012.859,18939.023
618.5,99.3,8012.859,18939.023
619.518,100.2,8012.859,18939.023
620.535,100.3,8012.859,18939.023
621.553,100.3,8012.859,18939.023
622.57,100.3,8012.859,18939.023
623.587,99.3,8012.859,18939.023
624.605,100.3,8012.859,18939.023
625.622,100.3,8012.859,18939.023
626.639,100.3,8012.859,18939.023
627.656,100.3,8012.859,18939.023
628.674,99.3,8012.859,18939.023
629.691,100.3,8012.859,18939.023
630.708,100.3,8012.859,18939.023
631.725,100.3,8012.859,18939.023
632.743,99.3,8012.859,18939.023
633.76,100.3,8012.859,18939.023
634.777,100.3,8012.859,18939.023
635.795,100.3,8012.859,18939.023
636.812,99.3,8012.859,18939.023
637.829,100.3,8012.859,18939.023
638.846,100.3,8012.859,18939.023
639.864,100.3,8012.859,18939.023
640.881,99.3,8012.859,18939.023
641.898,100.3,8012.859,18939.023
642.915,100.3,8012.859,18939.023
643.933,100.3,8012.859,18939.023
644.95,100.3,8012.859,18939.023
645.967,100.3,8012.859,18939.023
646.984,99.3,8012.859,18939.023
648.002,100.3,8012.859,18939.023
649.02,100.2,8012.859,18939.023
650.037,100.3,8012.859,18939.023
651.054,100.3,8012.859,18939.023
652.072,99.3,8012.859,18939.023
653.089,100.3,8012.859,18939.023
654.106,100.3,8012.859,18939.023
655.123,100.3,8012.859,18939.023
656.141,99.3,8012.859,18939.023
657.158,100.3,8012.859,18939.023
658.176,101.2,8012.859,18939.023
659.193,99.3,8012.859,18939.023
660.21,100.3,8012.859,18939.023
661.227,100.3,8012.859,18939.023
662.245,99.3,8012.859,18939.023
663.262,100.3,8012.859,18939.023
664.279,100.3,8012.859,18939.023
665.296,100.3,8012.859,18939.023
666.313,100.3,8012.859,18939.023
667.33,99.4,8012.859,18939.023
668.347,100.3,8012.859,18939.023
669.364,100.3,8012.859,18939.023
670.381,100.3,8012.859,18939.023
671.399,99.3,8012.859,18939.023
672.416,100.3,8012.859,18939.023
673.433,100.3,8012.859,18939.023
674.451,100.3,8012.859,18939.023
675.468,100.3,8012.859,18939.023
676.485,99.3,8012.859,18939.023
677.502,100.3,8012.859,18939.023
678.52,100.3,8012.859,18939.023
679.538,100.2,8012.859,18939.023
680.555,99.3,8012.859,18939.023
681.573,100.3,8012.859,18939.023
682.59,100.3,8012.859,18939.023
683.607,99.3,8012.859,18939.023
684.624,100.3,8012.859,18939.023
685.642,100.3,8012.859,18939.023
686.659,100.3,8012.859,18939.023
687.676,99.3,8012.859,18939.023
688.693,100.3,8012.859,18939.023
689.71,100.3,8012.859,18939.023
690.728,101.2,8012.859,18939.023
691.745,99.3,8012.859,18939.023
692.762,100.3,8012.859,18939.023
693.779,100.3,8012.859,18939.023
694.796,99.3,8012.859,18939.023
695.814,100.3,8012.859,18939.023
696.831,100.3,8012.859,18939.023
697.848,100.3,8012.859,18939.023
698.865,99.3,8012.859,18939.023
699.883,100.3,8012.859,18939.023
700.9,100.3,8012.859,18939.023
701.917,100.3,8012.859,18939.023
702.934,99.3,8012.859,18939.023
703.952,100.3,8012.859,18939.023
704.969,100.3,8012.859,18939.023
705.986,100.3,8012.859,18939.023
707.003,100.3,8012.859,18939.023
708.02,99.3,8012.859,18939.023
709.039,100.2,8012.859,18939.023
710.056,100.3,8012.859,18939.023
711.073,99.3,8012.859,18939.023
712.09,100.3,8012.859,18939.023
713.107,100.3,8012.859,18939.023
714.125,100.3,8012.859,18939.023
715.142,99.3,8012.859,18939.023
716.159,100.3,8012.859,18939.023
717.176,100.3,8012.859,18939.023
718.194,101.2,8012.859,18939.023
719.211,100.3,8012.859,18939.023
720.228,99.3,8012.859,18939.023
721.246,100.3,8012.859,18939.023
722.263,100.3,8012.859,18939.023
723.28,100.3,8012.859,18939.023
724.297,100.3,8012.859,18939.023
725.315,99.3,8012.859,18939.023
726.331,100.3,8012.859,18939.023
727.347,99.4,8012.859,18939.023
728.365,100.3,8012.859,18939.023
729.382,100.3,8012.859,18939.023
730.399,100.3,8012.859,18939.023
731.416,100.3,8012.859,18939.023
732.434,99.3,8012.859,18939.023
733.451,100.3,8012.859,18939.023
734.468,99.3,8012.859,18939.023
735.485,100.3,8012.859,18939.023
736.503,101.3,8012.859,18939.023
737.52,99.3,8012.859,18939.023
738.537,100.3,8012.859,18939.023
739.556,100.2,8012.859,18939.023
740.573,100.3,8012.859,18939.023
741.59,100.3,8012.859,18939.023
742.607,100.3,8012.859,18939.023
743.624,99.3,8012.859,18939.023
744.642,100.3,8012.859,18939.023
745.659,100.3,8012.859,18939.023
746.676,100.3,8012.859,18939.023
747.693,99.3,8012.859,18939.023
748.711,100.3,8012.859,18939.023
749.728,100.3,8012.859,18939.023
750.745,99.3,8012.859,18939.023
751.762,100.3,8012.859,18939.023
752.779,100.3,8012.859,18939.023
753.797,100.3,8012.859,18939.023
754.814,100.3,8012.859,18939.023
755.831,100.3,8012.859,18939.023
756.848,100.3,8012.859,18939.023
757.866,100.3,8012.859,18939.023
758.883,99.3,8012.859,18939.023
759.9,100.3,8012.859,18939.023
760.917,99.3,8012.859,18939.023
761.935,100.3,8012.859,18939.023
762.952,100.3,8012.859,18939.023
763.969,100.3,8012.859,18939.023
764.986,100.3,8012.859,18939.023
766.003,99.3,8012.859,18939.023
767.021,100.3,8012.859,18939.023
768.038,100.3,8012.859,18939.023
769.056,100.2,8012.859,18939.023
770.074,100.3,8012.859,18939.023
771.091,100.3,8012.859,18939.023
772.108,99.3,8012.859,18939.023
773.125,100.3,8012.859,18939.023
774.143,100.3,8012.859,18939.023
775.16,100.3,8012.859,18939.023
776.177,99.3,8012.859,18939.023
777.194,100.3,8012.859,18939.023
778.212,100.2,8012.859,18939.023
779.229,100.3,8012.859,18939.023
780.247,99.3,8012.859,18939.023
781.264,101.3,8012.859,18939.023
782.281,99.3,8012.859,18939.023
783.298,100.3,8012.859,18939.023
784.316,99.3,8012.859,18939.023
785.332,100.4,8012.859,18939.023
786.348,100.3,8012.859,18939.023
787.365,100.3,8012.859,18939.023
788.383,100.3,8012.859,18939.023
789.4,99.3,8012.859,18939.023
790.417,100.3,8012.859,18939.023
791.434,100.3,8012.859,18939.023
792.452,99.3,8012.859,18939.023
793.469,101.3,8012.859,18939.023
794.486,99.3,8012.859,18939.023
795.503,100.3,8012.859,18939.023
796.521,100.3,8012.859,18939.023
797.538,99.3,8012.859,18939.023
798.555,101.2,8012.859,18939.023
799.574,99.2,8012.859,18939.023
800.591,100.3,8012.859,18939.023
801.608,99.3,8012.859,18939.023
802.625,101.2,8012.859,18939.023
803.643,100.3,8012.859,18939.023
804.66,99.3,8012.859,18939.023
805.677,100.3,8012.859,18939.023
806.695,100.3,8012.859,18939.023
807.712,100.3,8012.859,18939.023
808.729,99.3,8012.859,18939.023
809.746,100.3,8012.859,18939.023
810.764,100.3,8012.859,18939.023
811.781,99.3,8012.859,18939.023
812.798,100.3,8012.859,18939.023
813.815,100.3,8012.859,18939.023
814.833,100.3,8012.859,18939.023
815.85,100.3,8012.859,18939.023
816.867,99.3,8012.859,18939.023
817.884,100.3,8012.859,18939.023
818.902,100.3,8012.859,18939.023
819.919,100.3,8012.859,18939.023
820.936,99.3,8012.859,18939.023
821.953,101.3,8012.859,18939.023
822.971,99.3,8012.859,18939.023
823.988,100.3,8012.859,18939.023
825.005,100.3,8012.859,18939.023
826.022,100.3,8012.859,18939.023
827.04,99.3,8012.859,18939.023
828.057,100.3,8012.859,18939.023
829.075,100.2,8012.859,18939.023
830.092,100.3,8012.859,18939.023
831.11,100.3,8012.859,18939.023
832.127,100.3,8012.859,18939.023
833.144,99.3,8012.859,18939.023
834.161,100.3,8012.859,18939.023
835.178,100.3,8012.859,18939.023
836.196,100.3,8012.859,18939.023
837.213,99.3,8012.859,18939.023
838.231,100.2,8012.859,18939.023
839.248,100.3,8012.859,18939.023
840.265,100.3,8012.859,18939.023
841.282,100.3,8012.859,18939.023
842.3,100.3,8012.859,18939.023
843.317,99.3,8012.859,18939.023
844.333,100.4,8012.859,18939.023
845.349,99.4,8012.859,18939.023
846.366,100.3,8012.859,18939.023
847.384,101.2,8012.859,18939.023
848.401,99.3,8012.859,18939.023
849.418,100.3,8012.859,18939.023
850.435,100.3,8012.859,18939.023
851.453,100.3,8012.859,18939.023
852.47,99.3,8012.859,18939.023
853.487,100.3,8012.859,18939.023
854.505,100.3,8012.859,18939.023
855.522,99.3,8012.859,18939.023
856.539,100.3,8012.859,18939.023
857.556,100.3,8012.859,18939.023
858.573,100.3,8012.859,18939.023
859.592,100.2,8012.859,18939.023
860.609,99.3,8012.859,18939.023
861.626,100.3,8012.859,18939.023
862.644,101.3,8012.859,18939.023
863.661,99.3,8012.859,18939.023
864.678,100.3,8012.859,18939.023
865.695,100.3,8012.859,18939.023
866.713,100.3,8012.859,18939.023
867.73,100.3,8012.859,18939.023
868.747,99.3,8012.859,18939.023
869.764,100.3,8012.859,18939.023
870.782,100.3,8012.859,18939.023
871.799,100.3,8012.859,18939.023
872.816,100.3,8012.859,18939.023
873.833,99.3,8012.859,18939.023
874.85,100.3,8012.859,18939.023
875.868,100.3,8012.859,18939.023
876.885,100.3,8012.859,18939.023
877.902,99.3,8012.859,18939.023
878.919,100.3,8012.859,18939.023
879.937,100.3,8012.859,18939.023
880.954,100.3,8012.859,18939.023
881.971,99.3,8012.859,18939.023
882.988,100.3,8012.859,18939.023
884.006,100.3,8012.859,18939.023
885.023,99.3,8012.859,18939.023
886.04,100.3,8012.859,18939.023
887.057,100.3,8012.859,18939.023
888.075,99.3,8012.859,18939.023
889.093,100.2,8012.859,18939.023
890.11,101.3,8012.859,18939.023
891.127,100.3,8012.859,18939.023
892.145,100.3,8012.859,18939.023
893.162,99.3,8012.859,18939.023
894.179,100.3,8012.859,18939.023
895.196,100.3,8012.859,18939.023
896.214,100.3,8012.859,18939.023
897.231,99.3,8012.859,18939.023
898.248,100.2,8012.859,18939.023
899.266,100.3,8012.859,18939.023
900.283,100.3,8012.859,18939.023
901.3,99.3,8012.859,18939.023
902.317,100.3,8012.859,18939.023
903.333,99.4,8012.859,18939.023
904.351,100.3,8012.859,18939.023
905.368,101.3,8012.859,18939.023
906.385,99.3,8012.859,18939.023
907.402,100.3,8012.859,18939.023
908.42,100.3,8012.859,18939.023
909.437,99.3,8012.859,18939.023
910.454,100.3,8012.859,18939.023
911.471,99.3,8012.859,18939.023
912.489,101.2,8012.859,18939.023
913.506,99.3,8012.859,18939.023
914.523,100.3,8012.859,18939.023
915.54,99.3,8012.859,18939.023
916.558,101.3,8012.859,18939.023
917.575,100.3,8012.859,18939.023
918.592,99.3,8012.859,18939.023
919.61,100.2,8012.859,18939.023
920.628,100.3,8012.859,18939.023
921.645,99.3,8012.859,18939.023
922.662,101.3,8012.859,18939.023
923.679,100.3,8012.859,18939.023
924.697,99.3,8012.859,18939.023
925.714,100.3,8012.859,18939.023
926.731,100.3,8012.859,18939.023
927.748,99.3,8012.859,18939.023
928.766,100.3,8012.859,18939.023
929.783,100.3,8012.859,18939.023
930.799,99.4,8012.859,18939.023
931.816,100.3,8012.859,18939.023
932.833,100.3,8012.859,18939.023
933.851,100.3,8012.859,18939.023
934.868,99.3,8012.859,18939.023
935.885,100.3,8012.859,18939.023
936.903,100.3,8012.859,18939.023
937.92,99.3,8012.859,18939.023
938.937,100.3,8012.859,18939.023
939.954,100.3,8012.859,18939.023
940.972,99.3,8012.859,18939.023
941.989,100.3,8012.859,18939.023
943.006,100.3,8012.859,18939.023
944.023,100.3,8012.859,18939.023
945.041,99.3,8012.859,18939.023
946.058,100.3,8012.859,18939.023
947.075,101.2,8012.859,18939.023
948.092,99.3,8012.859,18939.023
949.111,100.2,8012.859,18939.023
950.128,100.3,8012.859,18939.023
951.145,99.3,8012.859,18939.023
952.162,100.3,8012.859,18939.023
953.18,100.3,8012.859,18939.023
954.197,100.3,8012.859,18939.023
955.214,99.3,8012.859,18939.023
956.231,100.3,8012.859,18939.023
957.248,100.3,8012.859,18939.023
958.266,99.2,8012.859,18939.023
959.283,100.3,8012.859,18939.023
960.301,100.3,8012.859,18939.023
961.318,99.3,8012.859,18939.023
962.334,100.3,8012.859,18939.023
963.352,100.3,8012.859,18939.023
964.369,100.3,8012.859,18939.023
965.386,100.3,8012.859,18939.023
966.403,100.3,8012.859,18939.023
967.421,99.3,8012.859,18939.023
968.438,100.3,8012.859,18939.023
969.455,100.3,8012.859,18939.023
970.472,99.3,8012.859,18939.023
971.49,100.3,8012.859,18939.023
972.507,101.3,8012.859,18939.023
973.524,99.3,8012.859,18939.023
974.542,99.3,8012.859,18939.023
975.559,101.2,8012.859,18939.023
976.576,99.3,8012.859,18939.023
977.594,100.3,8012.859,18939.023
978.611,100.3,8012.859,18939.023
979.629,99.2,8012.859,18939.023
980.646,101.3,8012.859,18939.023
981.664,100.3,8012.859,18939.023
982.681,99.3,8012.859,18939.023
983.698,100.3,8012.859,18939.023
984.715,99.3,8012.859,18939.023
985.733,100.3,8012.859,18939.023
986.75,100.3,8012.859,18939.023
987.767,100.3,8012.859,18939.023
988.784,100.3,8012.859,18939.023
989.802,100.3,8012.859,18939.023
990.819,99.3,8012.859,18939.023
991.836,100.3,8012.859,18939.023
992.854,100.3,8012.859,18939.023
993.871,99.3,8012.859,18939.023
994.888,100.3,8012.859,18939.023
995.905,100.3,8012.859,18939.023
996.923,99.3,8012.859,18939.023
997.94,100.3,8012.859,18939.023
998.957,100.3,8012.859,18939.023
999.974,99.3,8012.859,18939.023
1000.992,100.3,8012.859,18939.023
1002.009,100.3,8012.859,18939.023
1003.026,100.3,8012.859,18939.023
1004.043,100.3,8012.859,18939.023
1005.06,100.3,8012.859,18939.023
1006.078,100.3,8012.859,18939.023
1007.095,99.3,8012.859,18939.023
1008.112,100.3,8012.859,18939.023
1009.131,100.2,8012.859,18939.023
1010.148,100.3,8012.859,18939.023
1011.165,100.3,8012.859,18939.023
1012.182,99.3,8012.859,18939.023
1013.199,100.3,8012.859,18939.023
1014.217,100.3,8012.859,18939.023
1015.234,99.3,8012.859,18939.023
1016.251,100.3,8012.859,18939.023
1017.268,100.3,8012.859,18939.023
1018.286,99.2,8012.859,18939.023
1019.304,100.2,8012.859,18939.023
1020.321,100.3,8012.859,18939.023
1021.337,99.4,8012.859,18939.023
1022.354,100.3,8012.859,18939.023
1023.371,100.3,8012.859,18939.023
1024.389,100.3,8012.859,18939.023
1025.406,100.3,8012.859,18939.023
1026.423,99.3,8012.859,18939.023
1027.44,100.3,8012.859,18939.023
1028.458,100.3,8012.859,18939.023
1029.475,100.3,8012.859,18939.023
1030.492,100.3,8012.859,18939.023
1031.509,99.3,8012.859,18939.023
1032.527,100.3,8012.859,18939.023
1033.544,100.3,8012.859,18939.023
1034.561,99.3,8012.859,18939.023
1035.578,101.3,8012.859,18939.023
1036.596,99.3,8012.859,18939.023
1037.613,99.3,8012.859,18939.023
1038.63,101.3,8012.859,18939.023
1039.648,100.2,8012.859,18939.023
1040.666,100.3,8012.859,18939.023
1041.682,99.4,8012.859,18939.023
1042.699,100.3,8012.859,18939.023
1043.716,99.3,8012.859,18939.023
1044.733,100.3,8012.859,18939.023
1045.75,100.3,8012.859,18939.023
1046.768,100.3,8012.859,18939.023
1047.785,100.3,8012.859,18939.023
1048.802,100.3,8012.859,18939.023
1049.819,99.3,8012.859,18939.023
1050.837,100.3,8012.859,18939.023
1051.854,100.3,8012.859,18939.023
1052.871,100.3,8012.859,18939.023
1053.888,99.3,8012.859,18939.023
1054.906,100.3,8012.859,18939.023
1055.923,100.3,8012.859,18939.023
1056.94,99.3,8012.859,18939.023
1057.957,100.3,8012.859,18939.023
1058.975,100.3,8012.859,18939.023
1059.992,99.3,8012.859,18939.023
1061.009,100.3,8012.859,18939.023
1062.026,100.3,8012.859,18939.023
1063.043,100.3,8012.859,18939.023
1064.061,99.3,8012.859,18939.023
1065.078,100.3,8012.859,18939.023
1066.095,100.3,8012.859,18939.023
1067.112,101.3,8012.859,18939.023
1068.129,99.3,8012.859,18939.023
1069.148,100.2,8012.859,18939.023
1070.165,100.3,8012.859,18939.023
1071.182,99.3,8012.867,18939.023
1072.199,100.3,8012.891,18939.023
1073.216,100.3,8012.891,18939.023
1074.234,100.3,8012.891,18939.023
1075.251,100.3,8012.891,18939.023
1076.268,99.3,8012.891,18939.023
1077.285,100.3,8012.891,18939.023
1078.303,100.2,8012.891,18939.023
1079.32,99.3,8012.891,18939.023
1080.337,100.3,8012.891,18939.023
1081.355,100.3,8012.891,18939.023
1082.372,100.3,8012.891,18939.023
1083.389,99.3,8012.891,18939.023
1084.406,100.3,8012.891,18939.023
1085.424,101.2,8012.891,18939.023
1086.441,99.3,8012.891,18939.023
1087.458,99.3,8012.891,18939.023
1088.475,101.3,8012.891,18939.023
1089.492,99.3,8012.891,18939.023
1090.51,100.3,8012.891,18939.023
1091.527,99.3,8012.891,18939.023
1092.544,101.3,8012.891,18939.023
1093.562,100.3,8012.891,18939.023
1094.579,99.3,8012.891,18939.023
1095.596,100.3,8012.891,18939.023
1096.613,100.3,8012.891,18939.023
1097.63,99.3,8012.891,18939.023
1098.648,100.3,8012.891,18939.023
1099.666,100.2,8012.891,18939.023
1100.683,100.3,8012.891,18939.023
1101.701,100.3,8012.891,18939.023
1102.718,99.3,8012.891,18939.023
1103.735,100.3,8012.891,18939.023
1104.752,99.3,8012.891,18939.023
1105.769,101.3,8012.891,18939.023
1106.786,100.3,8012.891,18939.023
1107.804,99.3,8012.891,18939.023
1108.821,100.3,8012.891,18939.023
1109.838,99.3,8012.891,18939.023
1110.855,100.3,8012.891,18939.023
1111.873,100.3,8012.891,18939.023
1112.89,100.3,8012.891,18939.023
1113.907,99.3,8012.891,18939.023
1114.924,100.3,8012.891,18939.023
1115.942,100.3,8012.891,18939.023
1116.959,99.3,8012.891,18939.023
1117.976,100.3,8012.891,18939.023
1118.993,100.3,8012.891,18939.023
1120.011,99.3,8012.891,18939.023
1121.028,100.3,8012.891,18939.023
1122.045,101.2,8012.891,18939.023
1123.062,100.3,8012.891,18939.023
1124.08,99.3,8012.891,18939.023
1125.097,100.3,8012.891,18939.023
1126.114,100.3,8012.891,18939.023
1127.131,100.3,8012.891,18939.023
1128.149,99.3,8012.891,18939.023
1129.167,100.2,8012.891,18939.023
1130.184,100.3,8012.891,18939.023
1131.201,99.3,8012.891,18939.023
1132.219,100.2,8012.891,18939.023
1133.236,99.3,8012.891,18939.023
1134.253,101.2,8012.891,18939.023
1135.271,99.3,8012.891,18939.023
1136.288,100.3,8012.891,18939.023
1137.305,99.3,8012.891,18939.023
1138.323,100.2,8012.891,18939.023
1139.34,101.3,8012.891,18939.023
1140.357,100.3,8012.891,18939.023
1141.375,99.3,8012.891,18939.023
1142.392,100.3,8012.891,18939.023
1143.409,100.3,8012.891,18939.023
1144.427,99.3,8012.891,18939.023
1145.444,100.3,8012.891,18939.023
1146.461,100.3,8012.891,18939.023
1147.478,100.3,8012.891,18939.023
1148.496,99.3,8012.891,18939.023
1149.513,100.3,8012.891,18939.023
1150.53,99.3,8012.891,18939.023
1151.548,101.3,8012.891,18939.023
1152.565,99.3,8012.891,18939.023
1153.582,100.3,8012.891,18939.023
1154.599,100.3,8012.891,18939.023
1155.617,99.3,8012.891,18939.023
1156.634,100.3,8012.891,18939.023
1157.651,100.3,8012.891,18939.023
1158.668,100.3,8012.891,18939.023
1159.687,100.2,8012.891,18939.023
1160.704,99.3,8012.891,18939.023
1161.721,100.3,8012.891,18939.023
1162.739,99.3,8012.891,18939.023
1163.756,101.3,8012.891,18939.023
1164.773,100.3,8012.891,18939.023
1165.79,99.3,8012.891,18939.023
1166.808,100.3,8012.891,18939.023
1167.825,100.3,8012.891,18939.023
1168.842,100.3,8012.891,18939.023
1169.859,99.3,8012.891,18939.023
1170.877,100.3,8012.891,18939.023
1171.894,100.3,8012.891,18939.023
1172.911,100.3,8012.891,18939.023
1173.929,99.3,8012.891,18939.023
1174.946,100.3,8012.891,18939.023
1175.963,100.3,8012.891,18939.023
1176.98,100.3,8012.891,18939.023
1177.998,99.3,8012.891,18939.023
1179.015,100.3,8012.891,18939.023
1180.032,100.3,8012.891,18939.023
1181.049,99.3,8012.891,18939.023
1182.067,100.3,8012.891,18939.023
1183.084,101.3,8012.891,18939.023
1184.101,99.3,8012.891,18939.023
1185.118,100.3,8012.891,18939.023
1186.136,100.3,8012.891,18939.023
1187.153,100.3,8012.891,18939.023
1188.17,100.3,8012.891,18939.023
1189.188,99.2,8012.891,18939.023
1190.206,100.3,8012.891,18939.023
1191.223,100.3,8012.891,18939.023
1192.24,99.3,8012.891,18939.023
1193.257,100.3,8012.891,18939.023
1194.274,99.3,8012.891,18939.023
1195.292,101.3,8012.891,18939.023
1196.309,99.3,8012.891,18939.023
1197.325,99.3,8012.891,18939.023
1198.343,101.2,8012.891,18939.023
1199.361,99.3,8012.891,18939.023
1200.378,100.3,8012.891,18939.023
1201.395,100.3,8012.891,18939.023
1202.413,99.3,8012.891,18939.023
1203.43,100.3,8012.891,18939.023
1204.447,100.3,8012.891,18939.023
1205.465,100.3,8012.891,18939.023
1206.482,99.3,8012.891,18939.023
1207.499,101.2,8012.891,18939.023
1208.516,99.3,8012.891,18939.023
1209.534,100.3,8012.891,18939.023
1210.551,100.3,8012.891,18939.023
1211.568,100.3,8012.891,18939.023
1212.585,99.3,8012.891,18939.023
1213.603,100.3,8012.891,18939.023
1214.62,100.3,8012.891,18939.023
1215.637,100.3,8012.891,18939.023
1216.655,99.3,8012.891,18939.023
1217.672,100.3,8012.891,18939.023
1218.689,100.3,8012.891,18939.023
1219.707,100.2,8012.891,18939.023
1220.724,99.3,8012.891,18939.023
1221.742,100.3,8012.891,18939.023
1222.759,100.3,8012.891,18939.023
1223.776,100.3,8012.891,18939.023
1224.794,100.3,8012.891,18939.023
1225.811,100.3,8012.891,18939.023
1226.828,99.3,8012.891,18939.023
1227.845,100.3,8012.891,18939.023
1228.863,100.3,8012.891,18939.023
1229.88,99.3,8012.891,18939.023
1230.897,100.3,8012.891,18939.023
1231.914,100.3,8012.891,18939.023
1232.932,100.3,8012.891,18939.023
1233.949,100.3,8012.891,18939.023
1234.966,99.3,8012.891,18939.023
1235.983,100.3,8012.891,18939.023
1237.001,100.3,8012.891,18939.023
1238.018,99.3,8012.891,18939.023
1239.035,100.3,8012.891,18939.023
1240.052,100.3,8012.891,18939.023
1241.07,100.3,8012.891,18939.023
1242.087,99.3,8012.891,18939.023
1243.104,101.3,8012.891,18939.023
1244.122,100.3,8012.891,18939.023
1245.139,99.3,8012.891,18939.023
1246.156,100.3,8012.891,18939.023
1247.173,100.3,8012.891,18939.023
1248.19,100.3,8012.891,18939.023
1249.209,99.2,8012.891,18939.023
1250.226,100.3,8012.891,18939.023
1251.243,100.3,8012.891,18939.023
1252.261,100.3,8012.891,18939.023
1253.278,100.3,8012.891,18939.023
1254.295,99.3,8012.891,18939.023
1255.312,100.3,8012.891,18939.023
1256.329,100.3,8012.891,18939.023
1257.346,99.3,8012.891,18939.023
1258.364,100.2,8012.891,18939.023
1259.381,100.3,8012.891,18939.023
1260.399,99.3,8012.891,18939.023
1261.416,100.3,8012.891,18939.023
1262.433,100.3,8012.891,18939.023
1263.45,99.3,8012.891,18939.023
1264.468,101.2,8012.891,18939.023
1265.485,99.3,8012.891,18939.023
1266.502,100.3,8012.891,18939.023
1267.52,100.3,8012.891,18939.023
1268.537,99.3,8012.891,18939.023
1269.554,100.3,8012.891,18939.023
1270.572,100.3,8012.891,18939.023
1271.589,100.3,8012.891,18939.023
1272.606,100.3,8012.891,18939.023
1273.624,100.3,8012.891,18939.023
1274.641,100.3,8012.891,18939.023
1275.658,99.3,8012.891,18939.023
1276.675,100.3,8012.891,18939.023
1277.693,100.3,8012.891,18939.023
1278.71,99.3,8012.891,18939.023
1279.728,101.2,8012.891,18939.023
1280.745,100.3,8012.891,18939.023
1281.763,99.3,8012.891,18939.023
1282.78,100.3,8012.891,18939.023
1283.797,99.3,8012.891,18939.023
1284.815,101.2,8012.891,18939.023
1285.832,99.3,8012.891,18939.023
1286.849,100.3,8012.891,18939.023
1287.866,100.3,8012.891,18939.023
1288.884,99.3,8012.891,18939.023
1289.901,100.3,8012.891,18939.023
1290.918,100.3,8012.891,18939.023
1291.936,100.3,8012.891,18939.023
1292.953,100.3,8012.891,18939.023
1293.97,100.3,8012.891,18939.023
1294.987,99.3,8012.891,18939.023
1296.005,100.3,8012.891,18939.023
1297.022,99.3,8012.891,18939.023
1298.039,100.3,8012.891,18939.023
1299.057,100.3,8012.891,18939.023
1300.074,100.3,8012.891,18939.023
1301.091,100.3,8012.891,18939.023
1302.108,100.3,8012.891,18939.023
1303.126,100.3,8012.891,18939.023
1304.143,99.3,8012.891,18939.023
1305.16,100.3,8012.891,18939.023
1306.177,100.3,8012.891,18939.023
1307.195,99.3,8012.891,18939.023
1308.212,100.3,8012.891,18939.023
1309.23,100.2,8012.891,18939.023
1310.247,99.3,8012.891,18939.023
1311.265,100.3,8012.891,18939.023
1312.282,100.3,8012.891,18939.023
1313.299,100.3,8012.891,18939.023
1314.316,99.3,8012.891,18939.023
1315.333,100.3,8012.891,18939.023
1316.35,100.3,8012.891,18939.023
1317.368,100.3,8012.891,18939.023
1318.385,99.2,8012.891,18939.023
1319.403,101.2,8012.891,18939.023
1320.42,99.3,8012.891,18939.023
1321.437,100.3,8012.891,18939.023
1322.455,99.3,8012.891,18939.023
1323.472,100.3,8012.891,18939.023
1324.489,100.3,8012.891,18939.023
1325.506,99.3,8012.891,18939.023
1326.524,100.3,8012.891,18939.023
1327.541,100.3,8012.891,18939.023
1328.558,100.3,8012.891,18939.023
1329.576,100.3,8012.891,18939.023
1330.593,100.3,8012.891,18939.023
1331.61,100.3,8012.891,18939.023
1332.627,99.3,8012.891,18939.023
1333.645,100.3,8012.891,18939.023
1334.662,100.3,8012.891,18939.023
1335.679,99.3,8012.891,18939.023
1336.697,100.3,8012.891,18939.023
1337.714,99.3,8012.891,18939.023
1338.731,101.3,8012.891,18939.023
1339.75,100.2,8012.891,18939.023
1340.767,99.3,8012.891,18939.023
1341.784,100.3,8012.891,18939.023
1342.801,100.3,8012.891,18939.023
1343.819,100.3,8012.891,18939.023
1344.836,100.3,8012.891,18939.023
1345.853,99.3,8012.891,18939.023
1346.871,99.3,8012.891,18939.023
1347.888,101.2,8012.891,18939.023
1348.905,99.3,8012.891,18939.023
1349.923,100.3,8012.891,18939.023
1350.94,100.3,8012.891,18939.023
1351.957,99.3,8012.891,18939.023
1352.974,101.3,8012.891,18939.023
1353.992,100.3,8012.891,18939.023
1355.009,99.3,8012.891,18939.023
1356.026,99.3,8012.891,18939.023
1357.043,100.3,8012.891,18939.023
1358.061,100.3,8012.891,18939.023
1359.078,100.3,8012.891,18939.023
1360.095,100.3,8012.891,18939.023
1361.112,99.3,8012.891,18939.023
1362.13,100.3,8012.891,18939.023
1363.147,100.3,8012.891,18939.023
1364.164,99.3,8012.891,18939.023
1365.181,100.3,8012.891,18939.023
1366.198,100.3,8012.891,18939.023
1367.216,100.3,8012.891,18939.023
1368.233,100.3,8012.891,18939.023
1369.251,100.2,8012.891,18939.023
1370.269,100.2,8012.891,18939.023
1371.286,99.3,8012.891,18939.023
1372.304,100.3,8012.891,18939.023
1373.321,100.3,8012.891,18939.023
1374.338,100.3,8012.891,18939.023
1375.355,99.3,8012.891,18939.023
1376.373,100.3,8012.891,18939.023
1377.39,100.2,8012.891,18939.023
1378.408,100.2,8012.891,18939.023
1379.425,100.3,8012.891,18939.023
1380.442,99.3,8012.891,18939.023
1381.459,100.3,8012.891,18939.023
1382.477,100.3,8012.891,18939.023
1383.494,100.3,8012.891,18939.023
1384.511,100.3,8012.891,18939.023
1385.528,99.3,8012.891,18939.023
1386.546,100.3,8012.891,18939.023
1387.563,100.3,8012.891,18939.523
1388.58,100.3,8012.891,18939.023
1389.598,99.3,8012.891,18939.023
1390.615,100.3,8012.891,18939.023
1391.632,100.3,8012.891,18939.023
1392.649,100.3,8012.891,18939.023
1393.667,99.3,8012.891,18939.023
1394.684,99.3,8012.891,18939.023
1395.701,101.3,8012.891,18939.023
1396.719,100.2,8012.891,18939.023
1397.736,86.5,0.0,0.0
