Elapsed_time,CPU,Real_MB,Virtual_MB
1.042,93.0,161.191,8526.449
2.043,99.9,170.91,8536.238
3.044,98.9,170.91,8536.238
4.044,98.9,170.91,8536.238
5.045,99.9,170.91,8536.238
6.045,99.9,170.91,8536.238
7.046,99.9,170.91,8536.238
8.046,98.9,170.91,8536.238
9.047,101.0,170.91,8536.238
10.047,99.0,170.91,8536.238
11.048,99.0,170.91,8536.238
12.048,100.0,170.91,8536.238
13.049,99.9,170.91,8536.238
14.049,100.0,170.91,8536.238
15.05,99.0,170.91,8536.238
16.05,100.0,170.91,8536.238
17.051,98.9,170.91,8536.238
18.051,99.9,170.91,8536.238
19.052,99.0,170.91,8536.238
20.052,100.9,170.91,8536.238
21.053,99.0,170.91,8536.238
22.053,99.0,170.91,8536.238
23.054,100.9,170.91,8536.238
24.054,99.0,170.91,8536.238
25.055,100.0,170.91,8536.238
26.055,98.9,170.91,8536.238
27.056,98.0,176.699,15192.586
28.056,100.9,215.113,15192.586
29.057,99.9,439.98,15192.586
30.057,98.9,660.566,15339.082
31.058,100.9,762.66,18243.082
32.058,101.3,1613.371,43468.086
33.059,101.3,10228.152,43468.086
34.059,101.3,17539.965,43468.086
35.06,101.3,24590.117,40618.953
36.06,101.3,10508.207,23534.41
37.061,99.9,10882.238,23924.41
38.061,99.9,12916.895,26050.41
39.062,100.9,14678.785,27891.41
40.062,98.9,16730.457,30035.41
41.063,100.9,18457.543,31840.41
42.064,99.9,20455.816,33928.41
43.064,90.0,20514.098,33986.91
44.065,88.0,20832.898,34300.723
45.065,100.9,20950.613,34406.793
46.066,99.9,21037.754,34406.793
47.066,99.9,21044.715,34406.793
48.067,99.9,21076.426,34406.793
49.067,99.9,21102.207,34406.793
50.068,99.9,21130.422,34406.793
51.068,99.9,21137.535,34406.793
52.069,100.9,21144.457,34406.793
53.069,99.9,21151.418,34406.793
54.07,99.9,21155.543,34406.793
55.07,100.0,21204.23,34406.793
56.071,100.9,21230.527,34406.793
57.071,99.9,21251.668,34406.793
58.072,99.9,21261.465,34406.793
59.072,99.9,21261.98,34406.793
60.073,99.9,21265.074,34406.793
61.073,100.0,21267.91,34406.793
62.074,99.9,21270.488,34406.793
63.074,99.9,21774.543,35016.074
64.075,100.9,22744.824,36229.973
65.075,99.0,23709.68,37435.855
66.076,101.0,24677.594,38645.875
67.076,99.0,25643.844,39851.758
68.077,101.0,26610.918,41059.773
69.077,100.0,27164.273,41625.156
70.078,99.9,28067.844,42730.129
71.078,99.9,29044.91,43956.051
72.079,99.9,29811.57,44883.121
73.079,100.9,29946.547,44883.121
74.08,99.9,30088.086,44883.121
75.08,99.9,30276.359,44927.637
76.081,99.9,30386.488,44943.398
77.081,99.9,30447.824,44951.527
78.082,99.9,30525.672,44967.289
79.082,99.9,30596.09,44975.418
80.083,99.9,30633.668,44975.418
81.083,99.9,30678.598,44975.418
82.084,100.9,30736.59,44995.246
83.084,99.9,30791.422,45016.824
84.085,99.9,30837.551,44995.246
85.085,99.9,30915.152,44995.246
86.086,99.9,31199.848,45310.539
87.086,100.9,31185.172,45205.441
88.087,98.9,31395.422,45415.637
89.087,100.9,31395.727,45415.637
90.088,99.9,31815.398,45835.133
91.088,99.9,31262.043,45183.379
92.089,99.9,31914.254,45724.977
93.089,99.9,32497.637,46195.863
94.09,99.9,33052.215,46634.711
95.091,99.9,32706.879,46279.672
96.091,99.9,32898.785,46460.195
97.092,68.0,33188.82,46668.262
98.092,67.0,33405.453,46909.812
99.093,99.9,32126.867,45564.379
100.093,99.9,32754.457,46209.324
101.094,99.9,33119.512,46492.012
102.094,100.0,33622.723,46889.359
103.095,99.9,33253.555,46515.883
104.095,99.9,33785.637,47043.531
105.096,100.9,34185.039,47342.816
106.096,99.0,33193.539,46317.988
107.097,99.9,33672.133,46764.855
108.097,100.9,34245.793,47305.309
109.098,99.9,34548.293,47494.465
110.098,99.9,33743.922,46690.043
111.099,100.9,33926.898,46872.641
112.099,100.0,34197.445,47043.844
113.1,99.9,34224.816,47032.184
114.1,99.9,34492.113,47295.09
115.101,99.9,35086.953,47877.73
116.101,99.9,35668.461,48354.309
117.102,99.9,34114.953,46799.281
118.102,99.9,34558.508,47271.984
119.103,100.9,34976.723,47524.523
120.103,99.9,34368.906,46898.965
121.104,99.9,34464.594,46993.977
122.104,99.9,35160.496,47674.852
123.105,99.9,34670.453,47106.402
124.105,99.9,35164.723,47599.797
125.106,100.9,36041.684,48474.562
126.107,99.9,36463.332,48747.406
127.107,98.9,34740.941,47011.398
128.108,100.9,34918.91,47204.637
129.108,99.9,35519.059,47718.652
130.109,99.9,35128.5,47260.07
131.109,99.9,35317.824,47447.637
132.11,99.9,35818.023,47911.484
133.11,99.9,36631.879,48725.852
134.111,100.9,35812.848,47797.844
135.111,98.9,35987.406,47964.402
136.112,100.9,36621.664,48554.047
137.112,99.9,35845.531,47727.727
138.113,99.9,36079.922,47960.746
139.113,99.9,36249.023,48122.152
140.114,99.9,36255.078,48091.523
141.114,99.9,36939.852,48775.621
142.115,99.9,37159.238,48989.668
143.115,100.9,37425.473,49235.715
144.116,99.9,35966.406,47770.453
145.116,99.9,36496.75,48297.594
146.117,99.9,36892.949,48689.566
147.118,100.9,36048.5,47866.461
148.118,99.9,36584.422,48375.727
149.119,99.9,37070.652,48860.336
150.119,98.9,36090.824,47877.652
151.12,100.9,36123.602,47909.656
152.12,99.9,36723.805,48565.918
153.121,99.9,37027.414,48806.004
154.121,99.9,36498.926,48277.504
155.122,99.9,36720.117,48496.977
156.122,99.9,37097.852,48874.73
157.123,99.9,36567.691,48349.883
158.123,100.9,37566.211,49341.707
159.124,99.9,37777.48,49551.941
160.124,99.9,36816.082,48650.188
161.125,100.9,37565.203,49333.004
162.125,98.9,37779.176,49546.41
163.126,100.9,38032.047,49791.82
164.126,98.9,35668.895,47424.582
165.127,100.9,35807.77,47561.73
166.127,99.9,35887.66,47625.738
167.128,98.9,35700.941,47440.059
168.128,100.9,35974.117,47694.906
169.129,99.9,36013.07,47726.91
170.13,99.9,35810.445,47502.188
171.13,99.9,35986.109,47677.363
172.131,100.9,36134.078,47825.297
173.131,98.9,35796.336,47465.703
174.132,100.9,36728.656,48398.113
175.132,99.9,36898.664,48567.215
176.133,99.9,37740.133,49484.082
177.133,99.9,36214.301,47880.688
178.134,100.9,36711.199,48393.742
179.134,98.9,37017.094,48678.879
180.135,100.9,36087.723,47748.914
181.135,99.9,36250.379,47911.402
182.136,99.9,36857.598,48517.0
183.136,99.9,37320.438,49020.969
184.137,99.9,36219.938,47875.871
185.137,99.9,36358.043,48013.945
186.138,99.9,36541.102,48195.148
187.138,100.9,36271.066,47923.383
188.139,99.9,36423.91,48075.863
189.139,100.0,37036.609,48688.648
190.14,99.9,36633.039,48407.223
191.14,99.9,37393.875,49045.68
192.141,99.9,37649.195,49300.648
193.142,99.9,36631.227,48279.738
194.142,100.9,36754.668,48401.484
195.143,99.9,36818.676,48465.492
196.143,99.9,37416.367,49064.121
197.144,99.9,36623.637,48338.066
198.144,99.9,36861.586,48505.203
199.145,99.9,36446.926,48087.43
200.145,99.9,36599.34,48240.016
201.146,100.9,37528.121,49168.613
202.146,99.9,36615.855,48255.578
203.147,99.9,36849.777,48487.73
204.147,99.9,37334.66,48972.648
205.148,99.9,38063.969,49760.969
206.148,99.9,36832.863,48470.043
207.149,99.9,37009.422,48645.023
208.149,100.9,37165.574,48798.773
209.15,98.9,36786.445,48431.68
210.15,100.9,37260.168,48891.754
211.151,99.9,37805.859,49439.414
212.151,99.9,36731.273,48359.07
213.152,99.9,37353.047,48980.941
214.152,99.9,37515.938,49143.723
215.153,100.9,38436.836,50151.105
216.153,99.0,37024.797,48649.086
217.154,100.9,37241.215,48863.762
218.155,99.9,36816.609,48434.406
219.155,99.9,36994.391,48612.117
220.156,99.9,37107.336,48724.238
221.156,99.9,36854.102,48470.68
222.157,99.9,37448.961,49065.621
223.157,100.9,37028.5,48644.602
224.158,98.9,35953.102,47568.613
225.158,100.9,36163.297,47778.809
226.159,100.0,36163.297,47778.809
227.159,100.0,36163.297,47778.809
228.16,100.0,36163.297,47778.809
229.16,100.0,35953.102,47568.613
230.16,99.9,35953.102,47568.613
231.161,100.9,35953.102,47568.613
232.162,99.9,35953.102,47568.613
233.162,99.9,35953.102,47568.613
234.163,99.9,35953.102,47568.613
235.163,99.9,35953.102,47568.613
236.164,99.9,35953.102,47568.613
237.164,99.9,35953.102,47568.613
238.165,100.9,35953.102,47568.613
239.165,99.9,35742.906,47358.418
240.166,99.9,35742.906,47358.418
241.166,99.9,35742.906,47358.418
242.167,99.9,35742.906,47358.418
243.167,99.9,35742.906,47358.418
244.168,100.9,35742.906,47358.418
245.168,99.9,35742.906,47358.418
246.169,99.9,35742.906,47358.418
247.169,99.9,35742.906,47358.418
248.17,99.9,35742.906,47358.418
249.17,99.9,35742.906,47358.418
250.171,99.9,35742.906,47358.418
251.172,100.9,35742.906,47358.418
252.172,99.9,35742.906,47358.418
253.173,99.9,35742.906,47358.418
254.173,99.9,35742.906,47358.418
255.174,99.9,35742.906,47358.418
256.174,99.9,35742.906,47358.418
257.175,99.9,35742.906,47358.418
258.175,99.9,35742.906,47358.418
259.176,99.9,35742.906,47358.418
260.176,100.9,35742.906,47358.418
261.177,99.9,35742.906,47358.418
262.177,99.9,35742.906,47358.418
263.178,99.9,35742.906,47358.418
264.178,99.9,35742.906,47358.418
265.179,99.9,35742.906,47358.418
266.179,99.9,35742.906,47358.418
267.18,99.9,35742.906,47358.418
268.18,100.9,35742.906,47358.418
269.181,99.9,35742.906,47358.418
270.181,99.9,35742.906,47358.418
271.182,99.9,35742.906,47358.418
272.183,99.9,35742.906,47358.418
273.183,99.9,35742.906,47358.418
274.184,99.9,35742.906,47358.418
275.184,99.9,35742.906,47358.418
276.185,99.9,35742.906,47358.418
277.185,100.9,35742.906,47358.418
278.186,99.9,35742.906,47358.418
279.186,100.9,35742.906,47358.418
280.187,99.9,35742.906,47358.418
281.187,99.9,35742.906,47358.418
282.188,99.9,35742.906,47358.418
283.188,99.9,35742.906,47358.418
284.189,99.9,35742.906,47358.418
285.189,99.9,35742.906,47358.418
286.19,100.9,35742.906,47358.418
287.19,99.9,35742.906,47358.418
288.191,99.9,35742.906,47358.418
289.191,99.9,35742.906,47358.418
290.192,99.9,35742.906,47358.418
291.193,99.9,35742.906,47358.418
292.193,99.9,35742.906,47358.418
293.194,99.9,35742.906,47358.418
294.194,100.9,35742.906,47358.418
295.195,99.9,35742.906,47358.418
296.195,99.9,35742.906,47358.418
297.196,99.9,35742.906,47358.418
298.196,99.9,35742.906,47358.418
299.197,99.9,35742.906,47358.418
300.197,99.9,35742.906,47358.418
301.198,99.9,35742.906,47358.418
302.198,99.9,35742.906,47358.418
303.199,100.9,35742.906,47358.418
304.199,99.9,35742.906,47358.418
305.2,99.9,35742.906,47358.418
306.2,99.9,35742.906,47358.418
307.201,99.9,35742.906,47358.418
308.201,99.9,35742.906,47358.418
309.202,99.9,35742.906,47358.418
310.202,100.9,35742.906,47358.418
311.203,99.9,35742.906,47358.418
312.204,99.9,35742.906,47358.418
313.204,99.9,35742.906,47358.418
314.205,99.9,35742.906,47358.418
315.205,99.9,35742.906,47358.418
316.206,99.9,35742.906,47358.418
317.206,99.9,35742.906,47358.418
318.207,100.9,35742.906,47358.418
319.207,99.9,35742.906,47358.418
320.208,99.9,35742.906,47358.418
321.208,100.0,35742.906,47358.418
322.209,100.0,35742.906,47358.418
323.209,100.0,35742.906,47358.418
324.21,100.0,35742.906,47358.418
325.21,100.0,35742.906,47358.418
326.21,99.9,35742.906,47358.418
327.211,100.9,35742.906,47358.418
328.212,99.9,35742.906,47358.418
329.212,99.9,35742.906,47358.418
330.213,99.9,35742.906,47358.418
331.213,99.9,35742.906,47358.418
332.214,99.9,35742.906,47358.418
333.214,99.9,35742.906,47358.418
334.215,99.9,35742.906,47358.418
335.215,100.9,35742.906,47358.418
336.216,99.9,35742.906,47358.418
337.216,99.9,35742.906,47358.418
338.217,99.9,35742.906,47358.418
339.217,99.9,35742.906,47358.418
340.218,99.9,35742.906,47358.418
341.218,99.9,35742.906,47358.418
342.219,100.9,35742.906,47358.418
343.219,99.9,35742.906,47358.418
344.22,99.9,35742.906,47358.418
345.22,99.9,35742.906,47358.418
346.221,99.9,35742.906,47358.418
347.221,99.9,35742.906,47358.418
348.222,99.9,35742.906,47358.418
349.223,99.9,35742.906,47358.418
350.223,100.9,35742.906,47358.418
351.224,99.9,35742.906,47358.418
352.224,99.9,35742.906,47358.418
353.225,99.9,35742.906,47358.418
354.225,101.0,35742.906,47358.418
355.226,100.0,35742.906,47358.418
356.226,100.0,35742.906,47358.418
357.226,100.0,35742.906,47358.418
358.227,99.9,35742.906,47358.418
359.227,99.9,35742.906,47358.418
360.228,100.9,35742.906,47358.418
361.228,99.9,35742.906,47358.418
362.229,99.9,35742.906,47358.418
363.23,99.9,35742.906,47358.418
364.23,99.9,35742.906,47358.418
365.231,99.9,35742.906,47358.418
366.231,99.9,35742.906,47358.418
367.232,99.9,35742.906,47358.418
368.232,99.9,35742.906,47358.418
369.233,100.9,35742.906,47358.418
370.233,99.9,35742.906,47358.418
371.234,99.9,35742.906,47358.418
372.234,99.9,35742.906,47358.418
373.235,99.9,35742.906,47358.418
374.235,99.9,35742.906,47358.418
375.236,99.9,35742.906,47358.418
376.236,99.9,35742.906,47358.418
377.237,99.9,35742.906,47358.418
378.237,99.9,35742.906,47358.418
379.238,100.9,35742.906,47358.418
380.238,99.9,35742.906,47358.418
381.239,99.9,35742.906,47358.418
382.239,99.9,35742.906,47358.418
383.24,99.9,35742.906,47358.418
384.241,99.9,35742.906,47358.418
385.241,99.9,35742.906,47358.418
386.242,100.9,35742.906,47358.418
387.242,99.9,35742.906,47358.418
388.243,99.9,35742.906,47358.418
389.243,100.9,35742.906,47358.418
390.244,99.9,35742.906,47358.418
391.244,99.9,35742.906,47358.418
392.245,99.9,35742.906,47358.418
393.245,99.9,35742.906,47358.418
394.246,99.9,35742.906,47358.418
395.246,99.9,35742.906,47358.418
396.247,100.9,35742.906,47358.418
397.247,99.9,35742.906,47358.418
398.248,99.9,35742.906,47358.418
399.248,99.9,35742.906,47358.418
400.249,99.9,35742.906,47358.418
401.249,99.9,35742.906,47358.418
402.25,99.9,35742.906,47358.418
403.25,99.9,35742.906,47358.418
404.251,100.9,35742.906,47358.418
405.251,99.9,35742.906,47358.418
406.252,99.9,35742.906,47358.418
407.253,99.9,35742.906,47358.418
408.253,99.9,35742.906,47358.418
409.254,99.9,35742.906,47358.418
410.254,99.9,35742.906,47358.418
411.255,100.9,35742.906,47358.418
412.255,99.9,35742.906,47358.418
413.256,99.9,35742.906,47358.418
414.256,99.9,35742.906,47358.418
415.257,99.9,35742.906,47358.418
416.257,99.9,35742.906,47358.418
417.258,99.9,35742.906,47358.418
418.258,99.9,35742.906,47358.418
419.259,99.9,35742.906,47358.418
420.259,99.9,35742.906,47358.418
421.26,99.9,35742.906,47358.418
422.26,100.9,35742.906,47358.418
423.261,99.9,35742.906,47358.418
424.261,99.9,35742.906,47358.418
425.262,99.9,35742.906,47358.418
426.262,99.9,35742.906,47358.418
427.263,99.9,35742.906,47358.418
428.263,99.9,35742.906,47358.418
429.264,100.9,35742.906,47358.418
430.264,99.9,35742.906,47358.418
431.265,99.9,35742.906,47358.418
432.266,99.9,35742.906,47358.418
433.266,99.9,35742.906,47358.418
434.267,99.9,35742.906,47358.418
435.267,99.9,35742.906,47358.418
436.268,99.9,35742.906,47358.418
437.268,99.9,35742.906,47358.418
438.269,100.9,35742.906,47358.418
439.269,99.9,35742.906,47358.418
440.27,100.9,35742.906,47358.418
441.27,99.9,35742.906,47358.418
442.271,99.9,35742.906,47358.418
443.271,99.9,35742.906,47358.418
444.272,100.0,35742.906,47358.418
445.272,99.9,35742.906,47358.418
446.273,100.9,35742.906,47358.418
447.273,99.9,35742.906,47358.418
448.274,99.9,35742.906,47358.418
449.274,99.9,35742.906,47358.418
450.275,99.9,35742.906,47358.418
451.275,99.9,35742.906,47358.418
452.276,99.9,35742.906,47358.418
453.276,99.9,35742.906,47358.418
454.277,100.0,35742.906,47358.418
455.277,101.0,35742.906,47358.418
456.278,100.0,35742.906,47358.418
457.278,100.0,35742.906,47358.418
458.279,99.9,35742.906,47358.418
459.279,99.9,35742.906,47358.418
460.28,99.9,35742.906,47358.418
461.28,99.9,35742.906,47358.418
462.281,99.9,35742.906,47358.418
463.281,99.9,35742.906,47358.418
464.282,100.9,35742.906,47358.418
465.282,99.9,35742.906,47358.418
466.283,99.9,35742.906,47358.418
467.283,100.0,35742.906,47358.418
468.284,99.9,35742.906,47358.418
469.284,99.9,35742.906,47358.418
470.285,99.9,35742.906,47358.418
471.285,99.9,35742.906,47358.418
472.286,99.9,35742.906,47358.418
473.286,100.9,35742.906,47358.418
474.287,99.9,35742.906,47358.418
475.287,99.9,35742.906,47358.418
476.288,99.9,35742.906,47358.418
477.289,99.9,35742.906,47358.418
478.289,100.9,35742.906,47358.418
479.29,99.9,35742.906,47358.418
480.29,99.9,35742.906,47358.418
481.291,99.9,35742.906,47358.418
482.291,99.9,35742.906,47358.418
483.292,100.9,35742.906,47358.418
484.292,99.9,35742.906,47358.418
485.293,99.9,35742.906,47358.418
486.293,99.9,35742.906,47358.418
487.294,99.9,35742.906,47358.418
488.294,100.0,35742.906,47358.418
489.295,99.9,35742.906,47358.418
490.295,99.9,35742.906,47358.418
491.296,100.9,35742.906,47358.418
492.296,100.0,35742.906,47358.418
493.297,100.0,35742.906,47358.418
494.297,99.9,35742.906,47358.418
495.298,99.9,35742.906,47358.418
496.298,100.0,35742.906,47358.418
497.299,100.0,35742.906,47358.418
498.299,100.0,35742.906,47358.418
499.3,99.9,35742.906,47358.418
500.3,100.0,35742.906,47358.418
501.301,100.9,35742.906,47358.418
502.301,100.0,35742.906,47358.418
503.302,100.0,35742.906,47358.418
504.302,100.0,35742.906,47358.418
505.303,99.9,35742.906,47358.418
506.303,99.9,35742.906,47358.418
507.304,99.9,35742.906,47358.418
508.304,100.0,35742.906,47358.418
509.305,100.9,35742.906,47358.418
510.305,99.9,35742.906,47358.418
511.306,99.9,35742.906,47358.418
512.306,100.0,35742.906,47358.418
513.307,99.9,35742.906,47358.418
514.307,99.9,35742.906,47358.418
515.308,99.9,35742.906,47358.418
516.308,100.0,35742.906,47358.418
517.309,100.9,35742.906,47358.418
518.309,99.9,35742.906,47358.418
519.31,99.9,35742.906,47358.418
520.311,99.9,35742.906,47358.418
521.311,99.9,35742.906,47358.418
522.312,99.9,35742.906,47358.418
523.312,99.9,35742.906,47358.418
524.313,100.9,35742.906,47358.418
525.313,99.9,35742.906,47358.418
526.314,99.9,35742.906,47358.418
527.314,99.9,35742.906,47358.418
528.315,99.9,35742.906,47358.418
529.315,99.9,35742.906,47358.418
530.316,99.9,35742.906,47358.418
531.316,99.9,35742.906,47358.418
532.317,99.9,35742.906,47358.418
533.317,100.9,35742.906,47358.418
534.318,100.9,35742.906,47358.418
535.318,99.9,35742.906,47358.418
536.319,99.9,35742.906,47358.418
537.319,99.9,35742.906,47358.418
538.32,100.0,35742.906,47358.418
539.32,99.9,35742.906,47358.418
540.321,100.0,35742.906,47358.418
541.321,100.9,35742.906,47358.418
542.322,99.9,35742.906,47358.418
543.322,99.9,35742.906,47358.418
544.323,99.9,35742.906,47358.418
545.323,99.9,35742.906,47358.418
546.324,99.9,35742.906,47358.418
547.324,100.0,35742.906,47358.418
548.325,99.9,35742.906,47358.418
549.325,99.9,35742.906,47358.418
550.326,100.9,35742.906,47358.418
551.326,100.0,35742.906,47358.418
552.327,99.9,35742.906,47358.418
553.327,99.9,35742.906,47358.418
554.328,99.9,35742.906,47358.418
555.329,99.9,35742.906,47358.418
556.329,99.9,35742.906,47358.418
557.33,99.9,35742.906,47358.418
558.33,99.9,35742.906,47358.418
559.331,99.9,35742.906,47358.418
560.331,101.0,35742.906,47358.418
561.332,99.9,35742.906,47358.418
562.332,99.9,35742.906,47358.418
563.333,99.9,35742.906,47358.418
564.333,99.9,35742.906,47358.418
565.334,99.9,35742.906,47358.418
566.334,99.9,35742.906,47358.418
567.335,99.9,35742.906,47358.418
568.335,100.9,35742.906,47358.418
569.336,99.9,35742.906,47358.418
570.336,99.9,35742.906,47358.418
571.337,99.9,35742.906,47358.418
572.337,100.0,35742.906,47358.418
573.338,100.0,35742.906,47358.418
574.338,99.9,35742.906,47358.418
575.339,99.9,35742.906,47358.418
576.339,101.0,35742.906,47358.418
577.34,99.9,35742.906,47358.418
578.34,99.9,35742.906,47358.418
579.341,99.9,35742.906,47358.418
580.341,99.9,35742.906,47358.418
581.342,100.9,35742.906,47358.418
582.342,99.9,35742.906,47358.418
583.343,99.9,35742.906,47358.418
584.343,100.0,35742.906,47358.418
585.344,100.9,35742.906,47358.418
586.344,99.9,35742.906,47358.418
587.345,99.9,35742.906,47358.418
588.345,99.9,35742.906,47358.418
589.346,99.9,35742.906,47358.418
590.346,99.9,35742.906,47358.418
591.347,99.9,35742.906,47358.418
592.347,101.0,35742.906,47358.418
593.348,99.9,35742.906,47358.418
594.348,99.9,35742.906,47358.418
595.349,99.9,35742.906,47358.418
596.35,99.9,35742.906,47358.418
597.35,99.9,35742.906,47358.418
598.351,99.9,35742.906,47358.418
599.351,100.9,35742.906,47358.418
600.352,99.9,35742.906,47358.418
601.352,99.9,35742.906,47358.418
602.353,99.9,35742.906,47358.418
603.353,99.9,35742.906,47358.418
604.354,99.9,35742.906,47358.418
605.354,99.9,35742.906,47358.418
606.355,99.9,35742.906,47358.418
607.355,100.9,35742.906,47358.418
608.356,99.9,35742.906,47358.418
609.356,99.9,35742.906,47358.418
610.357,99.9,35742.906,47358.418
611.357,99.9,35742.906,47358.418
612.358,99.9,35742.906,47358.418
613.358,99.9,35742.906,47358.418
614.359,100.0,35742.906,47358.418
615.359,100.9,35742.906,47358.418
616.36,100.0,35742.906,47358.418
617.36,100.0,35742.906,47358.418
618.361,100.0,35742.906,47358.418
619.361,100.0,35742.906,47358.418
620.362,99.9,35742.906,47358.418
621.362,100.0,35742.906,47358.418
622.363,100.0,35742.906,47358.418
623.363,101.0,35742.906,47358.418
624.364,99.9,35742.906,47358.418
625.364,100.0,35742.906,47358.418
626.365,99.9,35742.906,47358.418
627.365,99.9,35742.906,47358.418
628.366,100.0,35742.906,47358.418
629.366,100.0,35742.906,47358.418
630.367,100.9,35742.906,47358.418
631.367,100.0,35742.906,47358.418
632.368,99.9,35742.906,47358.418
633.368,99.9,35742.906,47358.418
634.369,100.0,35742.906,47358.418
635.369,100.0,35742.906,47358.418
636.37,99.9,35742.906,47358.418
637.37,100.0,35742.906,47358.418
638.371,100.9,35742.906,47358.418
639.371,100.0,35742.906,47358.418
640.372,99.9,35742.906,47358.418
641.372,100.0,35742.906,47358.418
642.373,99.9,35795.32,47410.969
643.373,99.9,35807.438,47410.969
644.374,99.9,35878.996,47463.52
645.374,100.0,35964.477,47516.07
646.375,100.0,36062.008,47568.621
647.375,100.9,36088.047,47568.621
648.376,99.9,36183.84,47621.172
649.376,100.0,36277.828,47673.723
650.377,100.0,36377.23,47726.273
651.377,100.0,36408.168,47726.273
652.378,99.9,36512.727,47778.824
653.378,100.0,36648.414,47831.375
654.379,100.0,37027.285,48136.426
655.379,101.0,37387.352,48451.738
656.38,99.9,37799.074,48792.199
657.38,100.0,38226.516,49148.426
658.381,100.0,38588.129,49463.738
659.381,100.0,38999.668,49804.199
660.382,99.9,38406.699,49205.121
661.382,100.0,38406.699,49205.121
662.383,101.0,38459.18,49257.672
663.383,100.0,38511.918,49310.223
664.384,99.9,38564.434,49362.773
665.384,100.0,38564.434,49362.773
666.385,100.0,38616.812,49415.324
667.385,99.9,39346.332,50150.152
668.386,99.9,39980.957,50779.883
669.386,100.0,40609.875,51408.809
670.387,99.9,41114.258,51953.477
671.387,101.0,38504.984,49304.602
672.388,99.9,38995.895,49841.359
673.388,99.9,39501.504,50370.227
674.389,99.9,40038.344,50928.949
675.389,100.0,40526.988,51486.438
676.39,99.9,41080.695,52053.473
677.391,46.0,41145.383,52117.285
678.391,49.0,41145.68,52118.637
679.392,99.9,38536.125,49334.879
680.392,99.9,38536.16,49334.879
681.393,100.0,38536.16,49334.879
682.393,101.0,38536.16,49334.879
683.393,99.0,38536.16,49334.879
684.394,100.0,38536.16,49334.879
685.394,101.0,38536.16,49334.879
686.394,100.0,38536.16,49334.879
687.395,100.0,38536.16,49334.879
688.395,100.0,38634.441,49528.098
689.396,101.0,38638.441,49528.098
690.396,100.0,38640.441,49528.098
691.396,100.0,38642.441,49528.098
692.397,100.0,38644.441,49528.098
693.397,100.0,38646.441,49528.098
694.397,100.0,38648.441,49528.098
695.398,100.0,38650.441,49528.098
696.398,100.0,38652.441,49528.098
697.398,100.0,38654.441,49528.098
698.399,100.0,38656.441,49528.098
699.399,100.0,38658.441,49528.098
700.399,101.3,38543.52,49553.055
701.4,100.0,38543.52,49553.055
702.4,101.3,38543.52,49553.055
703.401,100.0,38491.121,49500.504
704.401,100.0,38491.121,49500.504
705.402,100.0,38491.121,49500.504
706.402,100.0,38491.121,49500.504
707.402,100.0,38491.121,49500.504
708.402,101.0,38491.121,49500.504
709.403,99.0,38491.121,49500.504
710.403,101.0,38491.121,49500.504
711.403,99.0,38491.121,49500.504
712.404,101.0,38491.121,49500.504
713.404,100.0,38491.121,49500.504
714.404,100.0,38491.121,49500.504
715.404,101.0,38491.121,49500.504
716.405,99.0,38491.121,49500.504
717.405,101.0,38491.121,49500.504
718.405,100.0,38491.121,49500.504
719.406,100.0,38491.223,49500.504
720.406,100.0,38491.223,49500.504
721.407,100.0,38491.223,49500.504
722.407,100.0,38491.223,49500.504
723.407,100.0,38491.223,49500.504
724.408,100.0,38491.223,49500.504
725.408,101.0,38491.223,49500.504
726.409,100.0,38491.223,49500.504
727.409,100.0,38491.223,49500.504
728.41,100.0,38491.223,49500.504
729.41,100.0,38491.223,49500.504
730.41,100.0,38491.223,49500.504
731.411,100.0,38491.223,49500.504
732.411,100.0,38491.223,49500.504
733.412,101.0,38491.223,49500.504
734.412,100.0,38491.223,49500.504
735.412,100.0,38491.223,49500.504
736.413,100.0,38491.223,49500.504
737.413,100.0,38491.223,49500.504
738.414,100.0,38491.223,49500.504
739.414,100.0,38491.223,49500.504
740.414,100.0,38491.223,49500.504
741.415,101.0,38491.223,49500.504
742.415,100.0,38491.223,49500.504
743.416,100.0,38491.223,49500.504
744.416,100.0,38491.223,49500.504
745.416,100.0,38491.223,49500.504
746.417,100.0,38491.223,49500.504
747.417,100.0,38491.223,49500.504
748.418,100.0,38491.223,49500.504
749.418,100.0,38491.223,49500.504
750.418,101.0,38491.223,49500.504
751.419,100.0,38491.223,49500.504
752.419,100.0,38491.223,49500.504
753.42,100.0,38491.223,49500.504
754.42,100.0,38491.223,49500.504
755.42,100.0,38491.223,49500.504
756.421,99.9,38491.223,49500.504
757.421,101.0,38491.223,49500.504
758.422,100.0,38491.223,49500.504
759.422,100.0,38491.223,49500.504
760.423,100.0,38491.223,49500.504
761.423,100.0,38491.223,49500.504
762.423,100.0,38491.223,49500.504
763.424,100.0,38491.223,49500.504
764.424,100.0,38491.223,49500.504
765.425,100.0,38491.223,49500.504
766.425,101.0,38491.223,49500.504
767.426,99.9,38491.223,49500.504
768.426,100.0,38491.223,49500.504
769.427,100.0,38491.223,49500.504
770.427,100.0,38491.223,49500.504
771.427,100.0,38491.223,49500.504
772.428,100.0,38491.223,49500.504
773.428,100.0,38491.223,49500.504
774.429,101.0,38491.223,49500.504
775.429,100.0,38491.223,49500.504
776.429,100.0,38491.223,49500.504
777.43,100.0,38491.223,49500.504
778.43,100.0,38491.223,49500.504
779.431,100.0,38491.223,49500.504
780.431,100.0,38491.223,49500.504
781.432,100.0,38491.223,49500.504
782.432,101.0,38491.223,49500.504
783.432,100.0,38491.223,49500.504
784.433,99.9,38491.223,49500.504
785.433,100.0,38491.223,49500.504
786.434,100.0,38491.223,49500.504
787.434,100.0,38491.223,49500.504
788.435,100.0,38491.223,49500.504
789.435,100.0,38491.223,49500.504
790.436,101.0,38491.223,49500.504
791.436,100.0,38491.223,49500.504
792.436,100.0,38491.223,49500.504
793.437,100.0,38491.223,49500.504
794.437,100.0,38491.223,49500.504
795.437,100.0,38491.223,49500.504
796.438,100.0,38491.223,49500.504
797.438,100.0,38491.223,49500.504
798.439,100.9,38491.223,49500.504
799.439,100.0,38491.223,49500.504
800.44,100.0,38491.223,49500.504
801.44,100.0,38491.223,49500.504
802.441,100.0,38491.223,49500.504
803.441,100.0,38491.223,49500.504
804.441,100.0,38491.223,49500.504
805.442,101.0,38491.223,49500.504
806.442,100.0,38491.223,49500.504
807.443,100.0,38491.223,49500.504
808.443,100.0,38491.223,49500.504
809.443,100.0,38491.223,49500.504
810.444,100.0,38491.223,49500.504
811.444,100.0,38491.223,49500.504
812.445,100.0,38491.223,49500.504
813.445,100.0,38491.223,49500.504
814.445,101.0,38491.223,49500.504
815.446,100.0,38491.223,49500.504
816.446,100.0,38491.223,49500.504
817.447,100.0,38491.223,49500.504
818.447,100.0,38491.223,49500.504
819.448,100.0,38491.223,49500.504
820.448,100.0,38491.223,49500.504
821.448,100.0,38491.223,49500.504
822.449,100.0,38491.223,49500.504
823.449,101.0,38491.223,49500.504
824.45,100.0,38491.223,49500.504
825.45,100.0,38491.223,49500.504
826.45,100.0,38491.223,49500.504
827.451,100.0,38491.223,49500.504
828.451,100.0,38491.223,49500.504
829.452,100.0,38491.223,49500.504
830.452,100.0,38491.223,49500.504
831.453,100.0,38491.223,49500.504
832.453,101.0,38491.223,49500.504
833.454,100.0,38491.223,49500.504
834.454,100.0,38491.223,49500.504
835.455,100.0,38491.223,49500.504
836.455,100.0,38491.223,49500.504
837.456,100.0,38491.223,49500.504
838.456,100.0,38491.223,49500.504
839.457,100.0,38491.223,49500.504
840.457,101.0,38491.223,49500.504
841.457,100.0,38491.223,49500.504
842.458,100.0,38491.223,49500.504
843.458,100.0,38491.223,49500.504
844.459,100.0,38491.223,49500.504
845.459,100.0,38491.223,49500.504
846.46,100.0,38491.223,49500.504
847.46,101.0,38491.223,49500.504
848.461,100.0,38491.223,49500.504
849.461,100.0,38491.223,49500.504
850.461,100.0,38491.223,49500.504
851.462,99.9,38491.223,49500.504
852.462,100.0,38491.223,49500.504
853.463,100.0,38491.223,49500.504
854.463,100.0,38491.223,49500.504
855.464,100.9,38491.223,49500.504
856.464,99.9,38491.223,49500.504
857.465,99.9,38491.223,49500.504
858.465,100.0,38491.223,49500.504
859.466,100.0,38491.223,49500.504
860.466,100.0,38491.223,49500.504
861.467,100.0,38491.223,49500.504
862.467,100.0,38491.223,49500.504
863.467,101.0,38491.223,49500.504
864.468,99.9,38491.223,49500.504
865.468,100.0,38491.223,49500.504
866.469,101.0,38491.223,49500.504
867.469,100.0,38491.223,49500.504
868.47,100.0,38491.223,49500.504
869.47,100.0,38491.223,49500.504
870.471,100.0,38491.223,49500.504
871.471,101.0,38491.223,49500.504
872.472,100.0,38491.223,49500.504
873.472,100.0,38546.367,49500.504
874.472,100.0,38547.141,49500.504
875.473,100.0,38547.141,49500.504
876.473,100.0,38547.141,49500.504
877.474,100.0,38547.141,49500.504
878.474,100.0,38547.141,49500.504
879.474,101.0,38547.141,49500.504
880.475,100.0,38547.141,49500.504
881.475,100.0,38547.141,49500.504
882.475,100.0,38547.398,49500.504
883.476,100.0,38547.398,49500.504
884.476,100.0,38547.398,49500.504
885.477,100.0,38547.398,49500.504
886.477,100.0,38547.656,49500.504
887.478,99.9,38742.277,49883.637
888.478,100.0,38744.277,49883.637
889.478,100.0,38748.277,49883.637
890.479,100.0,38750.277,49883.637
891.479,100.0,38752.277,49883.637
892.479,101.0,38756.277,49883.637
893.479,100.0,38758.277,49883.637
894.48,100.0,38760.277,49883.637
895.48,100.0,38764.277,49883.637
896.48,100.0,38766.277,49883.637
897.481,100.0,38768.277,49883.637
898.481,101.0,38772.277,49883.637
899.481,100.0,38774.277,49883.637
900.482,100.0,38776.277,49883.637
901.482,100.0,38780.277,49883.637
902.482,100.0,38782.277,49883.637
903.482,88.0,38547.59,49500.0
904.483,66.0,0.0,0.0
905.483,100.0,0.0,0.0
