# Elapsed time   CPU (%)     Real (MB)   Virtual (MB)
       0.000        0.000      208.188     8508.293
       1.011       94.000      227.684     8527.750
       2.031       93.200      302.262     8603.090
       3.051       90.200      336.113     8644.355
       4.070       87.400      359.766     8670.699
       5.090       83.300      362.223     8736.621
       6.110      100.000      403.387     8778.781
       7.130       98.100      403.387     8778.781
       8.149      100.100      403.555     8778.781
       9.169       99.100      403.555     8778.781
      10.188      100.000      422.535     8798.109
      11.208       99.100      422.535     8798.109
      12.227       99.100      422.535     8798.109
      13.247      100.100      422.641     8798.109
      14.266       99.100      422.641     8798.109
      15.286       99.100      422.641     8798.109
      16.306       99.100      422.641     8798.109
      17.325       99.100      422.641     8798.109
      18.345      100.000      422.641     8798.109
      19.364       99.100      422.641     8798.109
      20.384       99.100      422.641     8798.109
      21.403       99.100      422.641     8798.109
      22.423       99.100      446.418    12659.223
      23.442      101.000      631.199    12659.223
      24.462       99.100      679.887    12775.223
      25.481      101.100      690.199    13101.223
      26.492       99.900      704.637    13560.223
      27.503       99.900      740.988    14729.223
      28.522      100.100      816.785    17154.223
      29.541      379.600     2164.324    29860.020
      30.563     1500.900    11110.602    29860.020
      31.583      934.100     6239.328    18315.660
      32.603      100.000     6760.148    18852.660
      33.622      100.000     8103.352    20239.660
      34.642      100.000     9955.219    22150.660
      35.662       99.100    11337.609    23577.660
      36.681      100.000    11923.105    24172.293
      37.701       99.100    12065.855    24330.422
      38.721      100.100    12316.625    29959.398
      39.740      100.000    13958.625    29959.398
      40.760      101.000    15686.625    29959.398
      41.780      100.000    17416.625    29959.398
      42.799       99.000    17737.055    29959.398
      43.819      101.000    17911.008    30805.141
      44.839       99.000    18401.008    30805.141
      45.859      100.000    18638.027    30805.141
      46.878      100.100    13078.164    25186.160
      47.897      101.000    13447.004    25749.988
      48.917       99.100    14086.242    26221.160
      49.937      101.000    14420.020    26574.539
      50.957       99.100    14112.707    26204.613
      51.976      101.000    14867.797    27001.656
      52.996       99.000    14779.754    26866.820
      54.016      100.000    14807.039    26866.820
      55.035      100.100    14835.387    26866.820
      56.055      101.000    14868.586    26866.820
      57.074      100.000    14902.410    26866.820
      58.094       99.100    14936.387    26866.820
      59.113      100.100    14969.129    26866.820
      60.132      101.000    14251.793    26135.270
      61.152       99.100    14567.723    26459.895
      62.172      100.000    15109.434    26954.219
      63.192      101.000    15201.078    27030.641
      64.211      100.100    15435.344    27238.379
      65.231      100.000    14737.703    26521.961
      66.250       99.100    14811.930    26596.188
      67.270      101.000    14993.363    26790.496
      68.290      100.000    15154.602    26938.730
      69.309      100.000    15154.777    26938.770
      70.329      100.100    15154.777    26938.770
      71.348      100.000    15154.777    26938.770
      72.368      100.100    15154.785    26938.770
      73.388      100.000    15156.879    26938.770
      74.407       65.700        0.000        0.000
