# Elapsed time   CPU (%)     Real (MB)   Virtual (MB)
       0.000        0.000      119.184     8420.711
       1.014       98.600      206.281     8507.406
       2.034       94.100      208.793     8510.395
       3.054       96.100      226.012     8527.914
       4.075       92.000      321.789     8630.637
       5.095       87.300      338.801     8650.180
       6.116       82.300      358.301     8670.562
       7.138       94.900      382.578     8759.453
       8.158       99.000      401.570     8778.781
       9.178      100.000      401.570     8778.781
      10.198       99.000      401.785     8778.781
      11.218       98.100      401.785     8778.781
      12.238      100.000      401.785     8778.781
      13.258       98.000      420.664     8798.109
      14.278       99.000      420.664     8798.109
      15.298      100.000      420.871     8798.109
      16.318       99.000      420.871     8798.109
      17.338       99.000      420.871     8798.109
      18.358       99.000      420.871     8798.109
      19.378       99.000      420.871     8798.109
      20.398       99.000      420.871     8798.109
      21.418       99.000      420.871     8798.109
      22.438       99.000      420.871     8798.109
      23.458      100.000      420.871     8798.109
      24.478       98.000      420.871     8798.109
      25.498       99.000      420.871     8798.109
      26.518      100.000      420.871     8798.109
      27.538       99.000      420.871     8798.109
      28.557       98.100      420.871     8798.109
      29.577       99.000      420.871     8798.109
      30.596       99.000      420.871     8798.109
      31.616       99.000      420.871     8798.109
      32.636       99.000      420.871     8798.109
      33.656      100.000      420.871     8798.109
      34.676       98.100      420.871     8798.109
      35.696       99.000      420.871     8798.109
      36.716      100.000      420.871     8798.109
      37.736       99.000      420.871     8798.109
      38.756       98.000      420.871     8798.109
      39.776      100.000      420.871     8798.109
      40.795       99.000      420.871     8798.109
      41.815       99.000      420.871     8798.109
      42.835       98.000      420.871     8798.109
      43.855      100.000      420.871     8798.109
      44.875       99.000      420.871     8798.109
      45.895       98.000      420.871     8798.109
      46.915      100.000      420.871     8798.109
      47.935       99.000      420.871     8798.109
      48.955       99.000      420.871     8798.109
      49.975       99.000      420.871     8798.109
      50.995       99.000      420.871     8798.109
      52.015       99.000      420.871     8798.109
      53.035       99.000      420.871     8798.109
      54.055       99.000      420.871     8798.109
      55.075       99.000      420.871     8798.109
      56.096       99.000      420.871     8798.109
      57.116       99.000      420.871     8798.109
      58.136      100.000      420.871     8798.109
      59.156       98.000      420.871     8798.109
      60.176      100.000      420.871     8798.109
      61.196       98.000      420.871     8798.109
      62.216       99.000      420.871     8798.109
      63.236      100.000      420.871     8798.109
      64.256       98.000      420.871     8798.109
      65.276      100.000      420.871     8798.109
      66.296       99.000      420.871     8798.109
      67.316       99.000      420.871     8798.109
      68.336       99.000      420.871     8798.109
      69.356       98.000      420.871     8798.109
      70.376      100.000      420.871     8798.109
      71.396       99.000      420.871     8798.109
      72.416       99.000      420.871     8798.109
      73.436       99.000      420.871     8798.109
      74.456       99.000      420.871     8798.109
      75.476       99.000      420.871     8798.109
      76.496      100.000      506.535    19396.289
      77.516      100.000      506.535    19396.289
      78.536      100.000      816.996    19396.289
      79.555      100.100     1241.098    19396.289
      80.575      100.000     1317.562    19465.289
      81.595      100.000     1328.648    19754.289
      82.615      100.000     1352.109    20352.289
      83.635      100.000     1400.621    21593.289
      84.655      100.000     1468.672    23337.289
      85.675      101.000     1642.402    27783.289
      86.695      881.300     5486.375    38734.395
      87.713     1201.200    12199.207    38734.395
      88.730     1180.300    18458.020    38734.395
      89.747     1177.500    16159.688    30062.332
      90.763      131.800     7855.809    19468.777
      91.783      100.000     7855.809    19468.777
      92.803      100.000     8664.961    20313.273
      93.823      101.000    10480.992    22210.273
      94.843       99.000    11737.828    23523.273
      95.864      101.000    12970.688    24812.273
      96.884      100.000    14812.758    26736.273
      97.905       98.900    15041.961    26968.035
      98.925       99.000    15198.430    27081.930
      99.946      100.900    16344.602    34186.184
     100.966      100.000    18090.602    34186.184
     101.987       99.900    19828.602    34186.184
     103.007      101.000    21574.602    34186.184
     104.027      100.000    22302.855    34186.184
     105.048      100.000    22865.391    41290.438
     106.068       99.900    24795.391    41290.438
     107.088      100.000    26725.391    41290.438
     108.109      100.000    28677.391    41290.438
     109.129      100.000    29407.039    41290.438
     110.149      100.900    30322.629    51946.820
     111.170       98.900    32412.629    51946.820
     112.190      100.900    34494.629    51946.820
     113.210      100.000    36588.629    51946.820
     114.229      100.100    38669.895    51946.820
     115.249      100.000    40074.098    51946.820
     116.270      100.000    40129.598    51946.820
     117.290      100.000    40130.211    51946.820
     118.310      100.000    40130.211    51946.820
     119.330      101.000    40130.211    51946.820
     120.350       98.900    40401.988    55498.949
     121.371      100.000    40959.637    55498.949
     122.391      100.000    41516.254    55498.949
     123.411      100.000    42071.066    55498.949
     124.431      100.000    42629.488    55498.949
     125.451      101.000    43189.199    55498.949
     126.471      100.000    43682.328    55498.949
     127.492      100.000    30017.906    44842.570
     128.512      100.000    32857.906    44842.570
     129.532      100.000    33609.906    48394.699
     130.551      100.000    34233.906    48394.699
     131.571      100.100    34857.906    48394.699
     132.591      100.000    35481.906    48394.699
     133.611       99.900    36105.906    48394.699
     134.631      100.000    36578.164    55498.957
     135.652      101.000    38562.289    55498.957
     136.672      100.000    41954.289    55498.957
     137.692      100.000    43678.289    55498.957
     138.712      100.000    43678.477    55498.957
     139.732      101.000    43678.477    55498.957
     140.752      100.000    43678.734    55498.957
     141.772      100.000    43678.734    55498.957
     142.792      100.000    43678.992    55498.957
     143.812      100.000    43678.992    55498.957
     144.832      100.000    43679.250    55498.957
     145.852      100.000    43679.250    55498.957
     146.872      100.000    43679.508    55498.957
     147.892      100.000    43679.766    55498.957
     148.912      100.000    43679.766    55498.957
     149.932      100.000    43680.023    55498.957
     150.952      100.000    43680.023    55498.957
     151.972      101.000    43680.281    55498.957
     152.992      100.000    43680.281    55498.957
     154.012      100.000    43680.539    55498.957
     155.032       99.900    43680.539    55498.957
     156.052      100.000    43680.797    55498.957
     157.072      100.000    43680.797    55498.957
     158.092      100.000    43681.055    55498.957
     159.112      100.000    43681.055    55498.957
     160.132      100.000    43681.312    55498.957
     161.152      100.000    43681.312    55498.957
     162.172      100.000    43681.570    55498.957
     163.192      100.000    43681.570    55498.957
     164.212      100.000    43681.828    55498.957
     165.232      100.000    43681.828    55498.957
     166.252      100.000    43682.086    55498.957
     167.272      101.000    43682.344    55498.957
     168.292      100.000    43682.344    55498.957
     169.312      100.000    43682.344    55498.957
     170.332      100.000    43682.344    55498.957
     171.353      100.000    44054.301    62603.215
     172.373      101.000    44435.348    62603.215
     173.393      100.000    44647.785    62603.215
     174.413      100.000    44860.738    62603.215
     175.433       99.000    45072.660    62603.215
     176.453      101.000    45284.840    62603.215
     177.473      100.000    45497.277    62603.215
     178.493       99.000    45710.230    62603.215
     179.513      101.000    45923.441    62603.215
     180.533      100.000    46136.910    62603.215
     181.552       99.100    46350.379    62603.215
     182.571      101.000    46563.590    62603.215
     183.591      100.000    46777.059    62603.215
     184.611      100.000    46990.527    62603.215
     185.631      100.000    47203.480    62603.215
     186.651      101.000    47416.691    62603.215
     187.671      100.000    47629.902    62603.215
     188.692      100.000    47842.855    62603.215
     189.712      100.000    48056.066    62603.215
     190.732       99.000    48269.020    62603.215
     191.752      101.000    48482.488    62603.215
     192.772      100.000    48695.441    62603.215
     193.792       99.000    48907.621    62603.215
     194.812      101.000    49120.316    62603.215
     195.832      101.000    49333.012    62603.215
     196.852      100.000    49546.480    62603.215
     197.872       99.000    49759.691    62603.215
     198.892      100.000    49973.160    62603.215
     199.912      101.000    50186.113    62603.215
     200.932      100.000    50399.066    62603.215
     201.952      100.000    50612.277    62603.215
     202.972       99.000    50786.559    62603.215
     203.992      101.000    50786.559    62603.215
     205.012      100.000    50786.559    62603.215
     206.032      100.000    43682.504    55498.957
     207.052      100.000    43682.504    55498.957
     208.072      100.000    43682.520    55498.957
     209.092      100.000    43683.258    55498.957
     210.112      100.000    44737.594    56585.988
     211.133      100.000    44770.762    56585.988
     212.153      100.000    44770.762    56585.988
     213.173      100.000    46545.086    58760.051
     214.193      101.000    46170.754    58035.363
     215.213      100.000    43560.125    55932.609
     216.234      100.000    44115.289    55932.609
     217.254      100.000    44117.094    55932.609
     218.274      101.000    44118.125    55932.609
     219.294       99.000    44840.777    56657.297
     220.314      100.000    44841.551    56657.297
     221.334      100.000    44842.582    56657.297
     222.354      101.000    44118.344    55932.609
     223.374      100.000    44940.512    56946.484
     224.394      100.000    45997.348    57960.359
     225.414      100.000    46144.852    57960.359
     226.435      100.000    46145.883    57960.359
     227.455      100.000    46652.168    58467.297
     228.475      100.000    46652.684    58467.297
     229.495      101.000    46435.363    58286.984
     230.515       99.000    36505.867    50820.383
     231.535      100.000    28968.656    40783.375
     232.554      100.100    29184.816    41001.125
     233.573      100.000    29561.168    41543.781
     234.594      100.000    30260.785    42197.031
     235.614      100.000    30060.531    41870.438
     236.634      100.000    30062.492    41870.438
     237.654      100.000    31084.789    43807.602
     238.675      101.000    33029.469    45744.766
     239.695       99.000    32000.016    43807.602
     240.715      101.000    32484.148    45744.766
     241.735      100.000    34375.281    46390.488
     242.756       99.900    33938.266    45744.766
     243.776      100.000    34388.488    46390.488
     244.796      100.000    35447.273    47681.934
     245.817      100.000    36511.656    48973.379
     246.837      101.000    37164.062    48973.379
     247.857      100.000    37164.836    48973.379
     248.877      100.000    37165.352    48973.379
     249.897      100.000    37166.125    48973.379
     250.917       99.000    37166.641    48973.379
     251.937      101.000    37166.898    48973.379
     252.957      100.000    38457.215    50264.824
     253.977      100.000    38457.473    50264.824
     254.997      100.000    38457.730    50264.824
     256.017      100.000    38457.988    50264.824
     257.037      100.000    38458.246    50264.824
     258.057      101.000    37166.977    48973.379
     259.077      100.000    37852.648    49678.641
     260.097      100.000    38597.625    50383.906
     261.118      100.000    38598.055    50383.906
     262.138       99.000    38947.438    50736.539
     263.158      101.000    38950.531    50736.539
     264.178      100.000    39416.711    51792.133
     265.198      100.000    41066.363    53200.359
     266.218      101.000    40476.355    52261.543
     267.239       99.000    41417.426    54139.184
     268.259      100.000    41710.422    54139.184
     269.279      100.000    41932.398    54139.184
     270.299      100.000    42160.305    54139.184
     271.319      100.000    42354.180    54139.184
     272.339      101.000    42541.352    55078.004
     273.359      100.000    42769.258    55078.004
     274.379      100.000    42997.422    55078.004
     275.399      100.000    43226.359    55078.004
     276.419      100.000    42354.527    54139.184
     277.440      101.000    42884.223    54668.129
     278.460      100.000    44061.453    56076.355
     279.480      100.000    45587.188    57484.582
     280.500       99.000    44307.121    56076.355
     281.520      101.000    44909.621    56824.855
     282.540      100.000    44868.848    56637.730
     283.560      100.100    45540.508    57386.230
     284.580      100.000    45831.383    57760.480
     285.600      100.000    46236.664    58134.730
     286.620      100.000    46370.211    58134.730
     287.640      101.000    46618.484    58508.980
     288.660       99.000    33483.059    45391.148
     289.680      101.000    30381.895    42242.125
     290.700       99.000    30649.121    42407.773
     291.720      101.000    31044.488    42867.949
     292.740      100.000    31320.012    43076.559
     293.760      100.000    31320.035    43076.559
     294.781      100.000    31881.465    43637.941
     295.801      100.000    31882.465    43637.941
     296.821      100.000    33294.910    45059.027
     297.841      100.000    32593.160    44348.484
     298.862      100.900    33305.129    45059.027
     299.882       99.000    34001.461    45769.570
     300.902      101.000    34487.855    46243.266
     301.922      100.000    34489.402    46243.266
     302.943      100.000    34962.027    46716.961
     303.963      100.000    34962.801    46716.961
     304.983      100.000    34605.977    46360.352
     306.003      100.000    35367.539    47261.258
     307.023      100.000    36407.867    48162.164
     308.043      100.000    36410.188    48162.164
     309.064      100.000    36741.219    48612.617
     310.084      100.000    36861.371    48612.617
     311.104      100.000    36411.195    48162.164
     312.124      100.900    37133.668    48884.578
     313.145       99.000    37150.320    48884.578
     314.165      100.000    37150.320    48884.578
     315.185      101.000    38951.625    54293.000
     316.205      100.000    40803.625    54293.000
     317.226      100.000    42498.969    54293.000
     318.246      100.000    44045.195    56095.809
     319.266      100.000    45524.266    59701.422
     320.286      101.000    46958.992    59701.422
     321.306       99.000    42559.449    54293.000
     322.327      100.900    42559.449    54293.000
     323.347      100.000    43764.684    59701.422
     324.367      100.000    45616.684    59701.422
     325.388      100.000    47384.738    59701.422
     326.408      101.000    48984.395    61504.230
     327.428       99.000    45032.621    59354.840
     328.448      101.000    47012.621    59354.840
     329.468      100.000    42213.129    53946.418
     330.486      100.200    42303.254    55749.227
     331.506       99.000    42933.254    55749.227
     332.526      101.000    43563.254    55749.227
     333.546      100.000    44015.988    55749.227
     334.565      100.100    44286.801    57687.719
     335.585      100.000    44916.801    57687.719
     336.605      100.000    45546.801    57687.719
     337.625      100.000    46116.602    61293.336
     338.645      101.000    47584.070    61293.336
     339.665       99.000    47714.781    61293.336
     340.685      101.000    47845.492    61293.336
     341.705       99.000    47976.203    61293.336
     342.725      101.000    48107.430    61293.336
     343.745      100.000    48238.398    61293.336
     344.765      100.000    48369.625    61293.336
     345.785      100.000    48500.594    61293.336
     346.805      100.000    48631.562    61293.336
     347.825      100.000    48762.531    61293.336
     348.845      100.000    48893.500    61293.336
     349.865      101.000    49024.469    61293.336
     350.885      100.000    49155.438    61293.336
     351.905      100.000    49286.148    61293.336
     352.925       99.000    49417.117    61293.336
     353.946      101.000    49548.086    61293.336
     354.966      100.000    49559.945    61293.336
     355.986       99.000    47842.285    62724.891
     357.006      100.000    49709.664    62724.891
     358.026      101.000    49802.219    62724.891
     359.046      100.000    49895.031    62724.891
     360.066      100.000    49987.328    62724.891
     361.086      100.000    50079.883    62724.891
     362.106      101.000    50172.695    62724.891
     363.127       99.900    50265.508    62724.891
     364.147       99.000    50358.062    62724.891
     365.167      101.000    50450.875    62724.891
     366.187      100.000    50543.430    62724.891
     367.207      100.000    50635.984    62724.891
     368.227      100.000    50728.539    62724.891
     369.247      100.000    50821.352    62724.891
     370.267      100.000    50913.906    62724.891
     371.287      101.000    50991.508    62724.891
     372.307      100.000    50991.508    62724.891
     373.327       99.000    47386.109    59119.273
     374.347      100.000    47386.328    59119.273
     375.367      101.000    47566.938    59300.645
     376.387      100.000    48334.871    64641.344
     377.408      100.000    50016.781    64641.344
     378.428      100.000    51619.086    64641.344
     379.448      100.000    53261.867    66421.578
     380.469      101.000    54893.562    69982.043
     381.489      100.000    56424.645    69982.043
     382.509      100.000    57927.434    69982.043
     383.529      100.000    42464.688    55963.871
     384.548       99.100    43034.988    55941.297
     385.567      100.100    43662.988    55941.297
     386.587      100.000    44207.801    55941.297
     387.607      100.900    46111.883    59501.766
     388.627      100.000    46741.883    59501.766
     389.647      100.000    47371.883    59501.766
     390.667       99.000    48002.395    63062.234
     391.687      101.000    51326.402    63062.234
     392.707      100.000    51326.402    63062.234
     393.727      100.000    51326.660    63062.234
     394.747      100.000    51326.660    63062.234
     395.767      100.000    51326.918    63062.234
     396.787      101.000    51327.176    63062.234
     397.807      100.000    51327.176    63062.234
     398.827      100.000    51327.434    63062.234
     399.847      100.000    51327.691    63062.234
     400.867      100.000    51327.691    63062.234
     401.887      100.000    51327.949    63062.234
     402.907      100.000    51328.207    63062.234
     403.927      100.000    51328.207    63062.234
     404.947      101.000    51328.465    63062.234
     405.967      100.000    51328.465    63062.234
     406.987      100.000    51328.723    63062.234
     408.007      100.000    51328.723    63062.234
     409.027      100.000    53025.496    66622.703
     410.047      100.000    53160.332    66622.703
     411.067       99.000    53295.168    66622.703
     412.087      101.000    53429.746    66622.703
     413.107      100.000    53564.582    66622.703
     414.127      100.000    53699.160    66622.703
     415.147      100.000    53833.480    66622.703
     416.167      100.000    53968.059    66622.703
     417.187      100.000    54102.895    66622.703
     418.207      100.000    54237.473    66622.703
     419.227      100.000    54372.309    66622.703
     420.248      100.000    54506.887    66622.703
     421.268      100.000    54641.723    66622.703
     422.288      101.000    54776.301    66622.703
     423.308       99.900    54889.223    66622.703
     424.328      100.000    54889.223    66622.703
     425.348      100.000    51328.820    63062.234
     426.368      100.000    51373.973    63107.387
     427.389      100.000    52596.785    68448.086
     428.409      101.000    54496.785    68448.086
     429.429      100.000    56187.184    68448.086
     430.449       99.000    57816.559    70228.320
     431.469      101.000    59369.039    73788.785
     432.490      100.000    60847.852    73788.785
     433.509      100.000    56714.844    68448.086
     434.530      100.000    56715.016    68448.086
     435.549      100.100    56996.395    69399.953
     436.569      100.000    57667.004    69399.953
     437.590      100.900    57667.004    69399.953
     438.610      100.000    59493.281    71303.688
     439.630      100.000    59263.711    71303.688
     440.650       99.000    60203.469    71938.266
     441.670      101.000    60204.242    71938.266
     442.690      100.000    60205.273    71938.266
     443.710      100.000    60374.102    72572.844
     444.730      100.000    60592.469    72572.844
     445.751      100.000    60810.320    72572.844
     446.771      100.000    60245.156    71977.895
     447.791      100.000    61438.695    73187.742
     448.811      100.000    61561.402    73485.219
     449.831      100.000    62215.934    74377.648
     450.851      100.000    62448.480    74377.648
     451.871      101.000    62644.676    74377.648
     452.891      100.000    62826.176    74972.602
     453.911      100.000    63053.824    74972.602
     454.931      100.000    63239.707    74972.602
     455.951      100.000    63429.168    75309.707
     456.971      100.000    63576.848    75309.707
     457.992      100.000    47912.504    59645.207
     459.012       58.800    47912.512    59645.219
     460.033       64.700        0.000        0.000
     461.053      100.900        0.000        0.000
     462.074      100.000        0.000        0.000
