# Elapsed time   CPU (%)     Real (MB)   Virtual (MB)
       0.000        0.000      127.137     8426.414
       1.012       97.800      207.832     8507.410
       2.031       93.200      224.438     8524.754
       3.049       96.300      264.383     8565.566
       4.068       89.300      330.891     8638.816
       5.081       88.900      356.906     8667.969
       6.100       83.400      360.105     8734.625
       7.120       96.100      393.633     8769.121
       8.138      100.100      403.121     8778.785
       9.157       99.200      403.250     8778.785
      10.175       98.200      403.250     8778.785
      11.193       98.200      403.250     8778.785
      12.211      100.200      422.270     8798.113
      13.230       99.200      422.270     8798.113
      14.248       98.200      422.383     8798.113
      15.266       99.200      422.383     8798.113
      16.284       99.200      422.383     8798.113
      17.302       98.200      422.383     8798.113
      18.320       99.200      422.383     8798.113
      19.339       99.200      422.383     8798.113
      20.356       99.300      422.383     8798.113
      21.374       98.200      422.383     8798.113
      22.392       99.200      422.383     8798.113
      23.411       99.200      422.383     8798.113
      24.429       99.200      422.383     8798.113
      25.447       99.200      422.383     8798.113
      26.465       99.200      422.383     8798.113
      27.484       98.200      422.383     8798.113
      28.502       99.200      422.383     8798.113
      29.520       99.200      422.383     8798.113
      30.538       98.200      422.383     8798.113
      31.557      100.200      422.383     8798.113
      32.575       98.200      422.383     8798.113
      33.593       99.200      422.383     8798.113
      34.612       98.200      422.383     8798.113
      35.630      100.200      422.383     8798.113
      36.648       98.200      422.383     8798.113
      37.666       99.200      422.383     8798.113
      38.685       99.200      422.383     8798.113
      39.703       99.200      422.383     8798.113
      40.721       98.200      422.383     8798.113
      41.739       99.200      422.383     8798.113
      42.757       99.200      422.383     8798.113
      43.775       99.200      422.383     8798.113
      44.794       98.200      422.383     8798.113
      45.812       99.200      422.383     8798.113
      46.830       99.200      422.383     8798.113
      47.848       99.200      422.383     8798.113
      48.866       99.200      422.383     8798.113
      49.885       98.200      422.383     8798.113
      50.903       99.200      422.383     8798.113
      51.919       99.400      422.383     8798.113
      52.937       99.200      422.383     8798.113
      53.956       98.200      422.383     8798.113
      54.974       99.200      422.383     8798.113
      55.992       99.200      422.383     8798.113
      57.010       99.200      422.383     8798.113
      58.029       99.200      422.383     8798.113
      59.047       99.200      422.383     8798.113
      60.065       98.200      422.383     8798.113
      61.084       99.200      422.383     8798.113
      62.102       99.200      422.383     8798.113
      63.120       99.200      422.383     8798.113
      64.138       98.200      422.383     8798.113
      65.157      100.200      422.383     8798.113
      66.175       99.200      422.383     8798.113
      67.193       98.200      422.383     8798.113
      68.211       99.200      422.383     8798.113
      69.229       99.200      422.383     8798.113
      70.248       99.200      422.383     8798.113
      71.266       98.200      422.383     8798.113
      72.284       99.200      422.383     8798.113
      73.303       99.200      422.383     8798.113
      74.321       99.200      422.383     8798.113
      75.339      100.200      508.047    19396.293
      76.356       99.300      508.047    19396.293
      77.374      100.200      816.445    19396.293
      78.392      101.200     1244.930    19396.293
      79.411       99.200     1321.137    19519.293
      80.429      101.100     1334.543    19865.293
      81.447       99.200     1353.621    20352.293
      82.466      100.100     1402.090    21593.293
      83.484      100.200     1502.637    24165.293
      84.502      100.200     1643.918    27783.293
      85.521     1074.400     6822.781    38734.398
      86.537     1201.300    13667.336    38734.398
      87.554     1199.800    20881.770    38734.398
      88.575      807.800     7863.281    19468.781
      89.593      100.200     7863.281    19468.781
      90.611      100.200     9027.562    20684.277
      91.630      100.200    10573.148    22299.277
      92.648      100.200    12480.188    24291.277
      93.667      100.200    13852.008    25725.277
      94.685       99.200    15018.055    26941.910
      95.704      100.100    15189.406    27079.062
      96.722      100.200    16116.051    34183.316
      97.740      100.200    18026.051    34183.316
      98.759      100.200    20032.051    34183.316
      99.777      100.200    22066.051    34183.316
     100.795      100.200    22294.312    34183.316
     101.813       99.200    24580.840    41287.570
     102.832      101.100    27244.840    41287.570
     103.850      100.200    29398.410    41287.570
     104.869      100.100    30190.078    51943.953
     105.887      100.200    32840.078    51943.953
     106.906       99.100    35482.078    51943.953
     107.925      100.100    38132.078    51943.953
     108.944      101.100    40075.391    51943.953
     109.963       99.200    40136.027    51943.953
     110.981      100.100    40137.051    51943.953
     112.000      100.200    40137.051    51943.953
     113.018      100.200    40137.051    51943.953
     114.036      100.200    40602.168    55496.082
     115.055       99.100    41262.168    55496.082
     116.074      100.200    41924.168    55496.082
     117.092      101.200    42586.168    55496.082
     118.110       99.200    43246.168    55496.082
     119.129      100.200    43688.996    55496.082
     120.147      100.200    31040.684    44839.703
     121.166      100.100    33338.684    48391.832
     122.185      100.100    34000.684    48391.832
     123.203      100.200    34660.684    48391.832
     124.222      101.100    35320.684    48391.832
     125.240       99.200    35982.684    48391.832
     126.258      100.200    36584.949    55496.090
     127.277      100.100    38847.066    55496.090
     128.295      100.100    43445.066    55496.090
     129.314      100.100    43685.066    55496.090
     130.333      100.100    43685.262    55496.090
     131.351       99.300    43685.520    55496.090
     132.368      100.300    43685.520    55496.090
     133.386      100.200    43685.777    55496.090
     134.404      100.200    43686.035    55496.090
     135.423      100.200    43686.035    55496.090
     136.441      100.200    43686.293    55496.090
     137.459      100.200    43686.551    55496.090
     138.478      100.200    43686.551    55496.090
     139.496      100.200    43686.809    55496.090
     140.514      100.200    43687.066    55496.090
     141.532       99.300    43687.066    55496.090
     142.550      100.200    43687.324    55496.090
     143.569      100.100    43687.324    55496.090
     144.588      100.100    43687.582    55496.090
     145.606      100.200    43687.840    55496.090
     146.623      100.300    43687.840    55496.090
     147.641      100.200    43688.098    55496.090
     148.659      100.200    43688.355    55496.090
     149.677       99.200    43688.355    55496.090
     150.695      100.200    43688.613    55496.090
     151.714      100.200    43688.613    55496.090
     152.732      100.200    43688.871    55496.090
     153.750      100.200    43689.129    55496.090
     154.768      100.200    43689.129    55496.090
     155.787      100.100    43689.129    55496.090
     156.805      100.200    45133.352    62600.348
     157.824      100.100    49767.352    62600.348
     158.842      100.100    50791.438    62600.348
     159.861      100.200    50791.438    62600.348
     160.879       99.200    50791.695    62600.348
     161.897      101.200    50791.695    62600.348
     162.915      100.200    50791.695    62600.348
     163.934      100.200    50791.953    62600.348
     164.953      100.100    50791.953    62600.348
     165.971      100.200    50791.953    62600.348
     166.989      100.200    50792.211    62600.348
     168.007      100.200    50792.211    62600.348
     169.025      100.200    50792.211    62600.348
     170.044      100.200    50792.469    62600.348
     171.062      100.200    50792.469    62600.348
     172.080       99.200    50792.469    62600.348
     173.098      100.200    50792.727    62600.348
     174.117      100.200    50792.727    62600.348
     175.135      100.200    50792.727    62600.348
     176.153      100.200    50792.984    62600.348
     177.171      100.200    50792.984    62600.348
     178.189      100.200    50792.984    62600.348
     179.208      100.200    50793.242    62600.348
     180.226      100.200    50793.242    62600.348
     181.244      100.200    50793.242    62600.348
     182.263      100.200    50793.500    62600.348
     183.281       99.200    50793.500    62600.348
     184.299      100.200    43689.281    55496.090
     185.317      100.200    43689.281    55496.090
     186.336      100.200    43689.281    55496.090
     187.353       99.300    43689.895    55496.590
     188.371      100.200    43689.898    55496.590
     189.387       99.400    43689.898    55496.590
     190.403       99.400    43689.898    55496.590
     191.419       99.400    43689.898    55496.590
     192.436      101.400    43689.898    55496.590
     193.452       99.400    43689.898    55496.590
     194.468       99.400    43689.898    55496.590
     195.484       99.400    43689.898    55496.590
     196.500      100.400    43689.898    55496.590
     197.516      100.400    43689.898    55496.590
     198.532       99.300    43689.898    55496.590
     199.548      100.400    43689.898    55496.590
     200.565       99.400    43689.914    55496.590
     201.582       99.300    43689.914    55496.590
     202.598      100.400    43689.914    55496.590
     203.614       99.400    43689.914    55496.590
     204.630      100.400    43689.914    55496.590
     205.646       99.400    43689.914    55496.590
     206.662       99.400    43689.914    55496.590
     207.679       99.300    43689.914    55496.590
     208.695      100.400    43689.914    55496.590
     209.712       99.300    43689.914    55496.590
     210.729      100.400    43689.914    55496.590
     211.745       99.400    43689.914    55496.590
     212.761      100.400    43689.914    55496.590
     213.777       99.400    43689.914    55496.590
     214.793       99.400    43689.914    55496.590
     215.809      100.400    43689.914    55496.590
     216.825       99.400    43689.914    55496.590
     217.841       99.400    43689.914    55496.590
     218.857      100.400    43689.914    55496.590
     219.873      100.400    43689.914    55496.590
     220.889       99.400    43689.914    55496.590
     221.905       99.400    43689.914    55496.590
     222.921      100.400    43689.914    55496.590
     223.937       99.400    43689.914    55496.590
     224.953       99.400    43689.914    55496.590
     225.969       99.400    43689.914    55496.590
     226.985      100.400    43689.914    55496.590
     228.001       99.400    43689.914    55496.590
     229.017      100.400    43689.914    55496.590
     230.033      100.400    43689.914    55496.590
     231.050       99.400    43689.914    55496.590
     232.065       99.400    43689.914    55496.590
     233.082      100.400    43689.914    55496.590
     234.098       99.400    43689.914    55496.590
     235.114      100.400    43689.914    55496.590
     236.130       99.400    43689.914    55496.590
     237.146       99.300    43689.914    55496.590
     238.163      100.300    43689.914    55496.590
     239.179       99.400    43689.914    55496.590
     240.195       99.400    43689.914    55496.590
     241.211      100.400    43689.914    55496.590
     242.227       98.400    43728.066    55496.590
     243.246       99.200    43728.156    55496.590
     244.262      100.400    43728.156    55496.590
     245.278       99.400    43728.156    55496.590
     246.294      100.400    43728.156    55496.590
     247.310       99.400    43728.156    55496.590
     248.326       99.400    43728.156    55496.590
     249.342      100.400    43728.156    55496.590
     250.357       99.500    43728.156    55496.590
     251.373      100.400    43728.156    55496.590
     252.390      100.300    43728.156    55496.590
     253.406       99.400    43728.156    55496.590
     254.422       99.400    43728.156    55496.590
     255.438      100.400    43728.156    55496.590
     256.454      100.400    43728.156    55496.590
     257.470       99.400    43728.156    55496.590
     258.486       99.400    43728.156    55496.590
     259.502       99.400    43728.156    55496.590
     260.518      100.400    43728.156    55496.590
     261.534      100.400    43728.156    55496.590
     262.550       99.400    43728.156    55496.590
     263.566       99.400    43728.156    55496.590
     264.582      100.400    43728.156    55496.590
     265.598       99.400    43728.156    55496.590
     266.614      100.400    43728.156    55496.590
     267.631      100.300    43728.156    55496.590
     268.647       99.400    43728.156    55496.590
     269.663       99.400    43728.156    55496.590
     270.679      100.400    43728.156    55496.590
     271.695       99.400    43728.156    55496.590
     272.711       99.400    43728.156    55496.590
     273.727       99.400    43749.309    55496.590
     274.745      100.200    43749.309    55496.590
     275.761      100.400    43749.309    55496.590
     276.778       99.400    43749.309    55496.590
     277.794       99.400    43749.309    55496.590
     278.810      100.400    43749.309    55496.590
     279.826      100.400    43749.309    55496.590
     280.842       99.400    43749.309    55496.590
     281.858       99.400    43749.309    55496.590
     282.874      100.400    43749.309    55496.590
     283.890       99.400    43749.309    55496.590
     284.906       99.400    43749.309    55496.590
     285.922      100.400    43749.309    55496.590
     286.938      100.400    43749.309    55496.590
     287.955       99.400    43749.309    55496.590
     288.970      100.400    43749.309    55496.590
     289.987       99.400    43749.309    55496.590
     291.002      100.400    43749.309    55496.590
     292.018       99.400    43749.309    55496.590
     293.035       99.400    43751.820    55496.590
     294.052      100.200    43751.820    55496.590
     295.068       99.400    43751.820    55496.590
     296.084       99.400    43751.820    55496.590
     297.101      100.300    43751.820    55496.590
     298.117      100.400    43751.820    55496.590
     299.133       99.400    43751.820    55496.590
     300.149       99.400    43751.820    55496.590
     301.165       99.400    43751.820    55496.590
     302.181      100.400    43751.820    55496.590
     303.197       99.400    43751.820    55496.590
     304.213      100.400    43751.820    55496.590
     305.229       97.400    43882.941    55496.590
     306.248      100.200    43883.016    55496.590
     307.263      100.400    43883.016    55496.590
     308.279       99.400    43883.016    55496.590
     309.296       99.400    43883.016    55496.590
     310.312       99.400    43883.016    55496.590
     311.328      100.400    43883.016    55496.590
     312.344      100.400    43883.016    55496.590
     313.359       99.400    43883.016    55496.590
     314.376       99.400    43883.016    55496.590
     315.392       99.400    43883.016    55496.590
     316.408      100.400    43883.016    55496.590
     317.424      100.400    43883.016    55496.590
     318.440       99.400    43883.016    55496.590
     319.456       99.400    43883.016    55496.590
     320.472      100.400    43883.016    55496.590
     321.488      100.400    43883.016    55496.590
     322.504       99.400    43883.016    55496.590
     323.520       99.400    43883.016    55496.590
     324.536      100.400    43883.016    55496.590
     325.552       99.400    43883.016    55496.590
     326.568      100.400    43883.016    55496.590
     327.585      100.300    43883.016    55496.590
     328.601       99.400    43883.016    55496.590
     329.617       99.400    43883.016    55496.590
     330.633      100.400    43883.016    55496.590
     331.649       99.400    43883.016    55496.590
     332.665      100.400    43883.016    55496.590
     333.681       99.400    43883.016    55496.590
     334.697      100.400    43883.016    55496.590
     335.713       99.400    43883.016    55496.590
     336.729       99.400    43883.016    55496.590
     337.745       99.400    43883.016    55496.590
     338.761      101.400    43883.016    55496.590
     339.777       99.400    43883.016    55496.590
     340.793       99.400    43883.016    55496.590
     341.809      100.400    43883.016    55496.590
     342.825      100.400    43883.016    55496.590
     343.841       98.400    43883.016    55496.590
     344.857      101.400    43883.016    55496.590
     345.873       99.400    43883.016    55496.590
     346.889       99.400    43883.016    55496.590
     347.905       99.400    43883.016    55496.590
     348.921       99.400    43883.016    55496.590
     349.937      101.400    43883.016    55496.590
     350.953       99.400    43883.016    55496.590
     351.969       99.400    43883.016    55496.590
     352.985       99.400    43883.016    55496.590
     354.001      100.400    43883.016    55496.590
     355.017       95.500    43883.016    55496.590
     356.034       99.400    43883.016    55496.590
     357.051      100.300    43883.016    55496.590
     358.067       99.400    43883.016    55496.590
     359.084       99.300    43883.016    55496.590
     360.100      100.400    43883.016    55496.590
     361.115      100.400    43883.016    55496.590
     362.131       99.400    43883.016    55496.590
     363.147       99.400    43883.016    55496.590
     364.163      100.400    43883.016    55496.590
     365.179       99.400    43883.016    55496.590
     366.195       98.400    43920.836    55496.590
     367.213      100.200    43920.836    55496.590
     368.229       99.400    43920.836    55496.590
     369.245      100.400    43920.836    55496.590
     370.261       99.400    43920.836    55496.590
     371.277       99.400    43920.836    55496.590
     372.293       99.400    43920.836    55496.590
     373.309      101.400    43920.836    55496.590
     374.326       99.400    43920.836    55496.590
     375.342       99.400    43920.836    55496.590
     376.357      100.500    43920.836    55496.590
     377.373       99.400    43920.836    55496.590
     378.389       99.400    43920.836    55496.590
     379.405      100.400    43920.836    55496.590
     380.421       99.400    43920.836    55496.590
     381.437      100.400    43920.836    55496.590
     382.453       99.400    43920.836    55496.590
     383.469      100.400    43920.836    55496.590
     384.485      100.400    43920.836    55496.590
     385.501       99.400    43920.836    55496.590
     386.517       99.400    43920.836    55496.590
     387.534      100.300    43920.836    55496.590
     388.550      100.400    43920.836    55496.590
     389.566       99.400    43920.836    55496.590
     390.582       99.400    43920.836    55496.590
     391.598      100.400    43920.836    55496.590
     392.614      100.400    43920.836    55496.590
     393.630       99.400    43920.836    55496.590
     394.646      100.400    43920.836    55496.590
     395.662       99.400    43920.836    55496.590
     396.678       99.400    43920.836    55496.590
     397.694       99.400    43920.836    55496.590
     398.710      101.400    43920.836    55496.590
     399.726       99.400    43920.836    55496.590
     400.743       99.300    43920.836    55496.590
     401.759       99.400    43920.836    55496.590
     402.775      101.400    43920.836    55496.590
     403.791       99.400    43920.836    55496.590
     404.807       99.400    43920.836    55496.590
     405.823       99.400    43920.836    55496.590
     406.839      100.400    43920.836    55496.590
     407.855       99.400    43920.836    55496.590
     408.871      100.400    43920.836    55496.590
     409.887      100.400    43920.836    55496.590
     410.903       99.400    43920.836    55496.590
     411.919       99.400    43920.836    55496.590
     412.935      100.400    43935.629    55496.590
     413.953       99.200    43935.852    55496.590
     414.969       99.400    43935.852    55496.590
     415.985      101.400    43935.852    55496.590
     417.002       99.400    43935.852    55496.590
     418.018       99.400    43935.852    55496.590
     419.034       99.400    43935.852    55496.590
     420.050      100.400    43935.852    55496.590
     421.066       99.400    43935.852    55496.590
     422.082      100.400    43935.852    55496.590
     423.098      100.400    43935.852    55496.590
     424.114       99.400    43935.852    55496.590
     425.130       99.400    43935.852    55496.590
     426.146      100.400    43935.852    55496.590
     427.162       99.400    43935.852    55496.590
     428.178       99.400    43935.852    55496.590
     429.194      100.400    43935.852    55496.590
     430.210      100.400    43935.852    55496.590
     431.226       99.400    43935.852    55496.590
     432.242      100.400    43935.852    55496.590
     433.258       99.400    43935.852    55496.590
     434.274      100.400    43935.852    55496.590
     435.290       99.400    43935.852    55496.590
     436.306       99.400    43935.852    55496.590
     437.322      100.400    43935.852    55496.590
     438.338      100.400    43935.852    55496.590
     439.353       99.500    43935.852    55496.590
     440.369       99.400    43935.852    55496.590
     441.385      100.400    43935.852    55496.590
     442.401       99.400    43935.852    55496.590
     443.417       99.400    43935.852    55496.590
     444.434      100.400    43935.852    55496.590
     445.450       97.400    40385.844    51944.461
     446.468      100.200    40385.844    51944.461
     447.484      100.300    40385.844    51944.461
     448.500       99.400    40385.844    51944.461
     449.516       99.400    40385.844    51944.461
     450.532      100.400    40385.844    51944.461
     451.548       99.400    40385.844    51944.461
     452.564       99.400    40385.844    51944.461
     453.580      100.400    40385.844    51944.461
     454.596       99.400    40385.844    51944.461
     455.612      100.400    40385.844    51944.461
     456.629       99.400    40385.844    51944.461
     457.645       99.400    40385.844    51944.461
     458.661      100.400    40385.844    51944.461
     459.677       99.400    40385.844    51944.461
     460.693      101.400    40385.844    51944.461
     461.709       99.400    40385.844    51944.461
     462.725       99.400    40385.844    51944.461
     463.741       99.400    40385.844    51944.461
     464.757      100.400    40385.844    51944.461
     465.773       99.400    40385.844    51944.461
     466.789       99.400    40385.844    51944.461
     467.805      101.400    40385.844    51944.461
     468.821       99.400    40385.844    51944.461
     469.837       99.400    40385.844    51944.461
     470.853      100.400    40385.844    51944.461
     471.869       99.400    40385.844    51944.461
     472.885       99.400    40385.844    51944.461
     473.901      100.400    40385.844    51944.461
     474.917      100.400    40385.844    51944.461
     475.933       99.400    40385.844    51944.461
     476.949      100.300    40385.844    51944.461
     477.965       99.400    40385.844    51944.461
     478.981       99.400    40385.844    51944.461
     479.997      100.400    40385.844    51944.461
     481.013       99.400    40385.844    51944.461
     482.029       99.400    40385.844    51944.461
     483.045      100.400    40385.844    51944.461
     484.061      100.400    40385.844    51944.461
     485.079       99.200    40385.844    51944.461
     486.095      100.400    40385.844    51944.461
     487.111       99.400    40385.844    51944.461
     488.127      100.400    40385.844    51944.461
     489.143       99.400    40385.844    51944.461
     490.159       99.400    40385.844    51944.461
     491.175      100.400    40385.844    51944.461
     492.191      100.400    40385.844    51944.461
     493.207       99.400    40385.844    51944.461
     494.223      100.400    40385.844    51944.461
     495.239       99.400    40385.844    51944.461
     496.256      100.300    40385.844    51944.461
     497.272       99.400    40385.844    51944.461
     498.288       99.400    40385.844    51944.461
     499.304      100.400    40385.844    51944.461
     500.320      100.400    40385.844    51944.461
     501.336       99.400    40385.844    51944.461
     502.351       99.500    40385.844    51944.461
     503.367      100.500    40385.844    51944.461
     504.382       99.400    40385.844    51944.461
     505.399      100.400    40385.844    51944.461
     506.415       99.400    40385.844    51944.461
     507.431      100.300    40385.844    51944.461
     508.447       99.400    40385.672    51944.461
     509.466      100.200    40385.844    51944.461
     510.482       99.400    40385.844    51944.461
     511.497       99.400    40385.844    51944.461
     512.513      100.400    40385.844    51944.461
     513.529       99.400    40385.844    51944.461
     514.546       99.400    40385.844    51944.461
     515.562      100.400    40385.844    51944.461
     516.578      100.400    40385.844    51944.461
     517.594       99.400    40385.844    51944.461
     518.610       99.400    40385.844    51944.461
     519.626      100.400    40385.844    51944.461
     520.642       99.400    40385.844    51944.461
     521.658      100.400    40385.844    51944.461
     522.674      100.400    40385.844    51944.461
     523.690       99.400    40385.844    51944.461
     524.706       99.400    40385.844    51944.461
     525.722       99.400    40385.844    51944.461
     526.738      100.400    40385.844    51944.461
     527.754      100.400    40385.844    51944.461
     528.770       99.400    40385.844    51944.461
     529.786      100.400    40385.844    51944.461
     530.802       99.400    40385.844    51944.461
     531.818       99.400    40385.844    51944.461
     532.834      100.400    40385.844    51944.461
     533.850       99.400    40385.844    51944.461
     534.866      100.400    40385.844    51944.461
     535.882       99.400    40385.844    51944.461
     536.900      100.200    40385.844    51944.461
     537.916       99.400    40385.844    51944.461
     538.932      100.400    40385.844    51944.461
     539.948       99.400    40385.844    51944.461
     540.964      100.400    40385.844    51944.461
     541.980       99.400    40385.844    51944.461
     542.996      100.400    40385.844    51944.461
     544.012       99.400    40385.844    51944.461
     545.028      100.400    40385.844    51944.461
     546.044       99.400    40385.844    51944.461
     547.060       99.400    40385.844    51944.461
     548.076      100.400    40385.844    51944.461
     549.092       99.400    40385.844    51944.461
     550.108      100.400    40385.844    51944.461
     551.124       99.400    40385.844    51944.461
     552.140      100.400    40385.844    51944.461
     553.156       99.400    40385.844    51944.461
     554.172      100.400    40385.844    51944.461
     555.188       99.400    40385.844    51944.461
     556.204      100.400    40385.844    51944.461
     557.221      100.300    40385.844    51944.461
     558.237       99.400    40385.844    51944.461
     559.253      100.400    40385.844    51944.461
     560.269       99.400    40385.844    51944.461
     561.285       99.400    40385.844    51944.461
     562.301       99.400    40385.844    51944.461
     563.317      101.400    40385.844    51944.461
     564.333       99.400    40385.844    51944.461
     565.348       99.500    40385.844    51944.461
     566.363      100.500    40385.844    51944.461
     567.380       99.300    40385.844    51944.461
     568.396       99.400    40385.844    51944.461
     569.412      100.400    40385.844    51944.461
     570.428       99.400    40385.844    51944.461
     571.444      100.400    40385.844    51944.461
     572.460       99.400    40385.844    51944.461
     573.476      100.400    40385.844    51944.461
     574.492      100.400    40385.844    51944.461
     575.508       99.400    40385.844    51944.461
     576.523      100.500    40385.844    51944.461
     577.539       99.400    40385.844    51944.461
     578.555       99.400    40385.844    51944.461
     579.571       99.400    40385.844    51944.461
     580.589      100.200    40385.844    51944.461
     581.605      100.400    40385.844    51944.461
     582.621       99.400    40385.844    51944.461
     583.637       99.400    40385.844    51944.461
     584.653      100.400    40385.844    51944.461
     585.669       99.400    40385.844    51944.461
     586.685      100.400    40385.844    51944.461
     587.701       99.400    40385.844    51944.461
     588.717      100.400    40385.844    51944.461
     589.733       99.400    40385.844    51944.461
     590.749       99.400    40385.844    51944.461
     591.765      101.400    40385.844    51944.461
     592.781       99.400    40385.844    51944.461
     593.797      100.400    40385.844    51944.461
     594.813       99.400    40385.844    51944.461
     595.829       99.400    40385.844    51944.461
     596.845       97.400    40385.777    51944.461
     597.863       99.200    40385.844    51944.461
     598.879      100.400    40385.844    51944.461
     599.895       99.400    40385.844    51944.461
     600.912      100.300    40385.844    51944.461
     601.928       99.400    40385.844    51944.461
     602.944       99.400    40385.844    51944.461
     603.960      101.400    40385.844    51944.461
     604.976       99.400    40385.844    51944.461
     605.992       99.400    40385.844    51944.461
     607.008       99.400    40385.844    51944.461
     608.024      101.400    40385.844    51944.461
     609.040       99.400    40385.844    51944.461
     610.056       99.400    40385.844    51944.461
     611.072      100.400    40385.844    51944.461
     612.088       99.400    40385.844    51944.461
     613.104       99.400    40385.844    51944.461
     614.120      100.400    40385.844    51944.461
     615.136       99.400    40385.844    51944.461
     616.152      100.400    40385.844    51944.461
     617.168      100.400    40385.844    51944.461
     618.185       99.300    40385.844    51944.461
     619.201      100.400    40385.844    51944.461
     620.217       99.400    40385.844    51944.461
     621.233       99.400    40385.844    51944.461
     622.249      100.400    40385.844    51944.461
     623.265      100.400    40385.844    51944.461
     624.281       99.400    40385.844    51944.461
     625.297       99.400    40385.844    51944.461
     626.313      100.400    40385.844    51944.461
     627.330       99.300    40385.844    51944.461
     628.345      100.500    40385.844    51944.461
     629.361      100.500    40385.844    51944.461
     630.377       99.400    40385.844    51944.461
     631.393       99.400    40385.844    51944.461
     632.409      100.400    40385.844    51944.461
     633.425       99.400    40385.844    51944.461
     634.441       99.400    40385.844    51944.461
     635.457      100.400    40385.844    51944.461
     636.473      100.400    40385.844    51944.461
     637.489       99.400    40385.844    51944.461
     638.505      100.400    40385.844    51944.461
     639.521       99.400    40385.844    51944.461
     640.537       99.400    40385.844    51944.461
     641.553      100.400    40385.656    51944.461
     642.570       99.300    40385.844    51944.461
     643.586       99.400    40385.844    51944.461
     644.602      100.400    40385.844    51944.461
     645.618      100.400    40385.844    51944.461
     646.634      100.400    40385.844    51944.461
     647.650       99.400    40385.844    51944.461
     648.666       99.400    40385.844    51944.461
     649.682       99.400    40385.844    51944.461
     650.698      100.400    40385.844    51944.461
     651.714       99.400    40385.844    51944.461
     652.730      101.400    40385.844    51944.461
     653.746       99.400    40385.844    51944.461
     654.762      100.400    40385.844    51944.461
     655.778       98.400    40385.844    51944.461
     656.794      100.400    40385.844    51944.461
     657.811       99.300    40385.844    51944.461
     658.827      100.400    40385.844    51944.461
     659.843      100.400    40385.844    51944.461
     660.859       99.400    40385.844    51944.461
     661.875       99.400    40385.844    51944.461
     662.891      100.400    40385.844    51944.461
     663.907       99.400    40385.844    51944.461
     664.923      100.400    40385.844    51944.461
     665.939       99.400    40385.844    51944.461
     666.955       99.400    40385.844    51944.461
     667.971      100.400    40385.844    51944.461
     668.987       99.400    40385.844    51944.461
     670.003      100.400    40385.844    51944.461
     671.019      100.400    40385.844    51944.461
     672.035       99.400    40385.844    51944.461
     673.050       99.400    40385.844    51944.461
     674.066      100.400    40385.844    51944.461
     675.082      100.400    40385.844    51944.461
     676.098       99.400    40385.844    51944.461
     677.114       99.400    40465.207    51944.461
     678.133      100.200    40465.457    51944.461
     679.149      100.300    40465.457    51944.461
     680.165       99.400    40465.457    51944.461
     681.181       99.400    40465.457    51944.461
     682.197      100.400    40465.457    51944.461
     683.213      100.400    40465.457    51944.461
     684.229       99.400    40465.457    51944.461
     685.245       99.400    40465.457    51944.461
     686.262       99.400    40465.457    51944.461
     687.278      101.300    40465.457    51944.461
     688.294       99.400    40465.457    51944.461
     689.310       99.400    40465.457    51944.461
     690.326       99.400    40465.457    51944.461
     691.342      100.400    40465.457    51944.461
     692.357      100.500    40465.457    51944.461
     693.373       99.400    40465.457    51944.461
     694.390      100.400    40465.457    51944.461
     695.406       99.400    40465.457    51944.461
     696.422      100.400    40465.457    51944.461
     697.438       99.400    40465.457    51944.461
     698.454      100.400    40465.457    51944.461
     699.470       99.400    40465.457    51944.461
     700.486      100.400    40465.457    51944.461
     701.502       99.400    40465.457    51944.461
     702.518      100.400    40465.457    51944.461
     703.534       99.400    40465.457    51944.461
     704.551       99.400    40465.457    51944.461
     705.567      100.400    40465.457    51944.461
     706.583      100.400    40465.457    51944.461
     707.599       99.400    40465.457    51944.461
     708.615       99.400    40465.457    51944.461
     709.631      100.400    40465.457    51944.461
     710.647      100.400    40465.457    51944.461
     711.663       99.400    40465.457    51944.461
     712.679      100.400    40465.457    51944.461
     713.695       99.400    40465.457    51944.461
     714.711      100.400    40465.457    51944.461
     715.727       99.400    40465.457    51944.461
     716.743       99.400    40465.457    51944.461
     717.760       99.300    40465.457    51944.461
     718.776      101.300    40465.457    51944.461
     719.792       99.400    40465.457    51944.461
     720.808       99.400    40465.457    51944.461
     721.824       99.400    40465.457    51944.461
     722.840      101.400    40465.457    51944.461
     723.856       99.400    40465.457    51944.461
     724.872      100.400    40465.457    51944.461
     725.888       99.400    40465.457    51944.461
     726.904       99.400    40465.457    51944.461
     727.920       99.400    40465.457    51944.461
     728.936      101.400    40465.457    51944.461
     729.952       99.400    40465.457    51944.461
     730.969       99.400    40465.457    51944.461
     731.984      100.400    40465.457    51944.461
     733.000       99.400    40465.457    51944.461
     734.016       99.400    40465.457    51944.461
     735.032      100.400    40465.457    51944.461
     736.048       99.400    40465.457    51944.461
     737.064       99.400    40465.457    51944.461
     738.080      100.400    40465.457    51944.461
     739.096      100.400    40465.457    51944.461
     740.113       99.300    40465.457    51944.461
     741.129      100.400    40465.457    51944.461
     742.145       99.400    40465.457    51944.461
     743.161       99.400    40465.457    51944.461
     744.177      100.400    40465.457    51944.461
     745.193       99.400    40465.457    51944.461
     746.209      100.400    40465.457    51944.461
     747.226       99.300    40465.457    51944.461
     748.242       99.400    40465.457    51944.461
     749.258      101.400    40465.457    51944.461
     750.274       99.400    40465.457    51944.461
     751.290       99.400    40465.457    51944.461
     752.306      100.400    40465.457    51944.461
     753.322       99.400    40465.457    51944.461
     754.338       99.400    40465.457    51944.461
     755.353      100.500    40465.457    51944.461
     756.369       99.400    40465.457    51944.461
     757.385      100.400    40465.457    51944.461
     758.401      100.400    40465.457    51944.461
     759.417       99.400    40465.457    51944.461
     760.433       99.400    40465.457    51944.461
     761.449       99.400    40465.457    51944.461
     762.465      101.400    40465.457    51944.461
     763.481       97.400    26292.078    37735.945
     764.499       99.200    26292.078    37735.945
     765.515      100.400    26292.078    37735.945
     766.531       99.400    26292.078    37735.945
     767.547      100.400    26292.078    37735.945
     768.563       99.400    26292.078    37735.945
     769.579      100.400    26292.078    37735.945
     770.595       99.400    26292.078    37735.945
     771.611      100.400    26292.078    37735.945
     772.627       99.400    26292.078    37735.945
     773.643       99.400    26292.078    37735.945
     774.659      100.400    26292.078    37735.945
     775.675       99.400    26292.078    37735.945
     776.691      100.400    26292.078    37735.945
     777.708       99.300    26292.078    37735.945
     778.724      100.400    26292.078    37735.945
     779.740      100.400    26292.078    37735.945
     780.756       99.400    26292.078    37735.945
     781.772       99.400    26292.078    37735.945
     782.788      100.400    26292.078    37735.945
     783.804       99.400    26292.078    37735.945
     784.820      100.400    26292.078    37735.945
     785.836      100.400    26292.078    37735.945
     786.852       99.400    26292.078    37735.945
     787.868       99.400    26292.078    37735.945
     788.884       99.400    26292.078    37735.945
     789.900      100.400    26292.078    37735.945
     790.916      100.400    26292.078    37735.945
     791.932       99.400    26292.078    37735.945
     792.948       99.400    26292.078    37735.945
     793.964      100.400    26292.078    37735.945
     794.980       99.400    26292.078    37735.945
     795.996      100.400    26292.078    37735.945
     797.012      100.400    26292.078    37735.945
     798.028       99.400    26292.078    37735.945
     799.044      100.400    26292.078    37735.945
     800.060       99.400    26292.078    37735.945
     801.077       99.300    26292.078    37735.945
     802.094      100.400    26292.078    37735.945
     803.110      100.400    26292.078    37735.945
     804.126       99.400    26292.078    37735.945
     805.142      100.400    26292.078    37735.945
     806.158       99.400    26292.078    37735.945
     807.174       99.400    26292.078    37735.945
     808.190      100.400    26292.078    37735.945
     809.207      100.400    26292.078    37735.945
     810.223       99.400    26292.078    37735.945
     811.238      100.400    26292.078    37735.945
     812.254       99.400    26292.078    37735.945
     813.270       99.400    26292.078    37735.945
     814.286       96.400    26292.078    37735.945
     815.304       99.200    26292.078    37735.945
     816.321       99.400    26292.078    37735.945
     817.337      101.400    26292.078    37735.945
     818.352       99.500    26292.078    37735.945
     819.367       99.500    26292.078    37735.945
     820.383       99.400    26292.078    37735.945
     821.399      100.400    26292.078    37735.945
     822.415       99.400    26292.078    37735.945
     823.431      100.400    26292.078    37735.945
     824.447      100.400    26292.078    37735.945
     825.463       99.400    26292.078    37735.945
     826.479      100.400    26292.078    37735.945
     827.495       99.400    26292.078    37735.945
     828.511       99.400    26292.078    37735.945
     829.527      100.400    26292.078    37735.945
     830.543       99.400    26292.078    37735.945
     831.559       99.400    26292.078    37735.945
     832.575      101.400    26292.078    37735.945
     833.591       99.400    26292.078    37735.945
     834.607       99.400    26292.078    37735.945
     835.623       99.400    26292.078    37735.945
     836.639      100.400    26292.078    37735.945
     837.655      100.300    26292.078    37735.945
     838.671       99.400    26292.078    37735.945
     839.687      100.400    26292.078    37735.945
     840.703       99.400    26292.078    37735.945
     841.719       99.400    26292.078    37735.945
     842.735      100.400    26292.078    37735.945
     843.751       99.400    26292.078    37735.945
     844.767      100.400    26292.078    37735.945
     845.783       99.400    26292.078    37735.945
     846.799      100.400    26292.078    37735.945
     847.817       99.200    26292.078    37735.945
     848.833       99.400    26292.078    37735.945
     849.849      100.400    26292.078    37735.945
     850.865      100.400    26292.078    37735.945
     851.881       99.400    26292.078    37735.945
     852.897      100.400    26292.078    37735.945
     853.913       99.400    26292.078    37735.945
     854.929      100.400    26292.078    37735.945
     855.945       99.400    26292.078    37735.945
     856.961       99.400    26292.078    37735.945
     857.977      100.400    26292.078    37735.945
     858.994      100.400    26292.078    37735.945
     860.009       99.400    26292.078    37735.945
     861.026       99.400    26292.078    37735.945
     862.042       99.400    26292.078    37735.945
     863.058      100.400    26292.078    37735.945
     864.074      100.400    26292.078    37735.945
     865.090       99.400    26292.078    37735.945
     866.106       99.400    26292.078    37735.945
     867.123      100.300    26292.078    37735.945
     868.139       99.400    26292.078    37735.945
     869.155       99.400    26292.078    37735.945
     870.171      101.400    26292.078    37735.945
     871.187       99.400    26292.078    37735.945
     872.203       99.400    26292.078    37735.945
     873.219       99.400    26292.078    37735.945
     874.234      100.400    26292.078    37735.945
     875.250       99.400    26292.078    37735.945
     876.266       99.400    26292.078    37735.945
     877.282      101.400    26292.078    37735.945
     878.298       99.400    26292.078    37735.945
     879.315       99.400    26292.078    37735.945
     880.331      100.400    26292.078    37735.945
     881.346       99.500    26292.078    37735.945
     882.361       99.500    26292.078    37735.945
     883.377      100.400    26292.078    37735.945
     884.393       99.400    26292.078    37735.945
     885.409       99.400    26292.078    37735.945
     886.425      100.400    26292.078    37735.945
     887.441      100.400    26292.078    37735.945
     888.457       99.400    26292.078    37735.945
     889.473      100.400    26292.078    37735.945
     890.489      100.400    26292.078    37735.945
     891.505       99.400    26292.078    37735.945
     892.521       99.400    26292.078    37735.945
     893.537       99.400    26292.078    37735.945
     894.553      100.400    26292.078    37735.945
     895.569       99.400    26292.078    37735.945
     896.586      100.400    26292.078    37735.945
     897.602       99.300    26292.078    37735.945
     898.619      100.400    26292.078    37735.945
     899.635      100.400    26292.078    37735.945
     900.651       99.400    26292.078    37735.945
     901.667       99.400    26292.078    37735.945
     902.683       99.400    26292.078    37735.945
     903.699      100.400    26292.133    37735.945
     904.717      100.200    26292.277    37735.945
     905.733       99.400    26292.277    37735.945
     906.749       99.400    26292.277    37735.945
     907.765      100.400    26292.277    37735.945
     908.781      100.400    26292.277    37735.945
     909.797       99.400    26292.277    37735.945
     910.813       99.400    26292.277    37735.945
     911.829      100.400    26292.277    37735.945
     912.845       99.400    26292.277    37735.945
     913.861      100.400    26292.277    37735.945
     914.877       99.400    26292.277    37735.945
     915.893      100.400    26292.277    37735.945
     916.909       99.400    26292.277    37735.945
     917.925       99.400    26292.277    37735.945
     918.941       99.400    26292.277    37735.945
     919.957      100.400    26292.277    37735.945
     920.973      100.400    26292.277    37735.945
     921.989       99.400    26292.277    37735.945
     923.005      100.300    26292.277    37735.945
     924.021       99.400    26292.277    37735.945
     925.037       99.400    26292.277    37735.945
     926.053      100.400    26292.277    37735.945
     927.070       99.400    26292.277    37735.945
     928.086      100.400    26292.277    37735.945
     929.102      100.400    26292.277    37735.945
     930.118       99.400    26292.277    37735.945
     931.134       99.400    26292.277    37735.945
     932.150       99.400    26292.277    37735.945
     933.166      100.400    26292.277    37735.945
     934.182      100.400    26292.277    37735.945
     935.198       99.400    26292.277    37735.945
     936.214       99.400    26292.277    37735.945
     937.230      100.400    26292.277    37735.945
     938.246       99.400    26292.277    37735.945
     939.262      100.400    26292.277    37735.945
     940.278       99.400    26292.277    37735.945
     941.294       99.400    26292.277    37735.945
     942.310      100.400    26292.277    37735.945
     943.326       99.400    26292.277    37735.945
     944.342      100.400    26292.277    37735.945
     945.357       99.500    26292.277    37735.945
     946.373      100.400    26292.277    37735.945
     947.389       99.400    26292.277    37735.945
     948.405       99.400    26292.277    37735.945
     949.421      100.400    26292.277    37735.945
     950.437      100.400    26292.277    37735.945
     951.453       99.400    26292.277    37735.945
     952.469      100.400    26292.277    37735.945
     953.485       99.400    26292.277    37735.945
     954.501       99.400    26292.277    37735.945
     955.518      100.400    26292.277    37735.945
     956.534      100.400    26292.277    37735.945
     957.550       99.300    26292.277    37735.945
     958.566       99.400    26292.277    37735.945
     959.582      100.400    26292.277    37735.945
     960.599       99.400    26292.277    37735.945
     961.615      100.400    26292.277    37735.945
     962.631       99.400    26292.277    37735.945
     963.647       99.400    26292.277    37735.945
     964.663      100.400    26292.277    37735.945
     965.679      100.400    26292.277    37735.945
     966.695       94.500    26292.145    37735.945
     967.713       99.200    26292.277    37735.945
     968.729       99.400    26292.277    37735.945
     969.745       99.400    26292.277    37735.945
     970.761      100.400    26292.277    37735.945
     971.777       99.400    26292.277    37735.945
     972.793       99.400    26292.277    37735.945
     973.809      100.400    26292.277    37735.945
     974.825      100.400    26292.277    37735.945
     975.841       99.400    26292.277    37735.945
     976.857       99.400    26292.277    37735.945
     977.873      100.400    26292.277    37735.945
     978.889      100.400    26292.277    37735.945
     979.905       99.400    26292.277    37735.945
     980.921      100.400    26292.277    37735.945
     981.937       99.400    26292.277    37735.945
     982.953       99.400    26292.277    37735.945
     983.969      100.300    26292.277    37735.945
     984.985       99.400    26292.277    37735.945
     986.001       99.400    26292.277    37735.945
     987.018      100.300    26292.277    37735.945
     988.034      100.400    26292.277    37735.945
     989.050      100.400    26292.277    37735.945
     990.066       99.400    26292.277    37735.945
     991.082       99.400    26292.277    37735.945
     992.098       99.400    26292.277    37735.945
     993.114      100.400    26292.277    37735.945
     994.130      100.400    26292.277    37735.945
     995.146       99.400    26292.277    37735.945
     996.164      100.200    26292.277    37735.945
     997.180       99.400    26292.277    37735.945
     998.195       99.400    26292.277    37735.945
     999.211       99.400    26292.277    37735.945
    1000.227      101.400    26292.277    37735.945
    1001.244       99.300    26292.277    37735.945
    1002.260       99.400    26292.277    37735.945
    1003.276      100.400    26292.277    37735.945
    1004.292       99.400    26292.277    37735.945
    1005.308       99.400    26292.277    37735.945
    1006.324      100.400    26292.277    37735.945
    1007.340      100.400    26292.277    37735.945
    1008.355       99.500    26292.078    37735.945
    1009.373       97.200    26292.277    37735.945
    1010.389      100.400    26292.277    37735.945
    1011.405       99.400    26292.277    37735.945
    1012.421       99.400    26292.277    37735.945
    1013.437      100.400    26292.277    37735.945
    1014.453      100.400    26292.277    37735.945
    1015.469       99.400    26292.277    37735.945
    1016.485       99.400    26292.277    37735.945
    1017.502      100.300    26292.277    37735.945
    1018.518       99.400    26292.277    37735.945
    1019.534       99.400    26292.277    37735.945
    1020.550      100.400    26292.277    37735.945
    1021.566      100.400    26292.277    37735.945
    1022.582       99.400    26292.277    37735.945
    1023.598       99.400    26292.277    37735.945
    1024.614      100.400    26292.277    37735.945
    1025.630      100.400    26292.277    37735.945
    1026.646       99.400    26292.277    37735.945
    1027.662      100.400    26292.277    37735.945
    1028.678       99.400    26292.277    37735.945
    1029.694       99.400    26292.277    37735.945
    1030.710       99.400    26292.277    37735.945
    1031.726      100.400    26292.277    37735.945
    1032.742      100.400    26292.277    37735.945
    1033.758       99.400    26292.277    37735.945
    1034.773      100.400    26292.277    37735.945
    1035.789       99.400    26292.277    37735.945
    1036.805       99.400    26292.277    37735.945
    1037.821      100.400    26292.277    37735.945
    1038.837       99.400    26292.277    37735.945
    1039.853      100.400    26292.277    37735.945
    1040.869       99.400    26292.277    37735.945
    1041.885      100.400    26292.277    37735.945
    1042.901       99.400    26292.277    37735.945
    1043.917      100.400    26292.277    37735.945
    1044.934       99.400    26292.277    37735.945
    1045.952      100.200    26292.277    37735.945
    1046.969       99.400    26292.277    37735.945
    1047.985      100.400    26292.277    37735.945
    1049.000       99.400    26292.277    37735.945
    1050.016       99.400    26292.277    37735.945
    1051.032      100.400    26292.277    37735.945
    1052.048       99.400    26292.277    37735.945
    1053.064      100.400    26292.277    37735.945
    1054.081       99.400    26292.277    37735.945
    1055.097       99.400    26292.277    37735.945
    1056.113      100.400    26292.277    37735.945
    1057.129       99.400    26292.277    37735.945
    1058.145      100.400    26292.277    37735.945
    1059.161       99.400    26292.277    37735.945
    1060.177      100.400    26292.277    37735.945
    1061.193       99.400    26292.277    37735.945
    1062.209      100.400    26292.277    37735.945
    1063.224       99.400    26292.277    37735.945
    1064.240       99.400    26292.277    37735.945
    1065.257      100.400    26292.277    37735.945
    1066.273       99.400    26292.277    37735.945
    1067.288      100.400    26292.277    37735.945
    1068.304       99.400    26292.277    37735.945
    1069.320      100.400    26292.277    37735.945
    1070.337      100.400    26292.277    37735.945
    1071.352       99.500    26292.277    37735.945
    1072.367       99.500    26292.277    37735.945
    1073.383       99.400    26292.277    37735.945
    1074.399      100.400    26292.277    37735.945
    1075.415      100.400    26292.277    37735.945
    1076.431       99.400    26292.277    37735.945
    1077.448      100.300    26292.277    37735.945
    1078.464       99.400    26292.277    37735.945
    1079.480      100.400    26292.277    37735.945
    1080.496       99.400    26292.277    37735.945
    1081.512       99.400    26292.277    37735.945
    1082.528      100.400    26292.277    37735.945
    1083.544       99.400    26292.277    37735.945
    1084.560      100.400    26292.277    37735.945
    1085.576       99.400    26292.277    37735.945
    1086.592      100.400    26292.277    37735.945
    1087.608       99.400    26292.277    37735.945
    1088.624      100.400    26292.277    37735.945
    1089.640       99.400    26292.277    37735.945
    1090.656      100.400    26292.277    37735.945
    1091.672       99.400    26292.277    37735.945
    1092.688       99.400    26292.277    37735.945
    1093.704      101.400    26292.277    37735.945
    1094.720       99.400    26292.277    37735.945
    1095.736       99.400    26292.277    37735.945
    1096.752      100.400    26292.277    37735.945
    1097.768       99.400    26292.277    37735.945
    1098.784      100.400    26292.277    37735.945
    1099.800       99.400    26292.277    37735.945
    1100.816       99.400    26292.277    37735.945
    1101.832      100.400    26292.277    37735.945
    1102.848       99.400    26292.277    37735.945
    1103.864       99.400    26292.398    37735.945
    1104.882      100.200    26311.797    37735.945
    1105.901      100.100    26311.797    37735.945
    1106.917       99.400    26311.797    37735.945
    1107.933      100.300    26311.797    37735.945
    1108.950      100.400    26311.797    37735.945
    1109.965       99.400    26311.797    37735.945
    1110.981       99.400    26311.797    37735.945
    1111.997       99.400    26311.797    37735.945
    1113.013      100.400    26311.797    37735.945
    1114.029       99.400    26311.797    37735.945
    1115.045      100.400    26311.797    37735.945
    1116.061       99.400    26311.797    37735.945
    1117.077       99.400    26311.797    37735.945
    1118.093      100.400    26311.797    37735.945
    1119.110       99.400    26311.797    37735.945
    1120.125      100.400    26311.797    37735.945
    1121.141       99.400    26311.797    37735.945
    1122.157      100.400    26311.797    37735.945
    1123.173       99.400    26311.797    37735.945
    1124.189       99.400    26311.797    37735.945
    1125.205      100.400    26311.797    37735.945
    1126.221      100.400    26311.797    37735.945
    1127.237       99.400    26311.797    37735.945
    1128.253      100.400    26311.797    37735.945
    1129.269       99.400    26311.797    37735.945
    1130.285       99.400    26311.797    37735.945
    1131.301       99.400    26311.797    37735.945
    1132.317      100.400    26311.797    37735.945
    1133.333      100.400    26311.797    37735.945
    1134.348       99.500    26311.797    37735.945
    1135.363       99.500    26311.797    37735.945
    1136.379      100.400    26311.797    37735.945
    1137.396       99.300    26311.797    37735.945
    1138.412      100.400    26311.797    37735.945
    1139.428       99.400    26311.797    37735.945
    1140.444      100.400    26311.797    37735.945
    1141.460       99.400    26311.797    37735.945
    1142.477      100.400    26311.797    37735.945
    1143.493       99.400    26311.797    37735.945
    1144.509      100.400    26311.797    37735.945
    1145.525       99.400    26311.797    37735.945
    1146.541       99.400    26311.797    37735.945
    1147.557      101.400    26311.797    37735.945
    1148.573       99.400    26311.797    37735.945
    1149.589       99.400    26311.797    37735.945
    1150.605       99.400    26311.797    37735.945
    1151.621      100.400    26311.797    37735.945
    1152.637      100.400    26311.797    37735.945
    1153.653       94.500    26312.406    37735.945
    1154.671       99.200    26312.406    37735.945
    1155.687      101.400    26312.406    37735.945
    1156.703       99.400    26312.406    37735.945
    1157.719       99.400    26312.406    37735.945
    1158.735      100.400    26312.406    37735.945
    1159.751       99.400    26312.406    37735.945
    1160.767       99.400    26312.406    37735.945
    1161.783      100.400    26312.406    37735.945
    1162.799      100.400    26312.406    37735.945
    1163.815       99.400    26312.406    37735.945
    1164.831      100.400    26312.406    37735.945
    1165.847       99.400    26312.406    37735.945
    1166.863       99.400    26312.406    37735.945
    1167.880      100.300    26312.406    37735.945
    1168.896       99.400    26312.406    37735.945
    1169.912      100.400    26312.406    37735.945
    1170.928       99.400    26312.406    37735.945
    1171.944       99.400    26312.406    37735.945
    1172.960      100.400    26312.406    37735.945
    1173.975      100.400    26312.406    37735.945
    1174.991       99.400    26312.406    37735.945
    1176.007       99.400    26312.406    37735.945
    1177.023      100.400    26312.406    37735.945
    1178.039      100.400    26312.406    37735.945
    1179.055       99.400    26312.406    37735.945
    1180.072       99.400    26312.406    37735.945
    1181.087       99.400    26312.406    37735.945
    1182.103      100.400    26312.406    37735.945
    1183.119       99.400    26312.406    37735.945
    1184.135       99.400    26312.406    37735.945
    1185.151      100.400    26312.406    37735.945
    1186.167      100.400    26312.406    37735.945
    1187.183      100.400    26312.406    37735.945
    1188.199       99.400    26312.406    37735.945
    1189.215       99.400    26312.406    37735.945
    1190.231       99.400    26312.406    37735.945
    1191.247      100.400    26312.406    37735.945
    1192.263      100.400    26312.406    37735.945
    1193.278       99.400    26312.406    37735.945
    1194.294       99.400    26312.406    37735.945
    1195.310      100.400    26312.406    37735.945
    1196.326      100.400    26312.406    37735.945
    1197.342       99.400    26312.406    37735.945
    1198.358       99.500    26312.406    37735.945
    1199.374      100.400    26312.406    37735.945
    1200.391       99.300    26312.406    37735.945
    1201.407       99.400    26312.406    37735.945
    1202.423      100.400    26312.406    37735.945
    1203.441      100.200    26312.406    37735.945
    1204.457       99.400    26312.406    37735.945
    1205.473      100.400    26312.406    37735.945
    1206.489       99.400    26312.406    37735.945
    1207.505      100.400    26312.406    37735.945
    1208.521       99.400    26312.406    37735.945
    1209.537       99.400    26312.406    37735.945
    1210.553       99.400    26312.406    37735.945
    1211.569      101.400    26312.406    37735.945
    1212.585       99.400    26312.406    37735.945
    1213.601      100.400    26312.406    37735.945
    1214.617       99.400    26312.406    37735.945
    1215.633       99.400    26312.406    37735.945
    1216.650       99.400    26312.406    37735.945
    1217.665      101.400    26312.406    37735.945
    1218.682       99.400    26312.406    37735.945
    1219.697       99.400    26312.406    37735.945
    1220.713      100.400    26312.406    37735.945
    1221.729       99.400    26312.406    37735.945
    1222.746       99.400    26312.406    37735.945
    1223.761      100.400    26312.406    37735.945
    1224.777      100.400    26312.406    37735.945
    1225.793       99.400    26312.406    37735.945
    1226.809       99.400    26312.406    37735.945
    1227.826      100.300    26312.406    37735.945
    1228.843       99.400    26312.406    37735.945
    1229.859       99.400    26312.406    37735.945
    1230.875      101.400    26312.406    37735.945
    1231.891       99.400    26312.406    37735.945
    1232.907       99.400    26312.406    37735.945
    1233.923      100.400    26312.406    37735.945
    1234.939      100.400    26312.406    37735.945
    1235.955       99.400    26312.406    37735.945
    1236.971       99.400    26312.406    37735.945
    1237.987      100.400    26312.406    37735.945
    1239.003       99.400    26312.406    37735.945
    1240.019       99.400    26312.406    37735.945
    1241.035      100.400    26312.406    37735.945
    1242.051      100.400    26312.406    37735.945
    1243.067       76.800    26316.891    37860.586
    1244.085       34.400    26377.219    74353.785
    1245.105        0.000    26344.613    38220.301
    1246.125        0.000    26344.613    38220.301
    1247.143        0.000    26344.613    38220.301
    1248.161        0.000    26344.613    38220.301
    1249.179        0.000    26344.613    38220.301
    1250.197        0.000    26344.613    38220.301
    1251.215        0.000    26344.613    38220.301
    1252.233        0.000    26344.613    38220.301
    1253.250        0.000    26344.613    38220.301
    1254.268        0.000    26344.613    38220.301
    1255.286        0.000    26379.598    46482.969
    1256.298      844.100    26462.652    48887.488
    1257.316       80.400    26525.156    49050.570
    1258.335       99.200    26574.934    49097.570
    1259.353       98.100    26723.766    49233.465
    1260.373       99.100    26736.168    49245.129
    1261.392      100.400    26768.469    49277.426
    1262.407       93.300    26344.305    38114.930
    1263.426        0.000    26427.008    48757.379
    1264.448      345.400    26484.176    49036.602
    1265.467       99.100    26533.277    49084.102
    1266.486       99.100    26628.562    49157.840
    1267.505       99.300    26628.652    49157.840
    1268.522       94.100    26637.246    49166.215
    1269.542        0.000    26416.625    46553.352
    1270.562      837.100    26491.680    49073.555
    1271.577       92.200    26558.949    49079.316
    1272.596       98.100    26606.828    49127.316
    1273.616      100.100    26735.402    49234.535
    1274.635      100.300    26735.477    49234.535
    1275.652      100.100    26731.984    49231.180
    1276.672        0.000    26379.336    46482.359
    1277.685      846.700    26458.773    48993.891
    1278.705       86.300    26508.301    49061.316
    1279.724       99.100    26555.812    49108.816
    1280.743       98.100    26751.547    49283.465
    1281.762       99.100    26765.734    49296.785
    1282.782       99.900    26803.078    49333.707
    1283.802        0.000    26350.539    38238.152
    1284.824     1629.000    26441.457    48759.488
    1285.837       75.600    26506.750    49045.438
    1286.856       97.400    26601.812    49113.875
    1287.883       99.300    26589.801    49101.938
    1288.900      100.200    26603.898    49116.062
    1289.918        0.000    26394.586    46503.938
    1290.937      848.700    26477.238    48996.766
    1291.956       87.300    26519.711    49062.941
    1292.975       99.100    26565.215    49108.441
    1293.995       98.100    26610.277    49152.691
    1295.014       98.100    26656.250    49199.191
    1296.033       99.100    26703.039    49245.691
    1297.052       99.000    27076.574    49598.012
    1298.072      100.100    27095.934    49617.379
    1299.092       99.400    27140.109    49675.648
    1300.107      100.000    26852.492    49372.844
    1301.127        0.000    26417.582    46564.770
    1302.146      848.900    26505.777    49078.426
    1303.165       94.200    26549.078    49083.688
    1304.184       98.100    26595.727    49130.188
    1305.204       98.100    26642.164    49176.438
    1306.223       99.100    26874.258    49381.414
    1307.242       99.500    26874.262    49381.414
    1308.257      100.100    26919.145    49425.914
    1309.277        0.000    26382.312    46438.270
    1310.296      849.700    26463.527    48888.230
    1311.315       82.400    26514.285    49056.812
    1312.335       99.100    26562.973    49105.812
    1313.354       97.900    26704.324    49225.336
    1314.375      100.300    26704.352    49225.336
    1315.392       99.100    26732.301    49253.328
    1316.411        0.000    26378.227    46524.605
    1317.430      847.400    26447.270    48914.160
    1318.450       81.400    26511.785    49060.688
    1319.469       99.100    26556.645    49105.938
    1320.489       99.100    26600.980    49150.438
    1321.508       99.100    26645.973    49195.688
    1322.527       99.100    26690.707    49239.938
    1323.547       98.100    26735.680    49285.188
    1324.566       99.100    26780.570    49329.688
    1325.585       98.100    26825.758    49374.938
    1326.605      100.100    26900.883    49433.062
    1327.624       98.000    27454.156    49985.277
    1328.644      100.200    27454.168    49985.277
    1329.662      100.000    27570.180    50100.855
    1330.682        0.000    26350.539    38238.152
    1331.704     1553.900    26451.680    48756.965
    1332.722      138.300    26507.758    49024.188
    1333.741       97.100    26519.418    49026.340
    1334.760      101.200    26520.184    49026.340
    1335.778        0.000    26367.781    46479.324
    1336.812     1278.200    26438.074    48857.637
    1337.831       80.400    26506.355    49054.816
    1338.850       98.100    26527.461    49047.617
    1339.870      100.200    26533.090    49052.992
    1340.887        0.000    26351.738    38239.922
    1341.907     1623.500    26442.832    48790.590
    1342.920       76.500    26492.176    49039.438
    1343.939       99.100    26529.672    49054.711
    1344.959       98.100    26620.527    49143.812
    1345.978      100.100    26640.102    49163.180
    1346.997        0.000    26351.246    38239.551
    1348.019     1613.700    26475.789    48759.117
    1349.037       81.400    26535.320    49047.820
    1350.057       99.100    26580.031    49089.320
    1351.076       99.100    26626.082    49135.570
    1352.095       99.100    26669.840    49178.820
    1353.115       99.100    26717.906    49225.320
    1354.134       99.100    26764.539    49271.820
    1355.154       99.100    26808.625    49316.070
    1356.173       98.100    26855.562    49362.320
    1357.193      100.100    26941.602    49432.695
    1358.212       99.000    27446.102    49935.258
    1359.232      100.300    27446.102    49935.258
    1360.249       99.100    27560.844    50049.664
    1361.268        0.000    26373.758    46479.324
    1362.301     1240.300    26453.820    48857.387
    1363.321       81.400    26499.246    49044.066
    1364.341       98.100    26543.566    49088.566
    1365.360       99.100    26589.309    49134.816
    1366.380       99.100    26635.938    49181.316
    1367.399       99.100    26680.633    49225.816
    1368.419       98.100    26711.164    49239.410
    1369.438       99.000    27118.406    49643.293
    1370.458      100.300    27118.484    49643.293
    1371.475      100.000    27197.758    49722.480
    1372.495        0.000    26365.508    45701.047
    1373.516     1604.100    26468.879    48798.086
    1374.529       79.400    26496.258    49047.938
    1375.549       99.100    26538.023    49090.188
    1376.568       99.100    26583.137    49135.438
    1377.588       99.100    26627.602    49179.688
    1378.607       99.100    26671.867    49224.188
    1379.627       99.100    26716.574    49268.438
    1380.646       99.100    26761.465    49312.688
    1381.666       98.900    27206.801    49734.020
    1382.687       99.100    27230.211    49757.527
    1383.707      100.100    27284.816    49812.277
    1384.725      100.000    26932.012    49459.090
    1385.745        1.000    26411.352    46562.500
    1386.764      867.000    26470.621    49074.926
    1387.783       91.200    26538.621    49079.688
    1388.803      100.000    26587.594    49127.938
    1389.823       98.100    26634.371    49175.438
    1390.842       99.100    26672.559    49198.000
    1391.861       99.200    26953.535    49477.719
    1392.879      100.300    26953.543    49477.719
    1393.896      100.000    27014.570    49538.312
    1394.916        0.000    26378.750    46438.707
    1395.936      849.400    26457.797    48903.805
    1396.956       81.400    26524.594    49059.934
    1397.975       99.100    26570.109    49105.434
    1398.995       98.100    26615.438    49150.684
    1400.014       99.100    26661.996    49197.184
    1401.034      100.000    26877.309    49487.637
    1402.054       99.000    26985.430    49505.730
    1403.073      100.300    26985.438    49505.730
    1404.091       97.000    26960.086    49479.855
    1405.111        1.000    26413.688    46538.242
    1406.130      844.600    26500.723    49026.004
    1407.150       91.200    26541.641    49075.438
    1408.170       98.100    26584.996    49118.688
    1409.189       99.100    26631.391    49164.938
    1410.209       99.100    26674.547    49207.188
    1411.228       98.100    26719.723    49252.688
    1412.248      100.200    26765.055    49297.938
    1413.266       98.100    26809.523    49342.188
    1414.286       99.100    26894.691    49410.062
    1415.305       99.000    27372.168    49885.824
    1416.325      100.200    27372.168    49885.824
    1417.343      100.000    27477.461    49990.988
    1418.362        0.000    26379.859    46479.445
    1419.389     1124.900    26450.988    48862.875
    1420.408       80.400    26501.305    49045.684
    1421.428       99.100    26549.297    49094.184
    1422.447       99.100    26598.793    49143.684
    1423.467       98.100    26802.703    49326.184
    1424.486      100.300    26802.734    49326.184
    1425.504      100.000    26786.715    49309.777
    1426.523        0.000    26393.902    46506.254
    1427.543      846.400    26467.023    48997.141
    1428.562       86.300    26524.688    49070.316
    1429.582      100.000    26569.016    49114.566
    1430.602       98.100    26613.637    49158.816
    1431.621       99.000    26659.668    49205.316
    1432.641       99.100    26704.391    49249.566
    1433.661       99.100    26750.770    49296.066
    1434.680       99.100    26795.945    49341.316
    1435.700       99.100    26871.129    49396.191
    1436.719       99.000    27371.043    49894.891
    1437.739      100.100    27371.074    49894.891
    1438.758      100.000    27475.848    49999.508
    1439.778        0.000    26353.520    38282.500
    1440.799     1617.400    26470.211    48795.918
    1441.819       77.500    26496.242    49040.062
    1442.838      100.000    26541.641    49085.312
    1443.858       99.100    26586.664    49130.812
    1444.877       99.100    26631.305    49175.062
    1445.897       99.100    26676.855    49220.562
    1446.917       99.100    26721.801    49265.812
    1447.936       98.000    26866.445    49557.789
    1448.956       99.000    27173.109    49697.516
    1449.976      100.200    27173.109    49697.516
    1450.994      100.000    27257.453    49781.391
    1452.013        0.000    26407.254    46482.797
    1453.033      845.600    26510.219    48996.012
    1454.052       86.300    26538.609    49065.188
    1455.072      100.000    26577.688    49102.688
    1456.091       99.100    26616.180    49141.188
    1457.111       99.100    26655.133    49179.688
    1458.130       99.100    26692.551    49217.188
    1459.150       99.100    26731.402    49255.938
    1460.169       99.100    26769.863    49294.438
    1461.189      100.000    26807.480    49332.938
    1462.209       98.100    26845.957    49370.438
    1463.228      100.100    26884.656    49410.188
    1464.248       99.100    26922.656    49447.688
    1465.267       98.100    26961.992    49487.188
    1466.286      100.000    26999.660    49524.688
    1467.306       98.000    27039.641    49564.438
    1468.326      100.000    27078.391    49602.938
    1469.346       99.100    27116.324    49641.688
    1470.365       98.100    27155.363    49680.188
    1471.385      100.000    27192.023    49716.688
    1472.405       99.000    27230.469    49735.688
    1473.424      100.000    27206.055    49711.688
    1474.444       99.900    28192.215    50722.621
    1475.465      100.000    28127.824    50631.738
    1476.485      100.000    28182.082    50708.141
    1477.504      100.000    27876.715    50379.875
    1478.525        0.000    26387.195    46517.145
    1479.545      860.100    26470.641    48980.078
    1480.565       85.300    26520.207    49066.070
    1481.585       99.000    26563.977    49109.320
    1482.604       99.100    26607.938    49153.570
    1483.624       99.100    26651.500    49196.820
    1484.643       99.100    26696.723    49242.320
    1485.663       99.000    26742.953    49288.570
    1486.683       98.100    26787.316    49332.820
    1487.702       99.100    26831.801    49377.320
    1488.722       99.000    26883.562    49411.445
    1489.742       98.400    27576.398    50116.039
    1490.758      101.000    27476.594    50004.285
    1491.778       99.000    27594.531    50122.441
    1492.798      101.000    26344.309    38114.930
    1493.818        0.000    26449.520    48472.105
    1494.841      784.900    26484.914    49086.891
    1495.860       96.100    26539.879    49075.816
    1496.880       99.000    26585.297    49121.316
    1497.900       99.100    26630.785    49166.566
    1498.919       99.000    26676.496    49212.066
    1499.939       99.100    26721.023    49256.316
    1500.959       99.000    27113.867    49629.641
    1501.979       99.000    27134.559    49649.930
    1502.999      100.200    27142.062    49657.746
    1504.016       99.000    26878.094    49392.484
    1505.037        0.000    26415.594    46559.488
    1506.056      847.400    26481.395    49078.180
    1507.076       91.200    26551.652    49080.691
    1508.096      100.000    26597.195    49126.191
    1509.115       99.000    26643.500    49172.441
    1510.135       98.100    26686.680    49215.691
    1511.155      100.000    26732.516    49262.191
    1512.175       98.100    26778.793    49308.691
    1513.195       99.000    26825.121    49353.941
    1514.215       99.000    26869.273    49398.191
    1515.234       99.100    26915.625    49444.691
    1516.253       99.100    27007.723    49901.996
    1517.272       99.000    27612.367    50129.281
    1518.292      100.200    27612.367    50129.281
    1519.310      100.000    27743.516    50260.344
    1520.329        0.000    26371.273    46482.402
    1521.350      919.300    26445.070    48885.121
    1522.371       81.400    26497.355    49044.688
    1523.390       99.000    26534.867    49082.188
    1524.410       99.000    26571.426    49118.688
    1525.430       99.000    26609.734    49156.188
    1526.450      100.000    26647.422    49194.938
    1527.470       99.000    26684.926    49232.438
    1528.490       99.000    26721.305    49267.688
    1529.510       99.000    26759.508    49306.438
    1530.530       99.100    26797.562    49344.938
    1531.550       99.000    26835.137    49382.438
    1532.569       99.000    26872.121    49418.938
    1533.589       99.000    26910.484    49457.438
    1534.609      100.000    26948.875    49496.188
    1535.629       98.100    26985.441    49532.688
    1536.649      100.000    27004.352    49532.875
    1537.669       99.000    27675.352    50202.168
    1538.689      100.000    27675.434    50202.168
    1539.708      100.000    27820.426    50347.160
    1540.728       91.100    27167.492    49693.879
    1541.749        0.000    26404.668    46544.543
    1542.768      844.900    26479.988    48998.777
    1543.793       88.300    26535.043    49073.438
    1544.813       98.000    26583.602    49121.938
    1545.833       98.000    26632.957    49171.438
    1546.853       99.000    26682.391    49220.688
    1547.873       98.900    26993.316    49515.684
    1548.894      100.000    27010.547    49532.902
    1549.914      100.000    27079.148    49601.309
    1550.934       99.000    26344.309    38114.930
    1551.955        0.000    26423.109    48748.438
    1552.977      448.800    26465.969    48993.492
    1553.995       98.000    26543.805    49089.570
    1555.015       98.100    26591.039    49136.570
    1556.035       99.000    26722.641    49250.152
    1557.055      100.200    26722.641    49250.152
    1558.073       99.000    26632.414    49159.863
    1559.093        0.000    26397.477    46543.922
    1560.114      831.400    26492.379    49001.941
    1561.134       88.200    26549.434    49073.316
    1562.154       98.000    26594.379    49118.566
    1563.174      100.000    26638.523    49162.066
    1564.193       98.000    26684.254    49208.316
    1565.214       99.000    26729.016    49252.816
    1566.233       99.100    26774.555    49298.066
    1567.253       98.400    27222.488    49724.617
    1568.279      100.000    27210.695    49707.914
    1569.299       99.900    27292.637    49789.547
    1570.320        0.000    26350.051    38237.625
    1571.342     1476.300    26440.629    48758.215
    1572.363      208.800    26494.184    49036.941
    1573.383       99.000    26531.398    49073.441
    1574.403       98.000    26567.602    49109.941
    1575.423      100.000    26605.324    49147.441
    1576.443       99.000    26641.516    49183.691
    1577.463      100.000    26679.129    49221.191
    1578.483       98.000    26715.477    49257.691
    1579.503      100.000    26752.777    49295.191
    1580.523       99.000    26789.371    49331.691
    1581.542       99.000    26826.723    49369.191
    1582.563       99.000    26863.516    49405.691
    1583.582       99.000    26901.340    49443.191
    1584.603       99.000    26937.949    49479.691
    1585.623      100.000    26958.766    49478.379
    1586.642      100.000    27177.863    49909.562
    1587.663       98.900    27627.344    50147.191
    1588.684      100.200    27627.344    50147.191
    1589.702       99.100    27765.078    50284.723
    1590.721        0.000    26365.414    46483.156
    1591.739      845.000    26470.996    48886.641
    1592.760       80.400    26531.742    49053.473
    1593.779       99.000    26575.246    49097.973
    1594.799      100.000    26621.531    49144.223
    1595.820       98.000    26668.230    49190.723
    1596.840      100.000    26713.949    49235.973
    1597.860       98.000    26758.629    49280.473
    1598.880       99.000    26804.930    49326.723
    1599.900       99.000    26852.305    49374.223
    1600.920      100.000    26934.297    49443.348
    1601.940       99.000    27462.570    49970.000
    1602.960      100.100    27462.602    49970.000
    1603.979       99.000    27578.098    50085.227
    1604.999        1.000    26381.070    46478.395
    1606.031     1440.200    26465.352    48813.004
    1607.045       79.400    26523.891    49050.605
    1608.065       99.000    26568.781    49094.855
    1609.085       98.000    26613.223    49139.105
    1610.105       99.000    26658.355    49184.605
    1611.125       98.000    26703.699    49229.855
    1612.145      100.000    26749.785    49276.355
    1613.165       98.000    26795.473    49321.605
    1614.185       99.000    26842.020    49368.105
    1615.205       99.000    26905.918    49414.230
    1616.225       99.000    27461.945    49969.281
    1617.245      100.100    27461.973    49969.281
    1618.264       98.900    27578.051    50085.211
    1619.285        0.000    26344.566    38114.930
    1620.306        0.000    26442.082    48734.758
    1621.329      310.800    26501.004    49027.684
    1622.346       98.100    26554.195    49086.934
    1623.365      100.000    26601.859    49132.434
    1624.385       99.000    26647.582    49178.684
    1625.405       99.000    26693.562    49223.934
    1626.425       98.000    26738.066    49268.434
    1627.445       99.000    26784.238    49314.684
    1628.465      100.000    26864.855    49376.809
    1629.486       98.000    27309.699    49819.902
    1630.506      100.200    27309.801    49819.902
    1631.524      100.000    27405.797    49915.559
    1632.544       22.500    26312.051    37735.457
    1633.565       77.400        0.000        0.000
