# Elapsed time   CPU (%)     Real (MB)   Virtual (MB)
       0.000        0.000      206.426     8507.793
       1.012       95.900      225.922     8527.750
       2.031       93.200      298.699     8602.590
       3.052       89.200      334.352     8644.855
       4.071       87.300      358.000     8670.699
       5.092       83.300      358.723     8735.121
       6.112      100.000      401.477     8778.781
       7.132       99.000      401.477     8778.781
       8.152       99.000      401.668     8778.781
       9.172      100.000      411.164     8788.445
      10.191       99.000      420.695     8798.109
      11.211       99.100      420.695     8798.109
      12.231      100.000      420.754     8798.109
      13.250       99.100      420.754     8798.109
      14.270       99.100      420.754     8798.109
      15.289       99.100      420.754     8798.109
      16.309      100.000      420.754     8798.109
      17.328       99.100      420.754     8798.109
      18.348       99.100      420.754     8798.109
      19.368      100.000      420.754     8798.109
      20.388       99.000      420.754     8798.109
      21.407       99.000      420.754     8798.109
      22.427       99.000      420.754     8798.109
      23.447       99.000      420.754     8798.109
      24.467      100.000      420.754     8798.109
      25.487       99.000      420.754     8798.109
      26.507      100.000      420.754     8798.109
      27.526       99.000      420.754     8798.109
      28.546       99.100      457.676    14083.645
      29.566      101.000      693.789    14083.645
      30.585      100.000      832.988    14108.645
      31.605       99.000      841.496    14346.645
      32.625      101.000      858.770    14839.645
      33.645      100.000      894.605    15862.645
      34.665      100.000      945.395    17300.645
      35.685      100.000     1074.043    20966.645
      36.705      249.100     1768.688    37317.215
      37.726     1301.000     9937.824    37317.215
      38.745     1295.900    16794.973    37317.215
      39.765      916.300     8547.777    21491.781
      40.784       57.900     8547.777    21491.781
      41.804      101.000     9375.715    22318.781
      42.824       99.000    10820.918    23764.277
      43.844      101.000    12085.801    25029.277
      44.864      100.000    13926.066    26869.277
      45.884      100.000    15220.027    28163.277
      46.904      100.000    16406.012    29351.910
      47.924      100.000    16590.152    29477.973
      48.944       99.000    17075.254    37291.914
      49.964      101.000    18709.254    37291.914
      50.983      100.100    20423.254    37291.914
      52.003       99.000    22153.254    37291.914
      53.022      100.000    23873.254    37291.914
      54.042      101.000    24414.887    37291.914
      55.063      100.000    24414.887    37291.914
      56.083       99.000    24655.277    38401.070
      57.103      101.000    25041.277    38401.070
      58.123      100.000    25453.277    38401.070
      59.143      100.000    17740.215    30587.129
      60.163      100.000    17740.215    30587.129
      61.182      100.000    17962.594    30956.848
      62.202      100.000    18479.535    31326.566
      63.222      100.000    19366.309    32258.574
      64.242      101.000    19462.848    32413.910
      65.262       99.000    19070.152    31953.309
      66.282      100.000    19461.449    32295.812
      67.302      100.000    19978.871    32812.969
      68.322      100.000    19979.219    32812.969
      69.342      100.000    20003.445    32812.969
      70.362      100.000    20029.191    32812.969
      71.382      100.000    20056.520    32812.969
      72.401      100.000    20083.312    32812.969
      73.421      101.000    20110.125    32812.969
      74.441      100.000    20135.648    32812.969
      75.460      100.000    20162.203    32812.969
      76.480      100.000    20184.633    32812.969
      77.500       99.000    20210.156    32812.969
      78.520      101.000    20265.105    32904.785
      79.540      100.000    19428.352    32007.574
      80.560      100.000    19428.430    32007.574
      81.580      100.000    19532.891    32112.023
      82.599      101.000    19577.316    32156.316
      83.619      100.000    19577.320    32156.316
      84.639       99.000    19906.590    32485.809
      85.659      100.000    20007.980    32587.098
      86.679      100.000    20622.105    33201.340
      87.699      100.000    21205.004    33874.852
      88.719      101.000    21411.973    33991.090
      89.739      100.000    21411.973    33991.090
      90.759      100.000    21411.973    33991.090
      91.779      100.000    21668.898    34248.176
      92.799       89.200    21669.230    34248.188
      93.819       66.600        0.000        0.000
      94.839      100.000        0.000        0.000
