# Elapsed time   CPU (%)     Real (MB)   Virtual (MB)
       0.004        0.000      194.953     8495.875
       1.021       93.400      206.105     8507.383
       2.038       98.300      222.062     8523.887
       3.055       90.500      322.535     8630.500
       4.072       84.600      340.484     8651.125
       5.088       88.500      357.484     8670.293
       6.105       70.800      366.426     8681.598
       7.122       71.800      373.816     8693.457
       8.139       74.700      379.281     8699.090
       9.155       81.600      382.082     8702.090
      10.172       68.800      446.984     8831.188
      11.189       77.700      453.871     8838.668
      12.206       76.700      531.398     8915.059
      13.223       99.300      559.945     8944.051
      14.239       98.400      560.027     8944.051
      15.256      100.300      560.027     8944.051
      16.273       99.300      560.027     8944.051
      17.290       99.200      560.027     8944.051
      18.307       99.300      560.027     8944.051
      19.324       98.300      560.027     8944.051
      20.341      100.300      560.027     8944.051
      21.358       99.300      560.027     8944.051
      22.374       98.400      560.027     8944.051
      23.391       99.300      560.027     8944.051
      24.408      100.300      560.027     8944.051
      25.425       99.300      560.027     8944.051
      26.442       98.400      560.027     8944.051
      27.458       99.300      560.027     8944.051
      28.475       99.300      560.023     8944.047
      29.492      100.300      651.910    12805.164
      30.509      100.300      814.449    12830.164
      31.526      100.300      817.543    12926.164
      32.542       99.300      821.926    13066.164
      33.559      100.300      832.238    13399.164
      34.576      100.300      850.285    13973.164
      35.593       99.300      869.105    14573.164
      36.609      100.300      909.324    15865.164
      37.626      100.300      960.418    17497.164
      38.643      100.300     1027.695    19647.164
      39.660     1339.300     8577.082    30017.961
      40.678     1485.000     8009.949    22332.219
      41.698      188.200     6893.617    18997.602
      42.719       99.900     8249.969    20397.602
      43.739       99.900     9429.203    21615.602
      44.760       99.900    10590.391    22813.602
      45.781      100.900    12062.250    24327.234
      46.801       98.000    12197.594    24474.363
      47.821      100.000    12444.125    30114.340
      48.842      100.900    14390.125    30114.340
      49.862      100.000    16414.125    30114.340
      50.881      100.000    17873.402    30114.340
      51.902       99.900    17964.508    30960.082
      52.923      100.000    18440.508    30960.082
      53.943      100.000    18763.355    30960.082
      54.963       99.900    13226.926    25341.102
      55.984      100.000    13420.719    25623.016
      57.004       99.900    13841.531    26065.684
      58.025       98.000    13975.969    26418.562
      59.045      100.900    14697.656    26889.734
      60.066      100.000    15432.020    27541.051
      61.086       99.000    15896.883    27981.398
      62.107      100.000    15922.242    27981.398
      63.127      100.900    15950.398    27981.398
      64.148      100.000    15983.320    27981.398
      65.168      100.000    16015.547    27981.398
      66.188      100.000    16049.270    27981.398
      67.209      100.900    16081.688    27981.398
      68.229      100.000    16241.285    28115.871
      69.250       99.900    16486.922    28308.988
      70.270       99.900    14651.559    26483.672
      71.291       99.900    14907.863    26726.160
      72.311      100.900    14973.602    26781.598
      73.332      100.000    14981.551    26781.598
      74.352      100.000    15296.992    27088.547
      75.372      100.000    15138.613    26944.895
      76.393       99.900    15220.582    27021.613
      77.414       99.900    15284.648    27059.480
      78.434      100.000    15285.078    27059.480
      79.455      100.000    15285.180    27059.480
      80.475      100.000    15285.234    27059.480
      81.495       97.000    15134.117    26906.043
      82.516      100.900    15687.660    27459.562
      83.536      100.000    15687.789    27459.562
      84.557      100.000    15729.273    27459.562
      85.577       99.900    15785.734    27459.562
      86.598      100.000    15839.875    27459.562
      87.618       99.900    16047.969    27613.828
      88.639      100.900    16244.469    27759.523
      89.659       99.000    16453.602    27913.789
      90.680      100.900    16650.559    28059.484
      91.701       99.900    16836.363    28196.609
      92.721      100.000    16708.938    28020.977
      93.741      100.000    17028.406    28371.336
      94.762       99.900    16800.441    28097.742
      95.782      100.000    16839.379    28136.680
      96.803      100.900    17109.211    28406.383
      97.824       99.900    17652.980    28836.641
      98.844      100.000    17058.891    28229.070
      99.864      100.100    17556.977    28718.914
     100.882       99.200    17731.922    28840.922
     101.902      101.000    17198.820    28307.672
     102.923       98.900    17475.418    28584.414
     103.943      100.900    17259.348    28368.078
     104.964       99.900    17675.570    28784.375
     105.985       99.900    17317.480    28425.836
     107.006      100.900    17627.887    28736.453
     108.026      100.000    17747.016    28862.070
     109.047       99.900    17856.223    28964.406
     110.067      100.000    18286.094    29394.422
     111.088       99.900    18195.664    29303.703
     112.109      100.000    18307.867    29436.414
     113.129       99.900    16614.367    27722.648
     114.149      100.000    16703.102    27810.891
     115.170       99.900    16617.195    27821.125
     116.191       99.900    16929.195    28037.094
     117.212      100.900    16544.848    27704.949
     118.232       99.000    17162.180    28270.000
     119.253      100.900    17554.578    28662.477
     120.273      100.000    17866.875    28974.820
     121.293      100.000    16762.648    27870.438
     122.314      100.000    17346.066    28597.312
     123.334       99.900    17522.152    28674.918
     124.355      100.900    18369.031    29533.578
     125.376       99.000    17763.320    28871.109
     126.396      100.000    17935.586    29043.414
     127.417      100.900    18133.148    29277.055
     128.437      100.000    18335.148    29447.906
     129.457      100.000    18528.777    29636.695
     130.477       99.000    17794.344    28901.797
     131.498      100.000    17794.484    28901.797
     132.518      100.000    17794.492    28901.797
     133.538      100.000    17794.504    28901.797
     134.558      100.000    17794.504    28901.797
     135.578      100.000    17794.523    28901.797
     136.598      101.000    17794.523    28901.797
     137.618      100.000    17794.523    28901.797
     138.639       99.900    17794.523    28901.797
     139.659      100.000    17794.527    28901.797
     140.679      100.000    17794.527    28901.797
     141.700      100.000    17794.527    28901.797
     142.720      100.000    17794.527    28901.797
     143.740      100.900    17794.527    28901.797
     144.760      100.000    17794.527    28901.797
     145.781       99.000    16472.777    27580.047
     146.801      100.000    16472.777    27580.047
     147.822      100.000    16472.777    27580.047
     148.842      100.900    16472.777    27580.047
     149.862      100.000    16472.777    27580.047
     150.881      100.100    16472.777    27580.047
     151.901      100.000    16472.777    27580.047
     152.921      100.000    16472.777    27580.047
     153.941      100.000    16472.777    27580.047
     154.961      100.000    16472.777    27580.047
     155.981      100.000    16472.777    27580.047
     157.002      100.000    16472.777    27580.047
     158.022      100.900    16472.777    27580.047
     159.043       99.900    16472.777    27580.047
     160.064       99.900    16472.777    27580.047
     161.084      100.000    16472.777    27580.047
     162.105      100.000    16472.777    27580.047
     163.125      100.000    16472.777    27580.047
     164.145      100.000    16472.777    27580.047
     165.166      100.000    16472.777    27580.047
     166.186      100.000    16472.777    27580.047
     167.206      101.000    16472.777    27580.047
     168.227      100.000    16472.777    27580.047
     169.247      100.000    16472.777    27580.047
     170.268      100.000    16472.777    27580.047
     171.288      100.000    16472.777    27580.047
     172.308      100.000    16472.777    27580.047
     173.328      100.000    16472.777    27580.047
     174.349      100.000    16472.777    27580.047
     175.360       99.900    16472.777    27580.047
     176.379      101.100    16472.777    27580.047
     177.397       99.200    16472.777    27580.047
     178.416      101.100    16472.777    27580.047
     179.435      100.100    16472.777    27580.047
     180.454      100.100    16472.777    27580.047
     181.473       99.100    16472.777    27580.047
     182.490      100.300    16472.777    27580.047
     183.507      100.300    16472.777    27580.047
     184.524      100.300    16472.777    27580.047
     185.541      100.300    16472.777    27580.047
     186.558       99.300    16472.777    27580.047
     187.575       99.300    16472.777    27580.047
     188.592      101.300    16472.777    27580.047
     189.609      100.300    16441.102    27548.371
     190.625      100.300    16441.102    27548.371
     191.642       99.300    16441.102    27548.371
     192.659      100.300    16441.102    27548.371
     193.677       99.300    16441.102    27548.371
     194.694      100.300    16441.102    27548.371
     195.711      100.300    16441.102    27548.371
     196.729      100.200    16441.102    27548.371
     197.746      100.300    16441.102    27548.371
     198.763      100.300    16441.102    27548.371
     199.780       99.300    16441.102    27548.371
     200.796      100.300    16441.102    27548.371
     201.813      100.300    16441.102    27548.371
     202.830      100.300    16441.102    27548.371
     203.847      100.300    16441.102    27548.371
     204.864       99.300    16441.102    27548.371
     205.881      100.300    16441.102    27548.371
     206.898       99.300    16441.102    27548.371
     207.914      101.400    16441.102    27548.371
     208.931       99.300    16441.102    27548.371
     209.948      100.300    16441.102    27548.371
     210.965      100.300    16441.102    27548.371
     211.982       99.300    16441.102    27548.371
     212.999      101.300    16441.102    27548.371
     214.016       99.300    16441.102    27548.371
     215.032       99.300    16441.102    27548.371
     216.049      101.300    16441.102    27548.371
     217.066       99.300    16441.102    27548.371
     218.083      100.300    16441.102    27548.371
     219.100      100.300    16441.102    27548.371
     220.117      100.300    16441.105    27548.371
     221.134       99.300    16441.105    27548.371
     222.150      100.400    16441.105    27548.371
     223.167       99.300    16441.105    27548.371
     224.184      100.300    16441.105    27548.371
     225.201      100.300    16441.105    27548.371
     226.218      100.300    16441.105    27548.371
     227.236      100.200    16441.105    27548.371
     228.253      100.300    16441.105    27548.371
     229.270      100.300    16441.105    27548.371
     230.286       99.300    16441.105    27548.371
     231.303      100.300    16441.105    27548.371
     232.320       99.300    16441.105    27548.371
     233.337      101.300    16441.105    27548.371
     234.354       99.300    16441.105    27548.371
     235.371      100.300    16441.105    27548.371
     236.388      100.300    16441.105    27548.371
     237.405       99.300    16441.105    27548.371
     238.422      101.300    16441.105    27548.371
     239.439       99.300    16441.105    27548.371
     240.456      100.300    16441.105    27548.371
     241.472       99.300    16441.105    27548.371
     242.489      101.300    16441.105    27548.371
     243.506       99.300    16441.105    27548.371
     244.523      100.300    16441.105    27548.371
     245.540       99.300    16441.105    27548.371
     246.557      100.300    16441.105    27548.371
     247.576      100.000    16441.105    27548.371
     248.594      100.200    16441.105    27548.371
     249.611      100.300    16441.105    27548.371
     250.628      100.300    16441.105    27548.371
     251.645       99.300    16441.105    27548.371
     252.662      101.300    16441.105    27548.371
     253.680       99.300    16441.105    27548.371
     254.697      100.300    16441.105    27548.371
     255.714      100.300    16441.105    27548.371
     256.732      100.200    16441.105    27548.371
     257.749      100.300    16441.105    27548.371
     258.766       99.300    16441.105    27548.371
     259.783      100.300    16441.105    27548.371
     260.800      100.300    16441.105    27548.371
     261.817       99.300    16441.105    27548.371
     262.834      100.300    16441.105    27548.371
     263.850      100.300    16441.105    27548.371
     264.868      100.300    16441.105    27548.371
     265.884      100.300    16441.105    27548.371
     266.901       99.400    16441.105    27548.371
     267.917      100.400    16441.105    27548.371
     268.934      100.300    16441.105    27548.371
     269.951      100.300    16441.105    27548.371
     270.968       99.300    16441.105    27548.371
     271.985      100.300    16441.105    27548.371
     273.002      100.300    16441.105    27548.371
     274.020      100.200    16441.105    27548.371
     275.039      100.100    16441.105    27548.371
     276.059      100.000    16441.105    27548.371
     277.079      100.000    16441.105    27548.371
     278.099      100.000    16441.105    27548.371
     279.119      100.000    16441.105    27548.371
     280.138      100.000    16441.105    27548.371
     281.158      100.000    16441.105    27548.371
     282.178      100.000    16441.105    27548.371
     283.198      100.000    16441.105    27548.371
     284.218      100.000    16441.105    27548.371
     285.238      101.000    16441.105    27548.371
     286.258       99.000    16441.105    27548.371
     287.277      100.000    16441.105    27548.371
     288.297      100.000    16441.105    27548.371
     289.317      100.000    16441.105    27548.371
     290.337      101.000    16441.105    27548.371
     291.357       99.000    16441.105    27548.371
     292.377      100.000    16441.105    27548.371
     293.397      100.000    16441.105    27548.371
     294.417      101.000    16441.105    27548.371
     295.437      100.000    16441.105    27548.371
     296.457      100.000    16441.105    27548.371
     297.477      101.000    16441.105    27548.371
     298.497       99.000    16441.105    27548.371
     299.517      100.000    16441.105    27548.371
     300.537      100.000    16441.105    27548.371
     301.557      100.000    16441.105    27548.371
     302.577      101.000    16441.105    27548.371
     303.597      100.000    16441.105    27548.371
     304.617      100.000    16441.105    27548.371
     305.637      100.000    16441.105    27548.371
     306.657      100.000    16441.105    27548.371
     307.678       99.900    16441.105    27548.371
     308.698      100.000    16441.105    27548.371
     309.718      100.000    16441.105    27548.371
     310.738      100.000    16441.105    27548.371
     311.758      101.000    16441.105    27548.371
     312.778      100.000    16441.105    27548.371
     313.798      100.000    16441.105    27548.371
     314.818      100.000    16441.105    27548.371
     315.838      100.000    16441.105    27548.371
     316.857      100.100    16441.105    27548.371
     317.877      100.000    16441.105    27548.371
     318.897      100.000    16441.105    27548.371
     319.917      100.000    16441.105    27548.371
     320.937      100.000    16441.105    27548.371
     321.956      100.000    16441.105    27548.371
     322.976      100.000    16441.105    27548.371
     323.996      100.000    16441.105    27548.371
     325.016      100.000    16441.105    27548.371
     326.035      100.000    16441.105    27548.371
     327.055      100.000    16441.105    27548.371
     328.075      100.000    16441.105    27548.371
     329.095      101.000    16441.105    27548.371
     330.115      100.000    16441.105    27548.371
     331.134       99.000    16441.105    27548.371
     332.154      100.000    16441.105    27548.371
     333.174      101.000    16441.105    27548.371
     334.194      100.000    16441.105    27548.371
     335.214      100.000    16441.105    27548.371
     336.234      100.000    16441.105    27548.371
     337.254      100.000    16441.105    27548.371
     338.273      100.000    16441.105    27548.371
     339.293      100.000    16441.105    27548.371
     340.313      100.000    16441.105    27548.371
     341.333      100.000    16441.105    27548.371
     342.353      100.000    16441.105    27548.371
     343.373      100.000    16441.105    27548.371
     344.393      100.000    16441.105    27548.371
     345.413      100.000    16441.105    27548.371
     346.432      100.000    16441.105    27548.371
     347.452      101.000    16441.105    27548.371
     348.472      100.000    16441.105    27548.371
     349.492       99.000    16441.105    27548.371
     350.514      100.700    16441.105    27548.371
     351.535      100.000    16441.105    27548.371
     352.555      100.000    16441.105    27548.371
     353.574      100.000    16441.105    27548.371
     354.594      100.000    16441.105    27548.371
     355.614      100.000    16441.105    27548.371
     356.634      100.000    16441.105    27548.371
     357.653      100.000    16441.105    27548.371
     358.673      100.000    16441.105    27548.371
     359.693      100.000    16441.105    27548.371
     360.713      100.000    16441.105    27548.371
     361.732      101.000    16441.105    27548.371
     362.752      100.000    16441.105    27548.371
     363.772      100.000    16441.105    27548.371
     364.792      100.000    16441.105    27548.371
     365.811      100.000    16441.105    27548.371
     366.831      100.000    16441.105    27548.371
     367.850      100.100    16441.105    27548.371
     368.869      100.100    16441.105    27548.371
     369.889      100.000    16441.105    27548.371
     370.908      100.000    16441.105    27548.371
     371.928      100.000    16441.105    27548.371
     372.948      100.000    16441.105    27548.371
     373.967      100.100    16441.105    27548.371
     374.987      100.000    16441.105    27548.371
     376.007      100.000    16441.105    27548.371
     377.026      100.000    16441.105    27548.371
     378.046      100.000    16441.105    27548.371
     379.066      100.000    16441.105    27548.371
     380.086      100.000    16441.105    27548.371
     381.106      100.000    16441.105    27548.371
     382.126      101.000    16441.105    27548.371
     383.145       99.000    16441.105    27548.371
     384.165      100.100    16441.105    27548.371
     385.184      100.000    16441.105    27548.371
     386.204      100.000    16441.105    27548.371
     387.224      100.000    16441.105    27548.371
     388.244      101.000    16441.105    27548.371
     389.263      100.000    16441.105    27548.371
     390.283      100.000    16441.105    27548.371
     391.303      100.000    16441.105    27548.371
     392.323      100.000    16441.105    27548.371
     393.342      100.000    16441.105    27548.371
     394.362      100.000    16441.105    27548.371
     395.382      100.000    16441.105    27548.371
     396.402      100.000    16441.105    27548.371
     397.421      100.000    16441.105    27548.371
     398.441      100.000    16441.105    27548.371
     399.461      100.000    16441.105    27548.371
     400.481      100.000    16441.105    27548.371
     401.501      100.000    16441.105    27548.371
     402.521      100.000    16441.105    27548.371
     403.541      100.000    16441.105    27548.371
     404.561      100.000    16441.105    27548.371
     405.580      101.000    16441.105    27548.371
     406.600      100.000    16441.105    27548.371
     407.620       99.000    16441.105    27548.371
     408.640      101.000    16441.105    27548.371
     409.660      100.000    16441.105    27548.371
     410.679      100.000    16441.105    27548.371
     411.699      100.000    16441.105    27548.371
     412.719      100.000    16441.105    27548.371
     413.739      100.000    16441.105    27548.371
     414.758      100.100    16441.105    27548.371
     415.778      100.000    16441.105    27548.371
     416.798      100.000    16441.105    27548.371
     417.818      100.000    16441.105    27548.371
     418.838      100.000    16441.105    27548.371
     419.857      100.100    16441.105    27548.371
     420.876      100.000    16441.105    27548.371
     421.896      101.000    16441.105    27548.371
     422.916      100.000    16441.105    27548.371
     423.936      100.000    16441.105    27548.371
     424.956      100.000    16441.105    27548.371
     425.975      100.000    16441.105    27548.371
     426.995      100.000    16441.105    27548.371
     428.015      100.000    16441.105    27548.371
     429.034      100.000    16441.105    27548.371
     430.054      100.000    16441.105    27548.371
     431.074      100.000    16441.105    27548.371
     432.094      100.000    16441.105    27548.371
     433.114      100.000    16441.105    27548.371
     434.133      100.000    16441.105    27548.371
     435.153      100.000    16441.105    27548.371
     436.173      100.000    16441.105    27548.371
     437.193      100.000    16441.105    27548.371
     438.213      100.000    16441.105    27548.371
     439.232      100.000    16441.105    27548.371
     440.253      100.900    16441.105    27548.371
     441.273      100.000    16441.105    27548.371
     442.292       99.000    16441.105    27548.371
     443.312      101.000    16441.105    27548.371
     444.332      100.100    16441.105    27548.371
     445.351      100.000    16441.105    27548.371
     446.371      100.000    16441.105    27548.371
     447.391      100.000    16441.105    27548.371
     448.411      100.000    16441.105    27548.371
     449.431      100.000    16441.105    27548.371
     450.450      100.000    16441.105    27548.371
     451.470      100.000    16441.105    27548.371
     452.490      100.000    16441.105    27548.371
     453.510      100.000    16441.105    27548.371
     454.530      100.000    16441.105    27548.371
     455.549      100.000    16441.105    27548.371
     456.569      100.000    16441.105    27548.371
     457.589      100.000    16441.105    27548.371
     458.609      100.000    16441.105    27548.371
     459.629      100.000    16441.105    27548.371
     460.648      101.000    16441.105    27548.371
     461.668      100.000    16441.105    27548.371
     462.688      100.000    16441.105    27548.371
     463.708       99.000    16441.105    27548.371
     464.728      101.000    16441.105    27548.371
     465.748      100.000    16441.105    27548.371
     466.767      100.000    16441.105    27548.371
     467.787      100.000    16441.105    27548.371
     468.807      100.000    16441.105    27548.371
     469.826      100.100    16441.105    27548.371
     470.845      100.000    16441.105    27548.371
     471.864      100.100    16441.105    27548.371
     472.884      100.000    16441.105    27548.371
     473.904      100.000    16441.105    27548.371
     474.923      100.100    16441.105    27548.371
     475.943      100.000    16441.105    27548.371
     476.963      100.000    16441.105    27548.371
     477.983      101.000    16441.105    27548.371
     479.003       99.000    16441.105    27548.371
     480.023      101.000    16441.105    27548.371
     481.042      100.000    16441.105    27548.371
     482.062      100.000    16441.105    27548.371
     483.082      100.000    16441.105    27548.371
     484.102      100.000    16441.105    27548.371
     485.121      100.000    16441.105    27548.371
     486.141       99.000    16441.105    27548.371
     487.161      100.000    16441.105    27548.371
     488.180      100.000    16441.105    27548.371
     489.200      100.000    16441.105    27548.371
     490.220      101.000    16441.105    27548.371
     491.240       99.000    16441.105    27548.371
     492.259      101.000    16441.105    27548.371
     493.279      100.000    16441.105    27548.371
     494.299      100.000    16441.105    27548.371
     495.318      100.000    16441.105    27548.371
     496.338      100.000    16441.105    27548.371
     497.358      100.000    16441.105    27548.371
     498.378      100.000    16441.105    27548.371
     499.397      100.000    16441.105    27548.371
     500.417      100.000    16441.105    27548.371
     501.437      100.000    16441.105    27548.371
     502.457      100.000    16441.105    27548.371
     503.477      101.000    16441.105    27548.371
     504.496       99.100    16441.105    27548.371
     505.516      100.000    16441.105    27548.371
     506.535      100.000    16441.105    27548.371
     507.555      100.000    16441.105    27548.371
     508.575      101.000    16441.105    27548.371
     509.595      100.000    16441.105    27548.371
     510.614      100.000    16441.105    27548.371
     511.634      100.000    16441.105    27548.371
     512.654       99.100    16441.105    27548.371
     513.674      100.000    16441.105    27548.371
     514.693      101.000    16441.105    27548.371
     515.713      100.000    16441.105    27548.371
     516.733      100.000    16441.105    27548.371
     517.752      100.000    16441.105    27548.371
     518.772      100.000    16441.105    27548.371
     519.792      100.000    16441.105    27548.371
     520.811      100.000    16441.105    27548.371
     521.831      100.000    16441.105    27548.371
     522.850      100.100    16441.105    27548.371
     523.869      101.100    16441.105    27548.371
     524.889       99.000    16441.105    27548.371
     525.908      100.000    16441.105    27548.371
     526.928      100.000    16441.105    27548.371
     527.948      100.000    16441.105    27548.371
     528.967      101.000    16441.105    27548.371
     529.986      100.100    16441.105    27548.371
     531.006      100.000    16441.105    27548.371
     532.026      100.000    16441.105    27548.371
     533.046       99.000    16441.105    27548.371
     534.065      101.100    16441.105    27548.371
     535.085      100.000    16441.105    27548.371
     536.104      100.000    16441.105    27548.371
     537.124      100.000    16441.105    27548.371
     538.144      100.000    16441.105    27548.371
     539.164      100.000    16441.105    27548.371
     540.184      100.000    16441.105    27548.371
     541.203      100.000    16441.105    27548.371
     542.223      100.000    16441.105    27548.371
     543.243      100.000    16441.105    27548.371
     544.262      100.000    16441.105    27548.371
     545.282      100.000    16441.105    27548.371
     546.302      100.000    16441.105    27548.371
     547.322      100.000    16441.105    27548.371
     548.341      100.000    16441.105    27548.371
     549.361      100.000    16441.105    27548.371
     550.380      100.000    16441.105    27548.371
     551.400      100.000    16441.105    27548.371
     552.420      100.000    16441.105    27548.371
     553.440      100.000    16441.105    27548.371
     554.459      100.000    16441.105    27548.371
     555.479      100.000    16441.105    27548.371
     556.499      101.000    16441.105    27548.371
     557.518      100.000    16441.105    27548.371
     558.538      100.000    16441.105    27548.371
     559.558      100.000    16441.105    27548.371
     560.577      100.000    16441.105    27548.371
     561.597      100.000    16441.105    27548.371
     562.617      100.000    16441.105    27548.371
     563.637      100.000    16441.105    27548.371
     564.656      100.100    16441.105    27548.371
     565.676      100.000    16441.105    27548.371
     566.695      100.000    16441.105    27548.371
     567.715      100.000    16441.105    27548.371
     568.735      100.000    16441.105    27548.371
     569.755      101.000    16441.105    27548.371
     570.774      100.000    16441.105    27548.371
     571.794      100.000    16441.105    27548.371
     572.814      100.000    16441.105    27548.371
     573.833      100.100    16441.105    27548.371
     574.852      100.100    16441.105    27548.371
     575.871       99.200    16441.105    27548.371
     576.890      100.000    16441.105    27548.371
     577.910      101.000    16441.105    27548.371
     578.930       99.000    16441.105    27548.371
     579.949      100.000    16441.105    27548.371
     580.969      101.000    16441.105    27548.371
     581.989      100.000    16441.105    27548.371
     583.009      100.000    16441.105    27548.371
     584.028       99.000    16441.105    27548.371
     585.048      100.000    16441.105    27548.371
     586.068      101.000    16441.105    27548.371
     587.087      100.000    16441.105    27548.371
     588.107      100.000    16441.105    27548.371
     589.126      100.000    16441.105    27548.371
     590.145       99.100    16441.105    27548.371
     591.165      101.000    16441.105    27548.371
     592.185      100.000    16441.105    27548.371
     593.204      100.000    16441.105    27548.371
     594.224      100.100    16441.105    27548.371
     595.244      100.000    16441.105    27548.371
     596.263      100.000    16441.105    27548.371
     597.284      100.000    16441.105    27548.371
     598.303      100.000    16441.105    27548.371
     599.323      100.000    16441.105    27548.371
     600.343      100.000    16441.105    27548.371
     601.363      101.000    16441.105    27548.871
     602.382      100.000    16441.105    27548.371
     603.402       99.000    16441.105    27548.371
     604.422      100.000    16441.105    27548.371
     605.441      100.000    16441.105    27548.371
     606.461      101.000    16441.105    27548.371
     607.481      100.000    16441.105    27548.371
     608.500       99.100    16441.105    27548.371
     609.520      101.000    16441.105    27548.371
     610.540       99.000    16441.105    27548.371
     611.559      100.000    16441.105    27548.371
     612.579      100.000    16441.105    27548.371
     613.599      101.000    16441.105    27548.371
     614.619      100.000    16441.105    27548.371
     615.638      101.000    16441.105    27548.371
     616.656       99.200    16441.105    27548.371
     617.676      100.000    16441.105    27548.371
     618.695      100.000    16441.105    27548.371
     619.715      100.000    16441.105    27548.371
     620.735      100.000    16441.105    27548.371
     621.754      101.000    16441.105    27548.371
     622.774       99.000    16441.105    27548.371
     623.794      100.000    16441.105    27548.371
     624.813      100.000    16441.105    27548.371
     625.833      100.000    16441.105    27548.371
     626.852      100.100    16441.105    27548.371
     627.871      100.100    16441.105    27548.371
     628.890      100.000    16441.105    27548.371
     629.910      101.000    16441.105    27548.371
     630.930      100.000    16441.105    27548.371
     631.949      100.000    16441.105    27548.371
     632.969       99.000    16441.105    27548.371
     633.989      101.000    16441.105    27548.371
     635.008      100.000    16441.105    27548.371
     636.028       99.000    16441.105    27548.371
     637.048      100.000    16441.105    27548.371
     638.067      101.000    16441.105    27548.371
     639.087      100.000    16441.105    27548.371
     640.107      100.000    16441.105    27548.371
     641.127      100.000    16441.105    27548.371
     642.146       99.100    16441.105    27548.371
     643.166      100.000    16441.105    27548.371
     644.186      101.000    16441.105    27548.371
     645.205      100.000    16441.105    27548.371
     646.225      100.000    16441.105    27548.371
     647.245      100.000    16441.105    27548.371
     648.264      100.000    16441.105    27548.371
     649.284      100.000    16441.105    27548.371
     650.303      101.000    16441.105    27548.371
     651.323       99.100    16441.105    27548.371
     652.343      100.000    16441.105    27548.371
     653.363      100.000    16441.105    27548.371
     654.382      100.100    16441.105    27548.371
     655.402      100.000    16441.105    27548.371
     656.421      100.000    16441.105    27548.371
     657.442      100.000    16441.105    27548.371
     658.461      100.000    16441.105    27548.371
     659.481      100.000    16441.105    27548.371
     660.501      101.000    16441.105    27548.371
     661.521      100.000    16441.105    27548.371
     662.540      100.000    16441.105    27548.371
     663.560      100.000    16441.105    27548.371
     664.579      100.000    16441.105    27548.371
     665.599      100.000    16441.105    27548.371
     666.619      100.000    16441.105    27548.371
     667.638      100.000    16441.105    27548.371
     668.658      100.000    16441.105    27548.371
     669.678      100.000    16441.105    27548.371
     670.697      100.000    16441.105    27548.371
     671.717      100.000    16441.105    27548.371
     672.737      100.000    16441.105    27548.371
     673.757      100.000    16441.105    27548.371
     674.776      100.000    16441.105    27548.371
     675.796      100.000    16441.105    27548.371
     676.816      100.000    16441.105    27548.371
     677.836      100.000    16441.105    27548.371
     678.854      101.100    16441.105    27548.371
     679.873       99.200    16441.105    27548.371
     680.892      100.000    16441.105    27548.371
     681.912      100.000    16441.105    27548.371
     682.932      100.000    16441.105    27548.371
     683.951      100.000    16441.105    27548.371
     684.971      100.100    16441.105    27548.371
     685.991      100.000    16441.105    27548.371
     687.010      100.000    16441.105    27548.371
     688.030      100.000    16441.105    27548.371
     689.050      100.000    16441.105    27548.371
     690.070      100.000    16441.105    27548.371
     691.089      101.000    16441.105    27548.371
     692.109      100.000    16441.105    27548.371
     693.128       99.100    16441.105    27548.371
     694.148      100.000    16441.105    27548.371
     695.168      101.000    16441.105    27548.371
     696.188      100.000    16441.105    27548.371
     697.207      100.000    16441.105    27548.371
     698.227      100.000    16441.105    27548.371
     699.247      100.000    16441.105    27548.371
     700.266      100.000    16441.105    27548.371
     701.286      100.000    16441.105    27548.371
     702.306      100.000    16441.105    27548.371
     703.325      100.000    16441.105    27548.371
     704.345      100.000    16441.105    27548.371
     705.365      101.000    16441.105    27548.371
     706.384       99.100    16441.105    27548.371
     707.404      100.000    16441.105    27548.371
     708.424      101.000    16441.105    27548.371
     709.443       99.100    16441.105    27548.371
     710.463      100.100    16441.105    27548.371
     711.483      100.000    16441.105    27548.371
     712.502      100.000    16441.105    27548.371
     713.522      100.000    16441.105    27548.371
     714.541      100.100    16441.105    27548.371
     715.561      100.000    16441.105    27548.371
     716.581      100.000    16441.105    27548.371
     717.601      100.000    16441.105    27548.371
     718.621      101.000    16441.105    27548.371
     719.641       99.100    16441.105    27548.371
     720.661      101.000    16441.105    27548.371
     721.680      100.000    16441.105    27548.371
     722.700      100.000    16441.105    27548.371
     723.720      100.000    16441.105    27548.371
     724.740      100.000    16441.105    27548.371
     725.759      100.000    16441.105    27548.371
     726.779      100.000    16441.105    27548.371
     727.799      100.000    16441.105    27548.371
     728.818      100.000    16441.105    27548.371
     729.838      101.000    16441.105    27548.371
     730.857      100.100    16441.105    27548.371
     731.876      100.000    16441.105    27548.371
     732.896      100.000    16441.105    27548.371
     733.916      100.000    16441.105    27548.371
     734.935      100.000    16441.105    27548.371
     735.955      100.000    16441.105    27548.371
     736.974      100.000    16441.105    27548.371
     737.994       99.100    16441.105    27548.371
     739.013      101.000    16441.105    27548.371
     740.033       99.100    16441.105    27548.371
     741.053      101.000    16441.105    27548.371
     742.072      100.000    16441.105    27548.371
     743.092      100.000    16441.105    27548.371
     744.111      100.100    16441.105    27548.371
     745.131      100.000    16441.105    27548.371
     746.151      100.000    16441.105    27548.371
     747.170      100.000    16441.105    27548.371
     748.190      100.000    16441.105    27548.371
     749.210      100.000    16441.105    27548.371
     750.229      101.000    16441.105    27548.371
     751.249       99.000    16441.105    27548.371
     752.268      100.000    16441.105    27548.371
     753.288      100.000    16441.105    27548.371
     754.308      101.000    16441.105    27548.371
     755.328       99.100    16441.105    27548.371
     756.347      100.000    16441.105    27548.371
     757.367      101.000    16441.105    27548.371
     758.386      100.000    16441.105    27548.371
     759.406       99.100    16441.105    27548.371
     760.426      100.000    16441.105    27548.371
     761.445      100.000    16441.105    27548.371
     762.465      101.000    16441.105    27548.371
     763.485      100.000    16441.105    27548.371
     764.504      100.000    16441.105    27548.371
     765.524       99.000    16441.105    27548.371
     766.544      100.000    16441.105    27548.371
     767.563      100.000    16441.105    27548.371
     768.583      101.000    16441.105    27548.371
     769.603      100.000    16441.105    27548.371
     770.622      100.100    16441.105    27548.371
     771.642      100.000    16441.105    27548.371
     772.662      101.000    16441.105    27548.371
     773.681      100.100    16441.105    27548.371
     774.700       99.100    16441.105    27548.371
     775.720      100.000    16441.105    27548.371
     776.740      101.000    16441.105    27548.371
     777.760      100.000    16441.105    27548.371
     778.780      100.000    16441.105    27548.371
     779.800      100.000    16441.105    27548.371
     780.820      100.000    16441.105    27548.371
     781.839      100.000    16441.105    27548.371
     782.858      100.100    16441.105    27548.371
     783.878      100.000    16441.105    27548.371
     784.898      100.000    16441.105    27548.371
     785.917      100.000    16441.105    27548.371
     786.937      100.000    16441.105    27548.371
     787.956      100.000    16441.105    27548.371
     788.976       99.100    16441.105    27548.371
     789.996      100.000    16441.105    27548.371
     791.016      101.000    16441.105    27548.371
     792.035      100.000    16441.105    27548.371
     793.055      100.000    16441.105    27548.371
     794.075      100.000    16441.105    27548.371
     795.094      100.000    16441.105    27548.371
     796.114      100.000    16441.105    27548.371
     797.134      100.000    16441.105    27548.371
     798.154      100.000    16441.105    27548.371
     799.173      100.000    16441.105    27548.371
     800.193      100.000    16441.105    27548.371
     801.213      100.000    16441.105    27548.371
     802.232      100.000    16441.105    27548.371
     803.252      100.000    16441.105    27548.371
     804.271      100.100    16441.105    27548.371
     805.291      100.000    16441.105    27548.371
     806.311      100.000    16441.105    27548.371
     807.330      100.000    16441.105    27548.371
     808.350      100.000    16441.105    27548.371
     809.370      100.000    16441.105    27548.371
     810.390      101.000    16441.105    27548.371
     811.409      100.000    16441.105    27548.371
     812.429      100.000    16441.105    27548.371
     813.449       99.000    16441.105    27548.371
     814.468      101.000    16441.105    27548.371
     815.488      100.000    16441.105    27548.371
     816.508       99.000    16441.105    27548.371
     817.527      101.000    16441.105    27548.371
     818.547      100.000    16441.105    27548.371
     819.567      100.000    16441.105    27548.371
     820.586      100.000    16441.105    27548.371
     821.606      100.000    16441.105    27548.371
     822.626      100.000    16441.105    27548.371
     823.645      100.000    16441.105    27548.371
     824.665      100.000    16441.105    27548.371
     825.685      100.000    16441.105    27548.371
     826.704      100.100    16441.105    27548.371
     827.724      100.000    16441.105    27548.371
     828.743      100.000    16441.105    27548.371
     829.763      100.000    16441.105    27548.371
     830.782      100.100    16441.105    27548.371
     831.802      100.000    16441.105    27548.371
     832.822      100.000    16441.105    27548.371
     833.841      100.000    16441.105    27548.371
     834.860      101.200    16441.105    27548.371
     835.879      100.000    16441.105    27548.371
     836.899      100.000    16441.105    27548.371
     837.919      100.000    16441.105    27548.371
     838.939      100.000    16441.105    27548.371
     839.959      100.000    16441.105    27548.371
     840.979      100.000    16441.105    27548.371
     841.998       99.100    16441.105    27548.371
     843.018      100.000    16441.105    27548.371
     844.037      101.000    16441.105    27548.371
     845.057      100.000    16441.105    27548.371
     846.077      100.000    16441.105    27548.371
     847.096      100.000    16441.105    27548.371
     848.116      100.000    16441.105    27548.371
     849.136      100.000    16441.105    27548.371
     850.155      100.000    16441.105    27548.371
     851.175      100.000    16441.105    27548.371
     852.195      100.000    16441.105    27548.371
     853.214      100.000    16441.105    27548.371
     854.234      100.000    16441.105    27548.371
     855.254      101.000    16441.105    27548.371
     856.273      100.000    16441.105    27548.371
     857.293      100.000    16441.105    27548.371
     858.313       99.000    16441.105    27548.371
     859.333      101.000    16441.105    27548.371
     860.352      100.000    16441.105    27548.371
     861.372      100.000    16441.105    27548.371
     862.392      100.000    16441.105    27548.371
     863.411       99.000    16441.105    27548.371
     864.431      101.100    16441.105    27548.371
     865.450      100.000    16441.105    27548.371
     866.470      100.000    16441.105    27548.371
     867.490      100.000    16441.105    27548.371
     868.509      100.000    16441.105    27548.371
     869.529      100.000    16441.105    27548.371
     870.549      100.000    16441.105    27548.371
     871.568      101.000    16441.105    27548.371
     872.588      100.000    16441.105    27548.371
     873.608      100.000    16441.105    27548.371
     874.628       99.000    16441.105    27548.371
     875.647      100.000    16441.105    27548.371
     876.667      100.000    16441.105    27548.371
     877.687      100.000    16441.105    27548.371
     878.706      100.000    16441.105    27548.371
     879.726      100.000    16441.105    27548.371
     880.746      101.000    16441.105    27548.371
     881.766      100.000    16441.105    27548.371
     882.785       99.100    16441.105    27548.371
     883.805      101.000    16441.105    27548.371
     884.825      100.000    16441.105    27548.371
     885.844      100.000    16441.105    27548.371
     886.863      100.100    16441.105    27548.371
     887.882       99.000    16441.105    27548.371
     888.902      101.000    16441.105    27548.371
     889.922      100.000    16441.105    27548.371
     890.941      100.000    16441.105    27548.371
     891.961      100.000    16441.105    27548.371
     892.981      100.000    16441.105    27548.371
     894.001      100.000    16441.105    27548.371
     895.020      100.100    16441.105    27548.371
     896.040      100.000    16441.105    27548.371
     897.059      100.000    16441.105    27548.371
     898.080      100.000    16441.105    27548.371
     899.099      100.000    16441.105    27548.371
     900.119      101.000    16441.105    27548.371
     901.139      100.000    16441.105    27548.371
     902.158       99.100    16441.105    27548.371
     903.178      101.000    16441.105    27548.371
     904.198       99.000    16441.105    27548.371
     905.217      101.000    16441.105    27548.371
     906.237      100.000    16441.105    27548.371
     907.257       99.100    16441.105    27548.371
     908.276      100.000    16441.105    27548.371
     909.296      100.000    16441.105    27548.371
     910.316      100.000    16441.105    27548.371
     911.335      100.000    16441.105    27548.371
     912.355      100.000    16441.105    27548.371
     913.375      101.000    16441.105    27548.371
     914.395      100.000    16441.105    27548.371
     915.414      100.000    16441.105    27548.371
     916.434      100.000    16441.105    27548.371
     917.454      100.000    16441.105    27548.371
     918.473      100.000    16441.105    27548.371
     919.493      100.000    16441.105    27548.371
     920.513      101.000    16441.105    27548.371
     921.532      100.000    16441.105    27548.371
     922.552      100.000    16441.105    27548.371
     923.572      100.000    16441.105    27548.371
     924.591       99.100    16441.105    27548.371
     925.611      101.000    16441.105    27548.371
     926.631      100.000    16441.105    27548.371
     927.650      100.000    16441.105    27548.371
     928.670      100.000    16441.105    27548.371
     929.690      100.000    16441.105    27548.371
     930.710       99.000    16441.105    27548.371
     931.729      101.000    16441.105    27548.371
     932.749      100.000    16441.105    27548.371
     933.768      100.100    16441.105    27548.371
     934.787       99.200    16441.105    27548.371
     935.805      101.100    16441.105    27548.371
     936.822       99.300    16441.105    27548.371
     937.839      100.300    16441.105    27548.371
     938.856      100.300    16441.105    27548.371
     939.873      100.300    16441.105    27548.371
     940.889      100.300    16441.105    27548.371
     941.905       99.400    16441.105    27548.371
     942.922      100.300    16441.105    27548.371
     943.939      100.300    16441.105    27548.371
     944.956       99.300    16441.105    27548.371
     945.973      101.300    16441.105    27548.371
     946.991       99.200    16441.105    27548.371
     948.007      100.300    16441.105    27548.371
     949.024       99.300    16441.105    27548.371
     950.041      101.300    16441.105    27548.371
     951.058       99.300    16441.105    27548.371
     952.075      100.300    16441.105    27548.371
     953.092       99.300    16441.105    27548.371
     954.108      101.300    16441.105    27548.371
     955.125      100.300    16441.105    27548.371
     956.142       99.300    16441.105    27548.371
     957.159      100.300    16441.105    27548.371
     958.176      100.200    16441.105    27548.371
     959.193       99.300    16441.105    27548.371
     960.210      100.300    16441.105    27548.371
     961.227      100.300    16441.105    27548.371
     962.244      100.300    16441.105    27548.371
     963.261       99.300    16441.105    27548.371
     964.278      100.300    16441.105    27548.371
     965.295      100.300    16441.105    27548.371
     966.311      100.300    16441.105    27548.371
     967.328       99.300    16441.105    27548.371
     968.345      100.300    16441.105    27548.371
     969.362      100.300    16441.105    27548.371
     970.379      100.300    16441.105    27548.371
     971.396       99.300    16441.105    27548.371
     972.413      100.300    16441.105    27548.371
     973.430      100.300    16441.105    27548.371
     974.446       99.300    16441.105    27548.371
     975.463      100.300    16441.105    27548.371
     976.480      101.300    16441.105    27548.371
     977.498       99.200    16441.105    27548.371
     978.515      100.300    16441.105    27548.371
     979.532      100.300    16441.105    27548.371
     980.549       99.300    16441.105    27548.371
     981.566      100.300    16441.105    27548.371
     982.583      100.300    16441.105    27548.371
     983.600      100.300    16441.105    27548.371
     984.617       99.300    16441.105    27548.371
     985.634      100.300    16441.105    27548.371
     986.650      100.300    16441.105    27548.371
     987.667       99.300    16441.105    27548.371
     988.684      100.300    16441.105    27548.371
     989.701      100.300    16441.105    27548.371
     990.718      100.300    16441.105    27548.371
     991.735      100.300    16441.105    27548.371
     992.752      100.300    16441.105    27548.371
     993.769      100.300    16441.105    27548.371
     994.786       99.300    16441.105    27548.371
     995.803      100.300    16441.105    27548.371
     996.820      100.300    16441.105    27548.371
     997.837       99.300    16441.105    27548.371
     998.854      101.300    16441.105    27548.371
     999.871       99.300    16441.105    27548.371
    1000.888      100.300    16441.105    27548.371
    1001.904      100.400    16441.105    27548.371
    1002.921       99.300    16441.105    27548.371
    1003.938      100.300    16441.105    27548.371
    1004.954       99.300    16441.105    27548.371
    1005.971      101.300    16441.105    27548.371
    1006.989       99.200    16441.105    27548.371
    1008.006      100.300    16441.105    27548.371
    1009.023      100.300    16441.105    27548.371
    1010.039       99.300    16441.105    27548.371
    1011.056      100.300    16441.105    27548.371
    1012.073      101.300    16441.105    27548.371
    1013.090       99.300    16441.105    27548.371
    1014.107      100.300    16441.105    27548.371
    1015.124      100.300    16441.105    27548.371
    1016.141       99.300    16441.105    27548.371
    1017.158      100.300    16441.105    27548.371
    1018.175      100.200    16441.105    27548.371
    1019.193       99.300    16441.105    27548.371
    1020.209      100.300    16441.105    27548.371
    1021.227      100.200    16441.105    27548.371
    1022.244      100.300    16441.105    27548.371
    1023.261      100.300    16441.105    27548.371
    1024.278       99.300    16441.105    27548.371
    1025.295      100.300    16441.105    27548.371
    1026.312      100.300    16441.105    27548.371
    1027.329      100.300    16441.105    27548.371
    1028.346      100.300    16441.105    27548.371
    1029.363       99.300    16441.105    27548.371
    1030.380      101.300    16441.105    27548.371
    1031.397       99.300    16441.105    27548.371
    1032.414      100.300    16441.105    27548.371
    1033.430      100.300    16441.105    27548.371
    1034.447      100.300    16441.105    27548.371
    1035.464       99.300    16441.105    27548.371
    1036.481       99.300    16441.105    27548.371
    1037.499      101.200    16441.105    27548.371
    1038.516       99.300    16441.105    27548.371
    1039.533      101.300    16441.105    27548.371
    1040.550       99.300    16441.105    27548.371
    1041.567      100.300    16441.105    27548.371
    1042.584       99.300    16441.105    27548.371
    1043.600      101.300    16441.105    27548.371
    1044.617       99.300    16441.105    27548.371
    1045.634      100.300    16441.105    27548.371
    1046.651      100.300    16441.105    27548.371
    1047.668       99.300    16441.105    27548.371
    1048.685      100.300    16441.105    27548.371
    1049.702      100.300    16441.105    27548.371
    1050.719      100.300    16441.105    27548.371
    1051.736      100.300    16441.105    27548.371
    1052.753       99.300    16441.105    27548.371
    1053.770      100.300    16441.105    27548.371
    1054.787      100.300    16441.105    27548.371
    1055.804      100.300    16441.105    27548.371
    1056.821       99.300    16441.105    27548.371
    1057.838      100.300    16441.105    27548.371
    1058.855      100.300    16441.105    27548.371
    1059.872      100.300    16441.105    27548.371
    1060.889       99.300    16441.105    27548.371
    1061.904      100.400    16441.105    27548.371
    1062.921      100.300    16441.105    27548.371
    1063.938       99.300    16441.105    27548.371
    1064.955      100.300    16441.105    27548.371
    1065.972      100.300    16441.105    27548.371
    1066.990      100.200    16441.105    27548.371
    1068.007       99.300    16441.105    27548.371
    1069.023      100.300    16441.105    27548.371
    1070.040      100.300    16441.105    27548.371
    1071.057      100.300    16441.105    27548.371
    1072.074      100.300    16441.105    27548.371
    1073.091       99.300    16441.105    27548.371
    1074.108      100.300    16441.105    27548.371
    1075.125      100.300    16441.105    27548.371
    1076.142      100.300    16441.105    27548.371
    1077.158       99.300    16441.105    27548.371
    1078.176      100.200    16441.105    27548.371
    1079.194      101.300    16441.105    27548.371
    1080.210      100.300    16441.105    27548.371
    1081.227       99.300    16441.105    27548.371
    1082.244      100.300    16441.105    27548.371
    1083.261       99.300    16441.105    27548.371
    1084.278      100.300    16441.105    27548.371
    1085.295      100.300    16441.105    27548.371
    1086.312       99.300    16441.105    27548.371
    1087.329      100.300    16441.105    27548.371
    1088.346      100.300    16441.105    27548.371
    1089.362      100.300    16441.105    27548.371
    1090.379      100.300    16441.105    27548.371
    1091.396      100.300    16441.105    27548.371
    1092.413       99.300    16441.105    27548.371
    1093.430      100.300    16441.105    27548.371
    1094.447      100.300    16441.105    27548.371
    1095.464      100.300    16441.105    27548.371
    1096.481      100.300    16441.105    27548.371
    1097.499       99.200    16441.105    27548.371
    1098.515      100.300    16441.105    27548.371
    1099.532       99.300    16441.105    27548.371
    1100.549      101.300    16441.105    27548.371
    1101.566       99.300    16441.105    27548.371
    1102.583      100.300    16441.105    27548.371
    1103.600      100.300    16441.105    27548.371
    1104.617       99.300    16441.105    27548.371
    1105.634      101.300    16441.105    27548.371
    1106.651      100.300    16441.105    27548.371
    1107.667       99.300    16441.105    27548.371
    1108.684      100.300    16441.105    27548.371
    1109.701       99.300    16441.105    27548.371
    1110.718      100.300    16441.105    27548.371
    1111.735      100.300    16441.105    27548.371
    1112.752      100.300    16441.105    27548.371
    1113.769       99.300    16441.105    27548.371
    1114.786      100.300    16441.105    27548.371
    1115.803      100.300    16441.105    27548.371
    1116.820      100.300    16441.105    27548.371
    1117.837      100.300    16441.105    27548.371
    1118.854       99.300    16441.105    27548.371
    1119.870      100.300    16441.105    27548.371
    1120.888      100.200    16441.105    27548.371
    1121.904      100.400    16441.105    27548.371
    1122.921       99.300    16441.105    27548.371
    1123.938      100.300    16441.105    27548.371
    1124.955      100.300    16441.105    27548.371
    1125.972       99.300    16441.105    27548.371
    1126.990      100.200    16441.105    27548.371
    1128.007      101.300    16441.105    27548.371
    1129.023      100.300    16441.105    27548.371
    1130.040       99.300    16441.105    27548.371
    1131.057      100.300    16441.105    27548.371
    1132.074      100.300    16441.105    27548.371
    1133.091      100.300    16441.105    27548.371
    1134.108       99.300    16441.105    27548.371
    1135.125      100.300    16441.105    27548.371
    1136.142       99.300    16441.105    27548.371
    1137.159      100.300    16441.105    27548.371
    1138.176      100.300    16441.105    27548.371
    1139.193      100.300    16441.105    27548.371
    1140.210      100.300    16441.105    27548.371
    1141.228      100.100    16441.105    27548.371
    1142.245      100.300    16441.105    27548.371
    1143.262       99.300    16441.105    27548.371
    1144.279      100.300    16441.105    27548.371
    1145.296      100.300    16441.105    27548.371
    1146.313       99.300    16441.105    27548.371
    1147.330      101.300    16441.105    27548.371
    1148.347       99.300    16441.105    27548.371
    1149.364      100.300    16441.105    27548.371
    1150.382      100.200    16441.105    27548.371
    1151.399       99.300    16441.105    27548.371
    1152.416      101.300    16441.105    27548.371
    1153.433      100.300    16441.105    27548.371
    1154.450       99.300    16441.105    27548.371
    1155.467       99.300    16441.105    27548.371
    1156.484      101.300    16441.105    27548.371
    1157.502       99.200    16441.105    27548.371
    1158.519      100.300    16441.105    27548.371
    1159.535      100.300    16441.105    27548.371
    1160.553      100.300    16441.105    27548.371
    1161.570       99.300    16441.105    27548.371
    1162.587      101.300    16441.105    27548.371
    1163.603       99.300    16441.105    27548.371
    1164.620      100.300    16441.105    27548.371
    1165.637      100.300    16441.105    27548.371
    1166.654       99.300    16441.105    27548.371
    1167.671      100.300    16441.105    27548.371
    1168.688       99.300    16441.105    27548.371
    1169.705      100.300    16441.105    27548.371
    1170.722      101.300    16441.105    27548.371
    1171.740       99.200    16441.105    27548.371
    1172.757      100.300    16441.105    27548.371
    1173.774       99.300    16441.105    27548.371
    1174.791      100.300    16441.105    27548.371
    1175.808      100.300    16441.105    27548.371
    1176.825      101.300    16441.105    27548.371
    1177.842       99.300    16441.105    27548.371
    1178.859      100.300    16441.105    27548.371
    1179.876      100.300    16441.105    27548.371
    1180.892       99.400    16441.105    27548.371
    1181.908      100.400    16441.105    27548.371
    1182.925       99.300    16441.105    27548.371
    1183.942      101.300    16441.105    27548.371
    1184.958      100.300    16441.105    27548.371
    1185.975       99.300    16441.105    27548.371
    1186.994      100.100    16441.105    27548.371
    1188.011      100.300    16441.105    27548.371
    1189.028      100.300    16441.105    27548.371
    1190.045       99.300    16441.105    27548.371
    1191.062      100.300    16441.105    27548.371
    1192.079      100.300    16441.105    27548.371
    1193.096       99.300    16441.105    27548.371
    1194.112      100.300    16441.105    27548.371
    1195.129      100.300    16441.105    27548.371
    1196.146      100.300    16441.105    27548.371
    1197.164      100.200    16441.105    27548.371
    1198.181      100.300    16441.105    27548.371
    1199.198       99.300    16441.105    27548.371
    1200.215      100.300    16441.105    27548.371
    1201.232       99.300    16441.105    27548.371
    1202.249      100.300    16441.105    27548.371
    1203.266      100.300    16441.105    27548.371
    1204.284      100.200    16441.105    27548.371
    1205.301      100.300    16441.105    27548.371
    1206.318       99.300    16441.105    27548.371
    1207.335      101.300    16441.105    27548.371
    1208.352      100.300    16441.105    27548.371
    1209.370      100.200    16441.105    27548.371
    1210.387       99.300    16441.105    27548.371
    1211.404      100.300    16441.105    27548.371
    1212.421      100.300    16441.105    27548.371
    1213.439       99.200    16441.105    27548.371
    1214.458      101.100    16435.988    27548.371
    1215.477       99.100    16436.012    27548.371
    1216.495      100.100    16436.012    27548.371
    1217.513      100.200    16436.309    27548.371
    1218.531      100.200    16436.309    27548.371
    1219.548       99.300    16436.309    27548.371
    1220.566      100.200    16436.309    27548.371
    1221.584      101.200    16436.309    27548.371
    1222.602       99.200    16436.309    27548.371
    1223.620      100.200    16436.309    27548.371
    1224.638      100.200    16436.309    27548.371
    1225.657      100.200    16436.309    27548.371
    1226.675      100.200    16436.309    27548.371
    1227.692      100.200    16436.309    27548.371
    1228.710      100.200    16436.309    27548.371
    1229.728       99.200    16436.309    27548.371
    1230.746      101.200    16436.309    27548.371
    1231.765       99.200    16436.309    27548.371
    1232.783      100.200    16436.309    27548.371
    1233.800      100.200    16436.309    27548.371
    1234.818      100.200    16436.309    27548.371
    1235.836      100.200    16436.309    27548.371
    1236.854       99.200    16436.309    27548.371
    1237.872      100.200    16436.309    27548.371
    1238.890      100.200    16436.309    27548.371
    1239.907      100.300    16436.309    27548.371
    1240.926      100.200    16436.309    27548.371
    1241.943      100.200    16436.309    27548.371
    1242.962      100.100    16436.309    27548.371
    1243.980       99.200    16436.309    27548.371
    1244.998      100.200    16436.309    27548.371
    1246.016      100.200    16436.309    27548.371
    1247.035      100.100    16436.309    27548.371
    1248.053      100.200    16436.309    27548.371
    1249.071      101.200    16436.309    27548.371
    1250.089       99.200    16436.309    27548.371
    1251.107      100.200    16436.309    27548.371
    1252.125      100.200    16436.309    27548.371
    1253.143      100.200    16436.309    27548.371
    1254.161      100.200    16436.309    27548.371
    1255.179       99.200    16436.309    27548.371
    1256.197      100.200    16436.309    27548.371
    1257.215      100.200    16436.309    27548.371
    1258.233      101.200    16436.309    27548.371
    1259.251       99.200    16436.309    27548.371
    1260.269      100.200    16436.309    27548.371
    1261.287      100.200    16436.309    27548.371
    1262.305      100.200    16436.309    27548.371
    1263.323       99.200    16436.309    27548.371
    1264.341      100.200    16436.309    27548.371
    1265.360      100.200    16436.309    27548.371
    1266.378      100.200    16436.309    27548.371
    1267.396      100.200    16436.309    27548.371
    1268.414       99.200    16436.309    27548.371
    1269.432      100.200    16436.309    27548.371
    1270.450      101.200    16436.309    27548.371
    1271.468       99.200    16436.309    27548.371
    1272.486      100.200    16436.309    27548.371
    1273.504      101.200    16436.309    27548.371
    1274.522       99.200    16436.309    27548.371
    1275.540      100.200    16436.309    27548.371
    1276.558      100.200    16436.309    27548.371
    1277.577      100.100    16436.309    27548.371
    1278.594      100.200    16436.309    27548.371
    1279.612       99.200    16436.309    27548.371
    1280.630      101.200    16436.309    27548.371
    1281.648       99.200    16436.309    27548.371
    1282.666      100.200    16436.309    27548.371
    1283.684      100.200    16436.309    27548.371
    1284.703      100.200    16436.309    27548.371
    1285.720       99.200    16436.309    27548.371
    1286.738      101.200    16436.309    27548.371
    1287.756      100.200    16436.309    27548.371
    1288.774      100.200    16436.309    27548.371
    1289.793      100.200    16436.309    27548.371
    1290.811       99.200    16436.309    27548.371
    1291.829      100.200    16436.309    27548.371
    1292.847      100.200    16436.309    27548.371
    1293.865      100.200    16436.309    27548.371
    1294.883      100.200    16436.309    27548.371
    1295.900      100.300    16436.309    27548.371
    1296.916       99.400    16436.309    27548.371
    1297.934      100.200    16436.309    27548.371
    1298.952      100.200    16436.309    27548.371
    1299.970      100.200    16436.309    27548.371
    1300.989      100.200    16436.309    27548.371
    1302.007      100.200    16436.309    27548.371
    1303.025       99.200    16436.309    27548.371
    1304.043      100.200    16436.309    27548.371
    1305.061      100.200    16436.309    27548.371
    1306.079      100.200    16436.309    27548.371
    1307.097      100.100    16436.309    27548.371
    1308.115      100.200    16436.309    27548.371
    1309.133       99.200    16436.309    27548.371
    1310.151      101.200    16436.309    27548.371
    1311.169      100.200    16436.309    27548.371
    1312.187       99.200    16436.309    27548.371
    1313.205      100.200    16436.309    27548.371
    1314.223      100.200    16436.309    27548.371
    1315.241      100.200    16436.309    27548.371
    1316.260      100.200    16436.309    27548.371
    1317.278      100.200    16436.309    27548.371
    1318.296      100.200    16436.309    27548.371
    1319.314       99.200    16436.309    27548.371
    1320.332      100.100    16436.309    27548.371
    1321.350      101.200    16436.309    27548.371
    1322.368      100.200    16436.309    27548.371
    1323.386       99.200    16436.309    27548.371
    1324.404      100.200    16436.309    27548.371
    1325.422      100.200    16436.309    27548.371
    1326.440      100.200    16436.309    27548.371
    1327.458      100.200    16436.309    27548.371
    1328.476      100.200    16436.309    27548.371
    1329.494       99.200    16436.309    27548.371
    1330.512      100.200    16436.309    27548.371
    1331.530      100.200    16436.309    27548.371
    1332.548      100.200    16436.309    27548.371
    1333.566      100.200    16436.309    27548.371
    1334.584       99.200    16436.309    27548.371
    1335.602      101.200    16436.309    27548.371
    1336.620      100.200    16436.309    27548.371
    1337.638       99.200    16436.309    27548.371
    1338.656      100.200    16436.309    27548.371
    1339.674      100.200    16436.309    27548.371
    1340.692      100.200    16436.309    27548.371
    1341.710      100.200    16436.309    27548.371
    1342.728       99.200    16436.309    27548.371
    1343.746      100.200    16436.309    27548.371
    1344.764      100.200    16436.309    27548.371
    1345.782      100.200    16436.309    27548.371
    1346.800      100.200    16436.309    27548.371
    1347.819      100.200    16436.309    27548.371
    1348.837      100.200    16436.309    27548.371
    1349.855      100.200    16436.309    27548.371
    1350.873       99.200    16436.309    27548.371
    1351.891      100.200    16436.309    27548.371
    1352.907      101.300    16436.309    27548.371
    1353.925       99.200    16436.309    27548.371
    1354.943      100.200    16436.309    27548.371
    1355.961      100.200    16436.309    27548.371
    1356.979      100.200    16436.309    27548.371
    1357.997      100.200    16436.309    27548.371
    1359.015       99.200    16436.309    27548.371
    1360.034      100.200    16436.309    27548.371
    1361.052      100.200    16436.309    27548.371
    1362.070      100.200    16436.309    27548.371
    1363.088       99.200    16436.309    27548.371
    1364.106      101.100    16436.309    27548.371
    1365.124      100.200    16436.309    27548.371
    1366.142      100.300    16436.309    27548.371
    1367.160      100.100    16436.309    27548.371
    1368.179       99.200    16436.309    27548.371
    1369.197      100.200    16436.309    27548.371
    1370.215      100.200    16436.309    27548.371
    1371.233      100.200    16436.309    27548.371
    1372.251      100.200    16436.309    27548.371
    1373.267      100.300    16436.309    27548.371
    1374.285       99.200    16436.309    27548.371
    1375.303      100.200    16436.309    27548.371
    1376.321      100.200    16436.309    27548.371
    1377.340      101.200    16436.309    27548.371
    1378.358       99.200    16436.309    27548.371
    1379.376      100.200    16436.309    27548.371
    1380.394      100.200    16436.309    27548.371
    1381.413       99.100    16436.309    27548.371
    1382.431      100.200    16436.309    27548.371
    1383.449      100.200    16436.309    27548.371
    1384.467      100.200    16436.309    27548.371
    1385.485      101.100    16436.309    27548.371
    1386.503       99.200    16436.309    27548.371
    1387.521      100.200    16436.309    27548.371
    1388.539      100.200    16436.309    27548.371
    1389.557      100.200    16436.309    27548.371
    1390.575      100.200    16436.309    27548.371
    1391.593      100.200    16436.309    27548.371
    1392.611       99.200    16436.309    27548.371
    1393.629      101.200    16436.309    27548.371
    1394.647       99.200    16436.309    27548.371
    1395.665      100.200    16436.309    27548.371
    1396.683      100.200    16436.309    27548.371
    1397.702      100.100    16436.309    27548.371
    1398.720      100.200    16436.309    27548.371
    1399.738      100.200    16436.309    27548.371
    1400.756      100.200    16436.309    27548.371
    1401.774      100.200    16436.309    27548.371
    1402.792       99.200    16436.309    27548.371
    1403.810      100.200    16436.309    27548.371
    1404.828      100.200    16436.309    27548.371
    1405.846      100.200    16436.309    27548.371
    1406.864      100.200    16436.309    27548.371
    1407.882      100.200    16436.309    27548.371
    1408.899       99.300    16436.309    27548.371
    1409.916      100.300    16436.309    27548.371
    1410.934      100.200    16436.309    27548.371
    1411.952      100.200    16436.309    27548.371
    1412.970       99.200    16436.309    27548.371
    1413.988      101.200    16436.309    27548.371
    1415.006      100.200    16436.309    27548.371
    1416.024      100.200    16436.309    27548.371
    1417.042       99.200    16436.309    27548.371
    1418.060      100.200    16436.309    27548.371
    1419.078      100.200    16436.309    27548.371
    1420.096      100.200    16436.309    27548.371
    1421.114      100.200    16436.309    27548.371
    1422.133      100.200    16436.309    27548.371
    1423.151      100.200    16436.309    27548.371
    1424.169       99.200    16436.309    27548.371
    1425.187      100.200    16436.309    27548.371
    1426.205      100.200    16436.309    27548.371
    1427.224      100.100    16436.309    27548.371
    1428.242      100.200    16436.309    27548.371
    1429.260      100.200    16436.309    27548.371
    1430.278      100.200    16436.309    27548.371
    1431.297      100.200    16436.309    27548.371
    1432.315      100.200    16436.309    27548.371
    1433.333      100.200    16436.309    27548.371
    1434.351       99.200    16436.309    27548.371
    1435.369      100.200    16436.309    27548.371
    1436.387      101.100    16436.309    27548.371
    1437.405       99.200    16436.309    27548.371
    1438.423      100.200    16436.309    27548.371
    1439.441       99.200    16436.309    27548.371
    1440.459      100.200    16436.309    27548.371
    1441.477      100.200    16436.309    27548.371
    1442.495      100.200    16436.309    27548.371
    1443.513      101.200    16436.309    27548.371
    1444.531      100.200    16436.309    27548.371
    1445.549       99.200    16436.309    27548.371
    1446.567       99.200    16436.309    27548.371
    1447.585      101.200    16436.309    27548.371
    1448.603      100.200    16436.309    27548.371
    1449.621       99.200    16436.309    27548.371
    1450.639      100.200    16436.309    27548.371
    1451.658      101.100    16436.309    27548.371
    1452.676       99.200    16436.309    27548.371
    1453.694      100.200    16436.309    27548.371
    1454.712       99.200    16436.309    27548.371
    1455.730      101.200    16436.309    27548.371
    1456.749      100.100    16436.309    27548.371
    1457.769      100.000    16436.309    27548.371
    1458.789      100.000    16436.309    27548.371
    1459.809      100.000    16436.309    27548.371
    1460.830      100.000    16436.309    27548.371
    1461.848      100.100    16436.309    27548.371
    1462.867      100.100    16436.309    27548.371
    1463.887      100.000    16436.309    27548.371
    1464.907      100.100    16436.309    27548.371
    1465.927      100.000    16436.309    27548.371
    1466.946      100.000    16436.309    27548.371
    1467.967      100.000    16436.309    27548.371
    1468.987      100.000    16436.309    27548.371
    1470.006      101.000    16436.309    27548.371
    1471.026      100.000    16436.309    27548.371
    1472.046      100.000    16436.309    27548.371
    1473.065      100.000    16436.309    27548.371
    1474.085      100.000    16436.309    27548.371
    1475.105      100.000    16436.309    27548.371
    1476.125      100.000    16436.309    27548.371
    1477.145      100.000    16436.309    27548.371
    1478.165      100.000    16436.309    27548.371
    1479.184      100.000    16436.309    27548.371
    1480.204      100.000    16436.309    27548.371
    1481.224      100.000    16436.309    27548.371
    1482.244      100.000    16436.309    27548.371
    1483.263      100.000    16436.309    27548.371
    1484.283      100.000    16436.309    27548.371
    1485.303      100.000    16436.309    27548.371
    1486.323      100.000    16436.309    27548.371
    1487.343      100.000    16436.309    27548.371
    1488.362      101.000    16436.309    27548.371
    1489.382      100.000    16436.309    27548.371
    1490.402      100.000    16436.309    27548.371
    1491.422      100.000    16436.309    27548.371
    1492.441      100.000    16436.309    27548.371
    1493.461       99.100    16436.309    27548.371
    1494.481      101.000    16436.309    27548.371
    1495.500      100.000    16436.309    27548.371
    1496.520      100.000    16436.309    27548.371
    1497.540      100.000    16436.309    27548.371
    1498.560       99.000    16436.309    27548.371
    1499.579      100.000    16436.309    27548.371
    1500.599      101.000    16436.309    27548.371
    1501.619      100.000    16436.309    27548.371
    1502.638      100.000    16436.309    27548.371
    1503.659      100.000    16436.309    27548.371
    1504.679      100.000    16436.309    27548.371
    1505.698      100.000    16436.309    27548.371
    1506.718      100.000    16436.309    27548.371
    1507.738      100.000    16436.309    27548.371
    1508.757      100.000    16436.309    27548.371
    1509.777      100.000    16436.309    27548.371
    1510.797      100.000    16436.309    27548.371
    1511.817      100.000    16436.309    27548.371
    1512.836      100.000    16436.309    27548.371
    1513.855      100.200    16436.309    27548.371
    1514.875      100.000    16436.309    27548.371
    1515.894      100.000    16436.309    27548.371
    1516.913      100.100    16436.309    27548.371
    1517.933      100.000    16436.309    27548.371
    1518.953      101.000    16436.309    27548.371
    1519.973      100.000    16436.309    27548.371
    1520.992      100.000    16436.309    27548.371
    1522.012      100.000    16436.309    27548.371
    1523.032       99.100    16436.309    27548.371
    1524.051      101.000    16436.309    27548.371
    1525.071      100.100    16436.309    27548.371
    1526.090      100.000    16436.309    27548.371
    1527.110      100.000    16436.309    27548.371
    1528.130      100.000    16436.309    27548.371
    1529.149      100.000    16436.309    27548.371
    1530.169      100.000    16436.309    27548.371
    1531.189      100.000    16436.309    27548.371
    1532.209      100.000    16436.309    27548.371
    1533.229      100.000    16436.309    27548.371
    1534.248      100.000    16436.309    27548.371
    1535.268      100.000    16436.309    27548.371
    1536.288      100.000    16436.309    27548.371
    1537.307      100.000    16436.309    27548.371
    1538.327      100.000    16436.309    27548.371
    1539.347       99.000    16436.309    27548.371
    1540.366      101.000    16436.309    27548.371
    1541.386      100.000    16436.309    27548.371
    1542.406      100.000    16436.309    27548.371
    1543.425      100.000    16436.309    27548.371
    1544.445      101.000    16436.309    27548.371
    1545.465       99.000    16436.309    27548.371
    1546.484      100.000    16436.309    27548.371
    1547.504      100.100    16436.309    27548.371
    1548.523      101.000    16436.660    27548.371
    1549.543       76.500        0.000        0.000
