# Elapsed time   CPU (%)     Real (MB)   Virtual (MB)
       0.000        0.000      207.941     8507.406
       1.017       94.400      227.605     8527.750
       2.034       93.500      292.887     8594.090
       3.050       89.500      336.234     8644.332
       4.067       87.600      360.004     8670.199
       5.085       83.500      360.617     8735.121
       6.102       99.400      403.641     8778.781
       7.118       98.400      403.641     8778.781
       8.134       99.400      403.672     8778.781
       9.150      100.400      403.672     8778.781
      10.166       98.400      422.629     8798.109
      11.182       99.400      422.629     8798.109
      12.198       99.400      422.758     8798.109
      13.214       99.400      422.758     8798.109
      14.230       99.400      422.758     8798.109
      15.246       98.400      422.758     8798.109
      16.262       99.400      422.758     8798.109
      17.278       99.400      422.758     8798.109
      18.293       99.400      422.758     8798.109
      19.310       98.400      422.758     8798.109
      20.325      100.400      422.758     8798.109
      21.342       99.400      422.758     8798.109
      22.358       98.400      446.637    12659.223
      23.374      100.400      676.641    12659.223
      24.390      100.400      682.062    12836.223
      25.406       99.400      694.180    13227.223
      26.422      101.400      719.703    14039.223
      27.438      100.400      772.297    15723.223
      28.455       99.300      881.352    19214.223
      29.470     1102.300     7148.281    29860.020
      30.489     1486.200     8223.035    22174.277
      31.507      250.400     6429.500    18511.660
      32.523      100.400     8024.328    20157.660
      33.539       99.400     9926.727    22121.660
      34.556      100.400    11368.672    23609.660
      35.572       99.400    11942.426    24192.293
      36.588      100.400    12109.270    24337.922
      37.604       99.400    13323.855    29956.398
      38.620      100.400    15351.855    29956.398
      39.636       99.400    17371.855    29956.398
      40.652      100.400    17728.297    29956.398
      41.667      100.500    18134.238    30802.141
      42.684      100.400    18576.359    30802.141
      43.700      100.400    18702.066    30802.141
      44.716       99.400    13166.188    25465.074
      45.732       99.400    13650.824    25746.988
      46.748       81.700    13808.848    25747.488
      47.765       84.600    13808.848    25747.488
      48.781       99.400    13808.848    25747.488
      49.797       99.400    13808.848    25747.488
      50.813      100.400    13808.848    25747.488
      51.829      100.400    13808.848    25747.488
      52.845       99.400    13808.848    25747.488
      53.861       99.400    13808.848    25747.488
      54.877      100.400    13808.848    25747.488
      55.894      100.400    13808.848    25747.488
      56.909       99.400    13808.848    25747.488
      57.925      100.400    13808.848    25747.488
      58.942      100.300    13808.848    25747.488
      59.958      100.400    13808.848    25747.488
      60.974       99.400    13808.848    25747.488
      61.990       99.400    13808.848    25747.488
      63.006      100.400    13808.848    25747.488
      64.022       99.400    13808.848    25747.488
      65.038      101.400    13808.848    25747.488
      66.054       99.400    13808.848    25747.488
      67.070      100.400    13808.848    25747.488
      68.087       99.400    13808.848    25747.488
      69.103      100.400    13808.848    25747.488
      70.119       99.400    13808.848    25747.488
      71.135      100.400    13808.848    25747.488
      72.151      100.400    13808.848    25747.488
      73.167       99.400    13808.848    25747.488
      74.183      100.400    13808.848    25747.488
      75.198       99.400    13808.848    25747.488
      76.215      100.400    13808.848    25747.488
      77.231       99.400    13808.848    25747.488
      78.247      100.400    13808.848    25747.488
      79.263      100.400    13808.848    25747.488
      80.279      100.400    13808.848    25747.488
      81.295       99.400    13808.848    25747.488
      82.311      100.400    13808.848    25747.488
      83.327       99.400    13808.848    25747.488
      84.343       99.400    13808.848    25747.488
      85.359      101.400    13808.848    25747.488
      86.375       99.400    13808.848    25747.488
      87.383      100.200    13808.848    25747.488
      88.399       99.400    13808.848    25747.488
      89.416       99.400    13808.848    25747.488
      90.431      101.400    13808.848    25747.488
      91.448       99.400    13808.848    25747.488
      92.463      100.500    13808.848    25747.488
      93.478       99.500    13808.848    25747.488
      94.494      100.400    13808.848    25747.488
      95.510       99.400    13808.848    25747.488
      96.526      100.400    13808.848    25747.488
      97.542       99.400    13808.848    25747.488
      98.558      100.400    13808.848    25747.488
      99.574      100.400    13808.848    25747.488
     100.590      100.400    13808.848    25747.488
     101.606       99.400    13808.848    25747.488
     102.622       99.400    13808.848    25747.488
     103.638      100.400    13808.848    25747.488
     104.654      100.400    13808.848    25747.488
     105.670       99.400    13808.848    25747.488
     106.686      100.400    13808.848    25747.488
     107.703      100.400    13808.848    25747.488
     108.719       99.400    13808.848    25747.488
     109.735      100.400    13808.848    25747.488
     110.751       99.400    13808.848    25747.488
     111.767       99.400    13808.848    25747.488
     112.783      101.400    13808.848    25747.488
     113.799       99.400    13808.848    25747.488
     114.815      100.400    13808.848    25747.488
     115.831       99.400    13808.848    25747.488
     116.847      100.400    13808.848    25747.488
     117.863       99.400    13808.848    25747.488
     118.880      100.300    13808.848    25747.488
     119.896      100.300    13808.848    25747.488
     120.912      100.400    13808.848    25747.488
     121.929       99.400    13808.848    25747.488
     122.945      100.400    13808.848    25747.488
     123.962       99.300    13808.848    25747.488
     124.978      100.400    13808.848    25747.488
     125.994      100.400    13808.848    25747.488
     127.010       99.400    13808.848    25747.488
     128.026      100.300    13808.848    25747.488
     129.043      100.400    13808.848    25747.488
     130.058       88.600    13256.867    25183.660
     131.074       79.800    13257.297    25183.660
     132.090      101.400    13257.297    25183.660
     133.106       99.400    13257.297    25183.660
     134.122       99.400    13257.297    25183.660
     135.138      100.400    13257.297    25183.660
     136.154       99.400    13257.297    25183.660
     137.170      101.400    13257.297    25183.660
     138.186       99.400    13257.297    25183.660
     139.202      100.400    13257.297    25183.660
     140.218       99.400    13257.297    25183.660
     141.234      100.400    13257.297    25183.660
     142.250      100.400    13257.297    25183.660
     143.266       99.400    13257.297    25183.660
     144.283      100.400    13257.297    25183.660
     145.299      100.400    13257.297    25183.660
     146.315       99.400    13257.297    25183.660
     147.331      100.400    13257.297    25183.660
     148.347       99.400    13257.297    25183.660
     149.364      100.300    13257.297    25183.660
     150.380       99.400    13257.297    25183.660
     151.396      100.400    13257.297    25183.660
     152.412      100.400    13257.297    25183.660
     153.428       99.400    13257.297    25183.660
     154.444      100.400    13257.297    25183.660
     155.460       99.500    13257.297    25183.660
     156.475       99.500    13257.297    25183.660
     157.491      100.400    13257.297    25183.660
     158.507      100.400    13256.797    25183.660
     159.523       92.500    13266.738    25183.660
     160.539      100.400    13266.738    25183.660
     161.556       99.300    13266.738    25183.660
     162.572      100.400    13266.738    25183.660
     163.588      100.400    13266.738    25183.660
     164.604       99.400    13266.738    25183.660
     165.621      100.400    13266.738    25183.660
     166.637       99.400    13266.738    25183.660
     167.653      100.400    13266.738    25183.660
     168.669       99.400    13266.738    25183.660
     169.685      101.400    13266.738    25183.660
     170.701       99.400    13266.738    25183.660
     171.717      100.400    13266.738    25183.660
     172.733       99.400    13266.738    25183.660
     173.750      100.400    13266.738    25183.660
     174.766      100.400    13266.738    25183.660
     175.782       99.400    13266.738    25183.660
     176.798      100.400    13266.738    25183.660
     177.814       99.400    13266.738    25183.660
     178.831      100.300    13266.738    25183.660
     179.847      100.400    13266.738    25183.660
     180.863       99.400    13266.738    25183.660
     181.879      100.400    13266.738    25183.660
     182.895       99.400    13266.738    25183.660
     183.911       99.400    13266.738    25183.660
     184.927      101.400    13266.738    25183.660
     185.943       99.400    13266.738    25183.660
     186.959      100.400    13266.738    25183.660
     187.976       99.400    13266.738    25183.660
     188.992      100.400    13266.738    25183.660
     190.008      100.300    13266.738    25183.660
     191.025       99.400    13266.738    25183.660
     192.041      100.400    13266.738    25183.660
     193.057      100.400    13266.738    25183.660
     194.073       99.400    13266.738    25183.660
     195.089      100.400    13266.738    25183.660
     196.105       99.400    13266.738    25183.660
     197.121      100.400    13266.738    25183.660
     198.137       99.400    13266.738    25183.660
     199.153      100.400    13266.738    25183.660
     200.169       99.400    13266.738    25183.660
     201.185      101.400    13266.738    25183.660
     202.202       99.400    13266.738    25183.660
     203.218       98.400    13296.547    25183.660
     204.234      100.400    13296.547    25183.660
     205.250       99.400    13296.547    25183.660
     206.266       99.400    13296.547    25183.660
     207.282      100.400    13296.547    25183.660
     208.298       97.400    13296.547    25183.660
     209.315       99.300    13296.547    25183.660
     210.331      100.400    13296.547    25183.660
     211.347      100.400    13296.547    25183.660
     212.363      100.400    13296.547    25183.660
     213.379       99.400    13296.547    25183.660
     214.395      100.400    13296.547    25183.660
     215.411      100.400    13296.547    25183.660
     216.427       99.400    13296.547    25183.660
     217.443       99.400    13296.547    25183.660
     218.459       99.500    13296.547    25183.660
     219.474      101.500    13296.547    25183.660
     220.490       99.400    13296.547    25183.660
     221.506      100.400    13296.547    25183.660
     222.522       99.400    13296.547    25183.660
     223.538      100.400    13296.547    25183.660
     224.555      100.400    13296.547    25183.660
     225.571       99.400    13296.547    25183.660
     226.587      100.400    13296.547    25183.660
     227.603      100.400    13296.547    25183.660
     228.619       99.400    13296.547    25183.660
     229.635       99.400    13296.547    25183.660
     230.651      100.400    13296.547    25183.660
     231.667      100.400    13296.547    25183.660
     232.683      100.400    13296.547    25183.660
     233.700       99.400    13296.547    25183.660
     234.716       99.400    13296.547    25183.660
     235.732      100.400    13296.547    25183.660
     236.748       99.400    13296.547    25183.660
     237.764      101.400    13296.547    25183.660
     238.781       99.300    13296.547    25183.660
     239.797      100.400    13296.547    25183.660
     240.814       99.400    13296.547    25183.660
     241.830      100.400    13296.547    25183.660
     242.846       99.400    13296.547    25183.660
     243.862      100.400    13296.547    25183.660
     244.878      100.400    13296.547    25183.660
     245.894       96.500    13297.062    25183.660
     246.910       99.400    13297.062    25183.660
     247.926      101.400    13297.062    25183.660
     248.942       99.400    13297.062    25183.660
     249.958      100.400    13297.062    25183.660
     250.974       99.400    13297.062    25183.660
     251.990      100.400    13297.062    25183.660
     253.007       99.400    13297.062    25183.660
     254.023      100.400    13297.062    25183.660
     255.039       99.400    13297.062    25183.660
     256.055      100.400    13297.062    25183.660
     257.071      100.400    13297.062    25183.660
     258.087       99.400    13297.062    25183.660
     259.103      100.400    13297.062    25183.660
     260.119      100.400    13297.062    25183.660
     261.135       99.400    13297.062    25183.660
     262.151      100.400    13316.164    25183.660
     263.168       97.400    13316.250    25183.660
     264.184       99.400    13316.250    25183.660
     265.200      100.400    13316.250    25183.660
     266.216      100.400    13316.250    25183.660
     267.232       99.400    13316.250    25183.660
     268.248       99.400    13316.250    25183.660
     269.265      101.300    13316.250    25183.660
     270.281       99.400    13316.250    25183.660
     271.297      100.400    13316.250    25183.660
     272.313       99.400    13316.250    25183.660
     273.329      100.400    13316.250    25183.660
     274.345       99.400    13316.250    25183.660
     275.361      101.400    13316.250    25183.660
     276.377       99.400    13316.250    25183.660
     277.393      100.400    13316.250    25183.660
     278.409       99.400    13316.250    25183.660
     279.425      100.400    13316.250    25183.660
     280.441       99.400    13316.250    25183.660
     281.457       99.400    13316.250    25183.660
     282.472      100.500    13316.250    25183.660
     283.488      100.400    13316.250    25183.660
     284.504      100.400    13316.250    25183.660
     285.520       99.400    13316.250    25183.660
     286.536      100.400    13316.250    25183.660
     287.552      100.400    13316.250    25183.660
     288.568       99.400    13316.250    25183.660
     289.584      100.400    13316.250    25183.660
     290.601       99.400    13316.250    25183.660
     291.617      100.400    13316.250    25183.660
     292.633      100.400    13316.250    25183.660
     293.649       99.400    13316.250    25183.660
     294.665       99.400    13339.059    25183.660
     295.681      101.400    13339.059    25183.660
     296.697       99.400    13339.059    25183.660
     297.713       99.400    13339.059    25183.660
     298.730      100.300    13339.059    25183.660
     299.746      100.300    13339.059    25183.660
     300.763       99.400    13339.059    25183.660
     301.779      100.400    13339.059    25183.660
     302.795      100.400    13339.059    25183.660
     303.811       99.400    13339.059    25183.660
     304.827      100.400    13339.059    25183.660
     305.843       99.400    13339.059    25183.660
     306.859      100.400    13339.059    25183.660
     307.875      100.400    13339.059    25183.660
     308.892       99.400    13339.059    25183.660
     309.908       99.400    13339.059    25183.660
     310.924      101.400    13339.059    25183.660
     311.940       99.400    13339.059    25183.660
     312.956       99.400    13339.059    25183.660
     313.972      101.400    13339.059    25183.660
     314.988       99.400    13339.059    25183.660
     316.004      100.400    13339.059    25183.660
     317.020       99.400    13339.059    25183.660
     318.036      100.400    13339.059    25183.660
     319.052       99.400    13339.059    25183.660
     320.068      100.400    13339.059    25183.660
     321.084       99.400    13339.059    25183.660
     322.100      100.400    13339.059    25183.660
     323.116      100.400    13339.059    25183.660
     324.132       99.400    13339.059    25183.660
     325.148       99.400    13339.059    25183.660
     326.164      101.400    13339.059    25183.660
     327.181       99.400    13339.059    25183.660
     328.197      100.400    13339.059    25183.660
     329.213       99.300    13339.059    25183.660
     330.229       99.400    13339.059    25183.660
     331.245      101.400    13363.293    25183.660
     332.262       97.400    13363.293    25183.660
     333.278       99.400    13363.293    25183.660
     334.294      100.400    13363.293    25183.660
     335.310      100.400    13363.293    25183.660
     336.326       99.400    13363.293    25183.660
     337.342      100.400    13363.293    25183.660
     338.358       99.400    13363.293    25183.660
     339.374      100.400    13363.293    25183.660
     340.390      100.400    13363.293    25183.660
     341.406       99.400    13363.293    25183.660
     342.422      100.400    13363.293    25183.660
     343.438       99.400    13363.293    25183.660
     344.454      100.400    13363.293    25183.660
     345.469       99.500    13363.293    25183.660
     346.485      100.400    13363.293    25183.660
     347.501      100.400    13363.293    25183.660
     348.517       99.400    13363.293    25183.660
     349.533      100.400    13363.293    25183.660
     350.550       99.400    13363.293    25183.660
     351.566      100.400    13363.293    25183.660
     352.582      100.400    13363.293    25183.660
     353.598      100.400    13363.293    25183.660
     354.614       99.400    13363.293    25183.660
     355.630       99.400    13363.293    25183.660
     356.646      100.400    13363.293    25183.660
     357.662      100.400    13363.293    25183.660
     358.679       99.300    13363.293    25183.660
     359.695      100.400    13363.293    25183.660
     360.712      100.300    13363.293    25183.660
     361.728       99.400    13363.293    25183.660
     362.744      100.400    13363.293    25183.660
     363.760       99.400    13363.293    25183.660
     364.776      100.400    13363.293    25183.660
     365.792       99.400    13363.293    25183.660
     366.808      100.400    13363.293    25183.660
     367.824      100.400    13363.293    25183.660
     368.840      100.400    13381.406    25183.660
     369.857       99.400    13381.406    25183.660
     370.873       99.400    13381.406    25183.660
     371.889      101.400    13381.406    25183.660
     372.905       99.400    13381.406    25183.660
     373.921      100.400    13381.406    25183.660
     374.937       99.400    13381.406    25183.660
     375.953       99.400    13381.406    25183.660
     376.969      100.400    13381.406    25183.660
     377.985      100.400    13381.406    25183.660
     379.001       99.400    13381.406    25183.660
     380.017      100.400    13381.406    25183.660
     381.033       99.400    13381.406    25183.660
     382.049      100.400    13381.406    25183.660
     383.065      100.400    13381.406    25183.660
     384.081       99.400    13381.406    25183.660
     385.097      100.400    13381.406    25183.660
     386.113       99.400    13381.406    25183.660
     387.129      100.400    13381.406    25183.660
     388.145      100.400    13381.406    25183.660
     389.162       99.300    13381.406    25183.660
     390.178      100.400    13381.406    25183.660
     391.194       99.400    13381.406    25183.660
     392.210      100.400    13381.406    25183.660
     393.226      100.400    13381.406    25183.660
     394.242      100.400    13381.406    25183.660
     395.258       99.400    13381.406    25183.660
     396.274      100.400    13381.406    25183.660
     397.290       99.400    13381.406    25183.660
     398.306      100.400    13381.406    25183.660
     399.322       99.400    13381.406    25183.660
     400.338      100.400    13396.617    25183.660
     401.354       99.400    13416.434    25183.660
     402.370      100.400    13416.434    25183.660
     403.386      100.400    13416.434    25183.660
     404.402       99.400    13416.434    25183.660
     405.418      100.400    13416.434    25183.660
     406.434       99.400    13416.434    25183.660
     407.451      100.400    13416.434    25183.660
     408.466       99.500    13416.434    25183.660
     409.482      100.400    13416.434    25183.660
     410.498       99.400    13416.434    25183.660
     411.514      100.400    13416.434    25183.660
     412.530      100.400    13416.434    25183.660
     413.546       99.400    13416.434    25183.660
     414.562      100.400    13416.434    25183.660
     415.578       99.400    13416.434    25183.660
     416.594      101.400    13416.434    25183.660
     417.610       99.400    13416.434    25183.660
     418.627      100.300    13416.434    25183.660
     419.643       99.400    13416.434    25183.660
     420.659      100.300    13416.434    25183.660
     421.676       99.400    13416.434    25183.660
     422.692      101.400    13416.434    25183.660
     423.708       99.400    13416.434    25183.660
     424.724       99.400    13416.434    25183.660
     425.740      100.400    13416.434    25183.660
     426.756      100.400    13416.434    25183.660
     427.772       99.400    13416.434    25183.660
     428.788      100.400    13416.434    25183.660
     429.804      100.400    13416.434    25183.660
     430.820       99.400    13416.434    25183.660
     431.837      100.400    13416.434    25183.660
     432.853       99.400    13416.434    25183.660
     433.869      100.400    13416.434    25183.660
     434.885       99.400    13416.434    25183.660
     435.901      101.400    13416.434    25183.660
     436.917       99.400    13416.434    25183.660
     437.933      100.400    13416.434    25183.660
     438.949       99.400    13416.434    25183.660
     439.965      100.400    13416.434    25183.660
     440.981       99.400    13416.434    25183.660
     441.997       99.400    13416.434    25183.660
     443.013      101.400    13416.434    25183.660
     444.029       99.400    13416.434    25183.660
     445.045       99.400    13416.434    25183.660
     446.061      100.400    13416.434    25183.660
     447.078       99.400    13416.434    25183.660
     448.094      100.400    13416.434    25183.660
     449.110      100.300    13416.434    25183.660
     450.127      100.400    13416.434    25183.660
     451.143       99.400    13416.434    25183.660
     452.159      100.400    13416.434    25183.660
     453.175       99.400    13416.746    25183.660
     454.191      100.400    13416.746    25183.660
     455.207       99.400    13416.746    25183.660
     456.223      100.400    13416.746    25183.660
     457.239       99.400    13416.746    25183.660
     458.255      101.400    13416.746    25183.660
     459.271       99.400    13416.746    25183.660
     460.287      100.400    13416.746    25183.660
     461.303       99.400    13416.746    25183.660
     462.319      100.400    13416.746    25183.660
     463.335      100.400    13416.746    25183.660
     464.351       99.400    13416.746    25183.660
     465.367      100.400    13416.746    25183.660
     466.384       99.400    13416.746    25183.660
     467.400      100.400    13416.746    25183.660
     468.416      100.400    13416.746    25183.660
     469.432       99.400    13416.746    25183.660
     470.448      100.400    13416.746    25183.660
     471.463       99.500    13416.746    25183.660
     472.478      100.400    13416.746    25183.660
     473.494       99.400    13416.746    25183.660
     474.511      100.400    13416.746    25183.660
     475.527       99.400    13416.746    25183.660
     476.543      100.400    13416.746    25183.660
     477.559      100.400    13416.746    25183.660
     478.576      100.300    13416.746    25183.660
     479.592       99.400    13416.746    25183.660
     480.608      100.400    13416.746    25183.660
     481.624      100.400    13416.746    25183.660
     482.641       99.300    13416.746    25183.660
     483.657      100.400    13416.746    25183.660
     484.673       99.400    13416.746    25183.660
     485.689      100.400    13416.746    25183.660
     486.705       99.400    13416.746    25183.660
     487.721      101.400    13416.746    25183.660
     488.737       99.400    13416.746    25183.660
     489.753      100.400    13416.746    25183.660
     490.770       99.400    13416.746    25183.660
     491.786      100.400    13416.746    25183.660
     492.802       99.400    13416.746    25183.660
     493.818      100.400    13416.746    25183.660
     494.834      100.400    13416.746    25183.660
     495.850       99.400    13416.746    25183.660
     496.866       99.400    13416.746    25183.660
     497.882      100.400    13416.746    25183.660
     498.898      100.400    13416.746    25183.660
     499.914       99.400    13416.746    25183.660
     500.930      100.400    13416.746    25183.660
     501.947      100.400    13416.746    25183.660
     502.963       99.400    13416.746    25183.660
     503.979      100.400    13416.746    25183.660
     504.995      100.400    13416.746    25183.660
     506.011       99.400    13416.746    25183.660
     507.027      100.400    13416.746    25183.660
     508.043      100.400    13416.746    25183.660
     509.060       99.300    13416.746    25183.660
     510.076      100.400    13416.746    25183.660
     511.092       99.400    13416.746    25183.660
     512.108      100.400    13416.746    25183.660
     513.124       99.400    13416.746    25183.660
     514.140      101.400    13416.746    25183.660
     515.156       99.400    13416.746    25183.660
     516.172       99.400    13416.746    25183.660
     517.188      100.400    13416.746    25183.660
     518.204       99.400    13416.746    25183.660
     519.221      100.400    13416.746    25183.660
     520.237      100.400    13416.746    25183.660
     521.253      100.400    13416.746    25183.660
     522.269       99.400    13416.746    25183.660
     523.285      100.400    13416.746    25183.660
     524.301       99.400    13416.746    25183.660
     525.317      100.400    13416.746    25183.660
     526.333       99.400    13479.996    25183.660
     527.349       97.400    13547.023    25183.660
     528.365      100.400    13547.023    25183.660
     529.381      100.400    13547.023    25183.660
     530.397       99.400    13547.023    25183.660
     531.413       99.400    13547.023    25183.660
     532.429      100.400    13547.023    25183.660
     533.446      100.400    13547.023    25183.660
     534.461      100.500    13547.023    25183.660
     535.476       99.500    13547.023    25183.660
     536.492      100.400    13547.023    25183.660
     537.508       99.400    13547.023    25183.660
     538.525      100.300    13547.023    25183.660
     539.541      100.400    13547.023    25183.660
     540.557      100.400    13547.023    25183.660
     541.573       99.400    13547.023    25183.660
     542.589       99.400    13547.023    25183.660
     543.606      100.300    13547.023    25183.660
     544.622       99.400    13547.023    25183.660
     545.638      101.400    13547.023    25183.660
     546.654       99.400    13547.023    25183.660
     547.670       99.400    13547.023    25183.660
     548.686      100.400    13547.023    25183.660
     549.702       99.400    13547.023    25183.660
     550.718      101.400    13547.023    25183.660
     551.734       99.400    13547.023    25183.660
     552.751      100.400    13547.023    25183.660
     553.767       99.400    13547.023    25183.660
     554.783      100.400    13547.023    25183.660
     555.799       99.400    13547.023    25183.660
     556.815      100.400    13547.023    25183.660
     557.831      100.400    13547.023    25183.660
     558.847       99.400    13547.023    25183.660
     559.863      100.400    13547.023    25183.660
     560.879       99.400    13547.023    25183.660
     561.895      100.400    13547.023    25183.660
     562.911      100.400    13547.023    25183.660
     563.927       99.400    13547.023    25183.660
     564.943      100.400    13547.023    25183.660
     565.959      100.400    13547.023    25183.660
     566.975       99.400    13547.023    25183.660
     567.991      100.400    13547.023    25183.660
     569.008       99.300    13547.023    25183.660
     570.024      101.400    13547.023    25183.660
     571.040       99.400    13547.023    25183.660
     572.056      100.400    13547.023    25183.660
     573.072       99.400    13547.023    25183.660
     574.088      100.400    13547.023    25183.660
     575.104      100.400    13547.023    25183.660
     576.120       99.400    13547.023    25183.660
     577.136      100.400    13547.023    25183.660
     578.152       99.400    13547.023    25183.660
     579.168       99.400    13547.023    25183.660
     580.185      100.400    13547.023    25183.660
     581.201      100.400    13547.023    25183.660
     582.217       99.400    13547.023    25183.660
     583.233      100.400    13547.023    25183.660
     584.249      100.400    13547.023    25183.660
     585.265       99.400    13547.023    25183.660
     586.281      100.400    13547.023    25183.660
     587.297       99.400    13547.023    25183.660
     588.313      100.400    13547.023    25183.660
     589.329      100.400    13547.023    25183.660
     590.345      100.400    13547.023    25183.660
     591.361       99.400    13547.023    25183.660
     592.377      100.400    13547.023    25183.660
     593.393       99.400    13547.023    25183.660
     594.409      100.400    13547.023    25183.660
     595.425       99.400    13547.023    25183.660
     596.441      100.400    13547.023    25183.660
     597.457      100.400    13547.023    25183.660
     598.473       99.400    13547.023    25183.660
     599.489      100.400    13547.023    25183.660
     600.505       99.400    13547.023    25183.660
     601.521      100.400    13547.023    25183.660
     602.537      100.400    13547.023    25183.660
     603.553      100.400    13547.023    25183.660
     604.570       99.400    13547.023    25183.660
     605.586      100.400    13547.023    25183.660
     606.602      100.400    13547.023    25183.660
     607.618       99.400    13547.023    25183.660
     608.634      100.400    13547.023    25183.660
     609.650       99.400    13547.023    25183.660
     610.666      100.400    13547.023    25183.660
     611.683       99.400    13547.023    25183.660
     612.699      100.400    13547.023    25183.660
     613.715       99.400    13547.023    25183.660
     614.731      100.400    13547.023    25183.660
     615.747       99.400    13582.660    25183.660
     616.763      100.400    13582.660    25183.660
     617.779      100.400    13582.660    25183.660
     618.795      100.400    13582.660    25183.660
     619.811       99.400    13582.660    25183.660
     620.827      100.400    13582.660    25183.660
     621.843       99.400    13582.660    25183.660
     622.859       99.400    13582.660    25183.660
     623.875      100.400    13582.660    25183.660
     624.891      100.400    13582.660    25183.660
     625.907      100.400    13582.660    25183.660
     626.923      100.400    13582.660    25183.660
     627.939       99.400    13582.660    25183.660
     628.956      100.300    13582.660    25183.660
     629.972      100.400    13582.660    25183.660
     630.988       99.400    13582.660    25183.660
     632.004       99.400    13582.660    25183.660
     633.020      100.400    13582.660    25183.660
     634.036      100.400    13582.660    25183.660
     635.052      100.400    13582.660    25183.660
     636.068       99.400    13582.660    25183.660
     637.084       99.400    13582.660    25183.660
     638.100      101.400    13582.660    25183.660
     639.116       99.400    13582.660    25183.660
     640.132       99.400    13582.660    25183.660
     641.148      100.400    13582.660    25183.660
     642.164      100.400    13582.660    25183.660
     643.180       99.400    13582.660    25183.660
     644.196      100.400    13582.660    25183.660
     645.213      100.400    13582.660    25183.660
     646.229       99.400    13582.660    25183.660
     647.245      100.400    13582.660    25183.660
     648.261       99.400    13582.660    25183.660
     649.277      100.400    13582.660    25183.660
     650.293      100.400    13582.660    25183.660
     651.309      100.400    13582.660    25183.660
     652.325       99.400    13582.660    25183.660
     653.341       99.400    13582.660    25183.660
     654.357      100.400    13582.660    25183.660
     655.373      100.400    13582.660    25183.660
     656.389       99.400    13582.660    25183.660
     657.405      101.400    13582.660    25183.660
     658.421       99.400    13582.660    25183.660
     659.438       99.300    13582.660    25183.660
     660.454      100.400    13582.660    25183.660
     661.469      100.500    13582.660    25183.660
     662.485       99.400    13582.660    25183.660
     663.501      100.400    13582.660    25183.660
     664.517       99.400    13582.660    25183.660
     665.534       92.400    13582.168    25183.172
     666.553       49.100    13624.309    25691.949
     667.572        0.000    13647.488    34067.309
     668.586        0.000    13615.012    25667.887
     669.604        0.000    13615.012    25667.887
     670.623        0.000    13615.012    25667.887
     671.641        0.000    13615.012    25667.887
     672.659        0.000    13615.012    25667.887
     673.677        0.000    13615.012    25667.887
     674.696        0.000    13615.012    25667.887
     675.714        0.000    13615.012    25667.887
     676.732        0.000    13615.012    25667.887
     677.750        0.000    13614.457    25566.176
     678.769        5.900    13621.879    25687.508
     679.787      479.500    13649.625    33924.648
     680.807      316.300    13655.160    33936.383
     681.825        7.900    13660.965    33967.531
     682.843        8.800    13665.844    33971.691
     683.862       13.700    13653.270    33894.199
     684.880        7.900    13658.742    33948.312
     685.899        7.900    13663.652    33964.602
     686.917       13.700    13670.711    33991.629
     687.935        7.800    13674.637    34002.059
     688.955       12.800    13679.902    34012.855
     689.973      798.300    13684.637    36159.688
     690.991        6.900    13689.082    36205.801
     692.009        8.800    13693.883    36240.738
     693.027        6.900    13697.391    36263.797
     694.046        7.900    13702.215    36305.094
     695.064       25.500    13709.891    36353.434
     696.083        6.900    13715.414    36405.047
     697.100        9.800    13722.180    36443.848
     698.118       12.800    13726.211    36448.398
     699.137        7.900    13730.664    36489.109
     700.155       15.700    13737.660    36526.012
     701.172       58.000    13774.895    36500.523
     702.189       99.300    13825.477    36551.273
     703.206       99.300    13877.980    36604.023
     704.223      100.300    13930.328    36656.023
     705.240       99.300    13982.176    36707.773
     706.257       99.300    14033.891    36759.523
     707.274      100.300    14086.039    36812.523
     708.291       99.300    14138.316    36864.273
     709.309      100.300    14190.328    36916.023
     710.326       99.300    14242.348    36967.773
     711.343      100.300    14294.535    37020.773
     712.360       99.300    14346.770    37072.523
     713.377       99.300    14399.781    37125.523
     714.394      100.300    14451.859    37177.273
     715.411       98.300    14504.094    37230.273
     716.428      100.300    14556.418    37282.023
     717.445       99.400    14609.145    37334.773
     718.461      100.300    14679.441    37384.914
     719.478      100.300    14659.941    37365.914
     720.495       93.400    15618.445    38457.770
     721.512       77.600    15784.098    38488.309
     722.530       99.300    15812.715    38517.113
     723.547      100.300    15823.156    38542.391
     724.564       97.200    15864.223    38567.668
     725.582       78.600    15466.336    38169.672
     726.600        0.000    13665.992    33982.043
     727.617      848.400    13753.129    36448.773
     728.634       90.400    13803.797    36527.898
     729.652       99.300    13876.051    36599.648
     730.669       99.300    13948.848    36672.648
     731.686      100.300    14022.078    36746.398
     732.703       98.200    14471.469    37172.219
     733.721      100.300    14493.305    37194.234
     734.738      100.300    14493.305    37194.234
     735.756      100.300    14580.191    37280.750
     736.773        0.000    13627.434    26258.555
     737.791     1609.300    13729.668    36256.703
     738.808       77.700    13785.543    36488.152
     739.826       98.300    13854.664    36557.652
     740.843      100.300    13924.051    36627.152
     741.860       99.300    13995.734    36698.902
     742.877      100.300    14066.195    36768.652
     743.894       99.300    14138.059    36840.402
     744.912       99.300    14209.543    36911.902
     745.929       99.300    14758.711    37570.516
     746.946       99.300    14917.855    37604.086
     747.963       99.200    14917.855    37604.086
     748.981      100.300    15057.617    37743.492
     749.998       86.400    14856.363    37541.781
     751.017        0.000    13649.066    33884.793
     752.032      849.500    13752.922    36378.312
     753.049       83.600    13822.441    36508.020
     754.066       99.300    13891.805    36577.520
     755.083       99.300    13962.637    36648.270
     756.100       99.300    14033.023    36718.770
     757.118      100.300    14103.000    36788.520
     758.135       99.300    14174.027    36860.020
     759.152      100.300    14272.617    36943.340
     760.169       98.300    14880.719    37549.527
     761.187      100.300    14880.750    37549.527
     762.204       99.300    15001.051    37679.691
     763.221      100.300    15011.891    37679.691
     764.239        0.000    13635.430    33929.922
     765.257      860.900    13733.039    36334.941
     766.274       82.600    13779.062    36498.773
     767.291       99.300    13860.637    36580.273
     768.309       99.300    14160.789    36860.305
     769.326       99.300    14177.641    36875.836
     770.343      100.300    14177.750    36875.836
     771.360       99.300    14231.070    36928.992
     772.378        0.000    13624.668    25734.402
     773.396     1624.500    13742.102    36245.922
     774.413       78.600    13788.395    36489.777
     775.430      100.300    13861.215    36562.777
     776.448       99.400    13934.457    36635.527
     777.464       99.300    14007.527    36708.277
     778.481       99.300    14080.656    36782.277
     779.498       99.200    14592.270    37272.562
     780.516       99.300    14618.148    37297.445
     781.533      100.300    14618.148    37297.445
     782.550      100.200    14720.516    37399.250
     783.568       85.500    14272.344    36950.945
     784.586        0.000    13691.375    34012.605
     785.603      841.200    13780.902    36524.766
     786.621       93.400    13831.344    36538.527
     787.638      100.300    13903.836    36611.277
     788.656       98.300    13976.785    36684.027
     789.673      100.300    14049.562    36756.777
     790.690       99.300    14122.668    36830.527
     791.708      100.300    14683.438    37381.738
     792.725       97.300    14720.859    37409.871
     793.743      100.300    14720.930    37409.871
     794.760      100.200    14836.934    37524.824
     795.777       88.400    14334.188    37021.844
     796.796        0.000    13684.645    33997.977
     797.813      846.200    13750.645    36495.430
     798.831       91.400    13823.016    36530.020
     799.848      100.200    13893.203    36600.520
     800.866       99.300    13963.348    36670.270
     801.883       99.300    14033.336    36741.020
     802.900       99.300    14103.664    36810.520
     803.918      100.200    14197.637    36887.590
     804.935       98.300    14744.535    37433.172
     805.953      101.300    14744.598    37433.172
     806.970       99.200    14863.859    37552.227
     807.988      100.100    14693.801    37381.859
     809.007        0.000    13670.531    33970.094
     810.025      849.100    13750.258    36339.508
     811.042       82.600    13800.949    36505.898
     812.060      100.200    13870.797    36576.398
     813.077       99.300    13940.793    36646.148
     814.095       99.300    14010.207    36715.898
     815.112      100.300    14080.402    36785.398
     816.130       98.200    14571.582    37255.840
     817.148      100.300    14595.863    37280.254
     818.166      100.200    14595.863    37280.254
     819.183       99.300    14697.117    37381.129
     820.200        0.000    13614.707    25562.516
     821.219        0.000    13691.395    36187.234
     822.239      456.900    13741.840    36450.770
     823.257       98.300    13829.500    36551.152
     824.274      100.200    13899.523    36620.902
     825.292       99.300    13969.875    36691.402
     826.309       99.300    14040.297    36762.152
     827.327       99.300    14110.105    36831.652
     828.344       99.300    14180.449    36902.402
     829.362      100.300    14251.047    36973.152
     830.379      100.300    14343.816    37049.973
     831.396       98.200    15256.391    37960.910
     832.415      100.300    15103.738    37808.023
     833.432      100.300    15103.738    37808.023
     834.449       99.400    15137.848    37841.477
     835.466       88.500    13614.707    25562.516
     836.483        0.000    13710.336    36173.844
     837.505      494.900    13759.277    36440.949
     838.525       99.300    13832.387    36528.777
     839.543      100.200    13884.199    36580.527
     840.560       99.300    13936.148    36632.277
     841.578      100.300    13988.672    36685.277
     842.595       99.300    14040.836    36737.027
     843.613      101.200    14092.586    36788.777
     844.630       98.200    14144.078    36840.777
     845.649      100.200    14196.906    36893.527
     846.666      100.200    14248.820    36945.277
     847.684       99.300    14300.504    36997.277
     848.701      100.200    14352.496    37049.027
     849.719       99.300    14403.992    37099.777
     850.736      100.200    14455.754    37151.777
     851.754       99.300    14507.836    37204.527
     852.771      100.200    14559.859    37256.277
     853.789       99.300    14611.559    37308.027
     854.806       99.300    14663.375    37360.027
     855.824      100.200    14715.230    37411.777
     856.841      100.200    14763.727    37459.777
     857.859       99.300    14786.578    37471.168
     858.876      100.200    14828.879    38253.270
     859.894       99.200    16260.066    38988.250
     860.912      100.200    16042.512    38725.891
     861.930       99.300    16042.512    38725.891
     862.948      100.200    16067.645    38750.441
     863.965       91.300    15598.770    38281.477
     864.984        0.000    13651.000    33925.250
     866.001      849.200    13742.637    36441.227
     867.018       86.500    13787.586    36507.652
     868.036       99.200    13842.426    36560.402
     869.054      100.200    13895.285    36613.402
     870.072       99.300    13948.664    36666.402
     871.089      100.200    14000.926    36719.152
     872.107      100.200    14053.594    36771.902
     873.124       99.300    14106.520    36824.902
     874.142       99.300    14159.820    36877.902
     875.159      100.200    14213.086    36931.652
     876.177       99.300    14265.602    36983.402
     877.194       99.300    14318.398    37036.402
     878.212      101.200    14371.605    37089.402
     879.229       99.200    14424.438    37142.152
     880.247       99.300    14477.230    37195.152
     881.265      100.200    14530.875    37249.152
     882.282       99.300    14603.172    37305.043
     883.300      100.200    14579.094    37281.793
     884.317       99.200    15571.812    38272.711
     885.335       99.200    15626.090    38327.016
     886.353      100.200    15626.090    38327.016
     887.371      100.200    15673.332    38373.766
     888.388       95.300    15313.672    38013.902
     889.406        0.000    13657.184    33886.355
     890.423      850.100    13772.609    36405.180
     891.441       86.500    13837.105    36514.406
     892.458       99.500    13910.086    36587.406
     893.474       99.200    13984.723    36662.156
     894.492       99.300    14060.301    36738.156
     895.509       99.300    14134.316    36811.906
     896.527      100.200    14210.070    36887.906
     897.544       98.200    14284.941    36962.656
     898.563      101.200    14373.715    37040.727
     899.580       98.200    15112.531    37777.867
     900.599      100.200    15112.590    37777.867
     901.616      100.200    15163.285    37842.602
     902.634       99.300    15145.695    37810.234
     903.652        4.900    13582.309    25183.160
     904.670       82.500        0.000        0.000
