# Elapsed time   CPU (%)     Real (MB)   Virtual (MB)
       0.000        0.000      117.293     8424.418
       1.014      100.600      201.223     8508.691
       2.034       97.000      207.086     8578.070
       3.046       94.900      332.559     8710.723
       4.066       98.100      339.508     8715.715
       5.086       95.100      358.574     8735.480
       6.106       92.100      434.910     8812.844
       7.127       89.200      567.344     8949.191
       8.147       75.500      569.574     8950.945
       9.167       81.300      570.859     8953.656
      10.187       90.200      586.492     8970.285
      11.207       99.000      647.852     9034.285
      12.227      100.000      694.516     9083.285
      13.247       99.000      780.926     9173.285
      14.267       98.000      869.098     9265.285
      15.287       99.000      957.270     9357.285
      16.305       98.200     1045.184     9449.285
      17.325       98.100     1132.926     9541.285
      18.344       99.000     1233.988     9646.285
      19.364       99.000     1363.668     9782.285
      20.384       98.000     1451.152     9873.285
      21.404       98.000     1591.660    10020.285
      22.424       98.000     1682.668    10115.285
      23.444       98.000     1825.875    10265.285
      24.464       98.000     1913.496    10356.285
      25.483       97.200     2056.324    10506.285
      26.503      100.000     2143.293    10597.285
      27.522       97.100     2287.152    10747.285
      28.542       98.100     2430.754    10897.285
      29.562       98.000     2517.207    10987.285
      30.582       98.100     2660.809    11137.285
      31.602       97.100     2804.410    11287.285
      32.622       99.000     2890.863    11378.285
      33.642       98.100     3034.465    11528.285
      34.662       97.100     3178.066    11678.285
      35.681       98.000     3321.410    11828.285
      36.701       98.000     3407.348    11917.285
      37.721       98.100     3551.207    12068.285
      38.741       98.000     3694.551    12217.285
      39.761       97.100     3838.152    12368.285
      40.781      100.000     3923.832    12457.285
      41.801       97.100     4067.434    12607.285
      42.821       98.000     4211.293    12757.285
      43.840       97.100     4355.152    12908.285
      44.860       98.100     4498.754    13058.285
      45.880       98.100     4615.719    13180.285
      46.900       98.000     4727.090    13296.285
      47.920       98.100     4870.691    13446.285
      48.940       98.100     5014.293    13596.285
      49.960       98.100     5157.895    13746.285
      50.979       97.100     5301.496    13897.285
      51.999       98.100     5444.840    14046.285
      53.019       98.000     5528.543    14134.285
      54.039       98.100     5672.660    14284.285
      55.059       98.100     5815.746    14434.285
      56.079       97.100     5959.348    14584.285
      57.099       98.100     6102.691    14734.285
      58.118       98.100     6245.520    14883.285
      59.138       97.100     6388.863    15033.285
      60.158       99.000     6471.020    15119.285
      61.178       98.000     6614.363    15268.285
      62.198       97.100     6758.223    15419.285
      63.218       97.100     6901.824    15569.285
      64.238       98.100     7045.168    15718.285
      65.258       98.100     7188.770    15869.285
      66.277       98.100     7332.887    16019.285
      67.297       97.100     7476.746    16169.285
      68.317       98.100     7620.605    16320.285
      69.335       98.200     7702.074    16405.285
      70.355       99.000     7781.707    16490.426
      71.375      101.000     7869.812    16565.441
      72.395       99.000     9094.168    23669.191
      73.415      100.000    10478.168    23669.191
      74.435      101.000    11858.168    23669.191
      75.455       99.000    13269.941    23669.191
      76.475      101.000    14669.996    23669.191
      77.495      100.000    14973.840    23669.191
      78.515      100.000    15482.551    30773.445
      79.534      100.000    16909.410    30773.445
      80.554      101.000    18371.465    30773.445
      81.574       99.000    19836.820    30773.445
      82.594      100.000    21289.305    30773.445
      83.614      100.000    22077.973    30773.445
      84.635      100.000    22455.410    41289.684
      85.655      101.000    24047.410    41289.684
      86.675       99.000    25519.953    41289.684
      87.695      101.000    27136.992    41289.684
      88.715       99.000    28782.520    41289.684
      89.735      101.000    30411.410    41289.684
      90.756      100.000    31969.410    41289.684
      91.776      101.000    32668.102    41355.617
      92.795       99.000    32682.000    41355.617
      93.815      100.000    32682.207    41355.617
      94.835      100.000    32682.207    41355.617
      95.855      100.000    32700.336    44861.031
      96.875      101.000    33258.594    44861.031
      97.895      100.000    33820.535    44861.031
      98.916       99.900    34388.164    44861.031
      99.936      100.000    34954.523    44861.031
     100.957       99.900    35514.523    44861.031
     101.977      100.900    36076.895    44861.031
     102.997       99.000    36187.723    44861.031
     104.017      100.000    22938.121    34157.938
     105.037      101.000    25540.121    37663.352
     106.057       99.000    26158.121    37663.352
     107.078      100.900    26780.121    37663.352
     108.098      100.000    27406.121    37663.352
     109.118      100.000    28030.121    37663.352
     110.138      100.000    28650.121    37663.352
     111.158      101.000    28992.094    44674.180
     112.178      100.000    31668.105    44674.180
     113.199       99.900    33882.270    44674.180
     114.219       99.000    34695.250    44674.180
     115.239      100.000    34738.090    44674.180
     116.259      101.000    34781.184    44674.180
     117.278      100.000    34824.277    44674.180
     118.298       99.000    34867.113    44674.180
     119.318      101.000    34910.207    44674.180
     120.336      100.100    34952.789    44674.180
     121.356      100.000    34995.625    44674.180
     122.377      100.000    35038.719    44674.180
     123.397      100.000    35081.555    44674.180
     124.416      100.000    35124.648    44674.180
     125.436      101.000    35167.488    44674.180
     126.456       99.000    35210.324    44674.180
     127.476      100.000    35253.473    44674.180
     128.496      100.000    35296.391    44674.180
     129.515      101.000    35339.227    44674.180
     130.535      100.000    35382.016    44674.180
     131.555      100.000    35424.965    44674.180
     132.575       99.000    35467.688    44674.180
     133.595      101.000    35510.742    44674.180
     134.615      100.000    35553.797    44674.180
     135.635       99.900    35597.109    44674.180
     136.655      100.000    35639.906    44674.180
     137.675      101.000    35682.961    44674.180
     138.695       99.000    35726.016    44674.180
     139.715      100.000    35769.070    44674.180
     140.735      101.000    35811.867    44674.180
     141.755      100.000    35854.664    44674.180
     142.775      100.000    35897.719    44674.180
     143.795      100.000    35940.516    44674.180
     144.815      100.000    35983.312    44674.180
     145.835      100.000    36000.844    44674.180
     146.855      100.000    36000.844    44674.180
     147.875      100.000    36000.844    44674.180
     148.895      100.000    38055.285    51685.008
     149.915      100.000    39196.012    51685.008
     150.935      100.000    39328.270    51685.008
     151.956      101.000    39461.301    51685.008
     152.976      100.000    39592.527    51685.008
     153.996      100.000    39724.527    51685.008
     155.016      100.000    39857.559    51685.008
     156.036      100.000    39988.527    51685.008
     157.056      100.000    40121.301    51685.008
     158.076      100.000    40253.043    51685.008
     159.096      100.000    40384.527    51685.008
     160.116      100.000    40518.074    51685.008
     161.136      101.000    40648.785    51685.008
     162.156      100.000    40780.527    51685.008
     163.176       99.000    40913.301    51685.008
     164.196      101.000    41043.754    51685.008
     165.216      100.000    41176.527    51685.008
     166.236      100.000    41308.012    51685.008
     167.256      100.000    41440.012    51685.008
     168.276      100.000    41573.043    51685.008
     169.296      100.000    41703.238    51685.008
     170.316      100.100    41834.465    51685.008
     171.334      100.100    41967.496    51685.008
     172.354      100.000    42097.691    51685.008
     173.374      101.000    42230.207    51685.008
     174.394       99.000    42361.434    51685.008
     175.414      100.000    42492.918    51685.008
     176.434      101.000    42625.691    51685.008
     177.454       99.000    42755.887    51685.008
     178.474      101.000    42887.113    51685.008
     179.493      100.000    43011.637    51685.008
     180.513      100.000    43011.637    51685.008
     181.533      100.000    43011.637    51685.008
     182.553      100.000    36000.930    44674.180
     183.573      100.000    36000.934    44674.180
     184.593      100.000    36000.934    44674.180
     185.613      100.000    36032.754    44675.492
     186.633      100.000    32534.246    41170.078
     187.653      100.000    32981.758    42045.316
     188.673      101.000    33755.809    42977.230
     189.693      100.000    33756.664    43305.891
     190.713       99.000    20123.172    29283.898
     191.733      101.000    20324.871    29354.562
     192.753      100.000    20336.066    29340.055
     193.773      100.000    20400.016    29378.773
     194.793      100.000    20524.324    29500.531
     195.813      100.000    21071.152    29996.957
     196.833      100.000    21727.602    30403.449
     197.853      100.000    21588.152    30087.660
     198.873      100.000    22003.707    30460.172
     199.893      100.000    22398.254    30816.848
     200.913      100.000    23165.754    31631.227
     201.933      100.000    22298.531    30758.273
     202.953      100.000    22551.848    30944.398
     203.973      100.000    23187.141    31578.777
     204.994      100.000    23447.645    31831.965
     206.013      100.000    22295.461    30679.023
     207.033      100.000    22950.402    31380.465
     208.054      101.000    23248.309    31631.559
     209.074      100.000    24133.691    32517.406
     210.094      100.000    22460.863    30843.965
     211.114      100.000    22681.730    31064.672
     212.134      100.000    22682.188    31064.672
     213.154      100.000    23436.363    31822.520
     214.174      100.000    23165.523    31588.273
     215.194      101.000    23662.195    32074.918
     216.214       99.000    24175.070    32561.668
     217.234      101.000    24334.508    32720.449
     218.254      100.000    23208.898    31635.043
     219.274      100.000    23462.977    31848.793
     220.294      100.000    24162.469    32612.555
     221.314      100.000    24434.008    32816.449
     222.333      100.100    23431.191    31813.586
     223.353      100.000    23762.719    32150.461
     224.373      100.000    24163.680    32545.934
     225.393      100.000    24301.371    32721.680
     226.413      100.000    24860.379    33249.777
     227.433      101.000    25093.281    33481.824
     228.453       99.000    25651.352    34236.480
     229.473      101.000    24402.516    32789.406
     230.493       99.000    24604.383    33188.328
     231.513      101.000    24934.777    33328.344
     232.533      100.000    25081.465    33464.551
     233.553       99.000    24538.090    32920.500
     234.573      101.000    25441.387    33920.309
     235.593      100.000    25856.500    34239.082
     236.613      100.000    26069.184    34451.594
     237.633      100.000    24570.305    32952.504
     238.653      101.000    25226.547    33663.441
     239.673       99.000    25563.160    33945.395
     240.693      101.000    25799.738    34182.004
     241.713      100.000    24733.160    33137.918
     242.733      100.000    26054.430    35205.719
     243.753      100.000    27084.430    35466.668
     244.774       99.900    27606.430    35988.566
     245.794      100.000    27606.430    35988.566
     246.814      100.000    25277.629    33659.816
     247.834      100.000    25277.629    33659.816
     248.854      100.000    25277.629    33659.816
     249.874      101.000    26278.723    34677.711
     250.894      100.000    25734.242    34141.027
     251.914      100.000    25971.332    34377.562
     252.934      100.000    26954.977    35416.691
     253.954      100.000    27347.570    35752.316
     254.974      100.000    26320.695    34703.715
     255.994      100.000    26458.352    34857.496
     257.014      100.000    27116.750    35499.449
     258.034      100.000    27334.781    35717.195
     259.054      100.000    26106.395    34488.965
     260.074      100.000    27362.074    35784.812
     261.094      101.000    27663.492    36046.094
     262.114      100.000    27924.922    36307.375
     263.134      100.000    26941.324    35350.141
     264.154      100.000    27242.602    35624.754
     265.174      100.000    27389.113    35826.551
     266.195      100.000    28610.758    36998.906
     267.215      100.000    26518.906    34902.316
     268.235      100.000    26783.809    35166.457
     269.255      100.000    27292.566    35695.398
     270.274      100.000    27793.750    36178.207
     271.294      101.000    27168.672    35572.383
     272.314       99.100    27636.938    36025.117
     273.333      101.100    27807.910    36194.562
     274.353      100.000    28504.945    36892.270
     275.373       99.000    27844.441    36233.816
     276.393      100.000    28706.195    37095.258
     277.413      101.000    29011.156    37397.977
     278.433      100.000    27913.730    36297.188
     279.452      100.000    28442.973    36826.438
     280.472      101.000    29410.477    37840.293
     281.492       99.000    29709.418    38092.910
     282.512      100.000    28166.609    36549.805
     283.532      100.000    28649.434    37056.359
     284.552      101.000    28865.207    37346.773
     285.572      100.000    29924.613    38307.891
     286.592      100.000    26870.801    35253.941
     287.612      100.000    27152.035    35656.863
     288.632      100.000    27382.969    35766.113
     289.652      100.000    27596.961    36002.527
     290.672      100.000    28561.527    36944.641
     291.692      101.000    27366.539    35749.449
     292.712       99.000    27626.422    36009.484
     293.732      101.000    27793.262    36176.172
     294.752      100.000    28574.027    37032.289
     295.772      100.000    27427.590    35810.609
     296.792       99.000    27663.070    36046.070
     297.812      100.000    27256.359    35639.148
     298.832      100.000    27256.359    35639.148
     299.852      100.000    27256.359    35639.148
     300.872      100.000    27256.359    35639.148
     301.892      101.000    27256.359    35639.148
     302.912       99.000    26770.422    35153.211
     303.932      100.000    26770.422    35153.211
     304.952      100.900    26770.422    35153.211
     305.973      100.000    26770.422    35153.211
     306.993      100.000    26770.422    35153.211
     308.012      100.000    26770.422    35153.211
     309.032      100.000    26770.422    35153.211
     310.052      100.000    26770.422    35153.211
     311.072      100.000    26770.422    35153.211
     312.092      100.000    26770.422    35153.211
     313.112      100.000    26770.422    35153.211
     314.132      100.000    26770.422    35153.211
     315.152      100.000    26770.422    35153.211
     316.170      100.200    26770.422    35153.211
     317.190      100.000    26770.422    35153.211
     318.210      101.000    26770.422    35153.211
     319.230      100.000    26770.422    35153.211
     320.250      100.000    26770.422    35153.211
     321.270      100.000    26770.422    35153.211
     322.289      100.000    26770.422    35153.211
     323.309      100.000    26770.422    35153.211
     324.328      100.100    26770.422    35153.211
     325.348      101.000    26770.422    35153.211
     326.368       99.000    26770.422    35153.211
     327.387      101.000    26770.422    35153.211
     328.407       99.000    26770.422    35153.211
     329.427      101.000    26770.422    35153.211
     330.447      100.000    26770.422    35153.211
     331.467       99.000    26770.422    35153.211
     332.487      101.000    26770.422    35153.211
     333.507      100.000    26770.422    35153.211
     334.527      100.000    26770.422    35153.211
     335.546      100.000    26770.422    35153.211
     336.566      100.000    26770.422    35153.211
     337.586      101.000    26770.422    35153.211
     338.606       99.000    26770.422    35153.211
     339.626      100.000    26770.422    35153.211
     340.646      101.000    26770.422    35153.211
     341.665       99.000    26770.422    35153.211
     342.685      100.000    26770.422    35153.211
     343.705      100.000    26770.422    35153.211
     344.725      100.000    26770.422    35153.211
     345.745      101.000    26770.422    35153.211
     346.765      100.000    26770.426    35153.211
     347.785      100.000    26770.426    35153.211
     348.805       84.300    26770.555    35153.223
     349.824       77.500        0.000        0.000
