# Elapsed time   CPU (%)     Real (MB)   Virtual (MB)
       0.000        0.000      114.980     8422.414
       1.014       99.600      201.219     8508.688
       2.034       97.100      208.172     8579.191
       3.054       96.100      332.156     8710.719
       4.074       98.000      339.105     8715.711
       5.094       93.100      358.152     8735.477
       6.113       92.200      449.375     8827.555
       7.134       90.100      568.133     8949.926
       8.154       77.400      569.152     8950.441
       9.174       77.500      570.488     8953.723
      10.194       96.100      609.867     8993.281
      11.214      100.000      693.141     9076.281
      12.234      100.000      812.766     9196.281
      13.254      100.000      899.199     9282.281
      14.273      100.000     1098.230     9481.281
      15.293      100.000     1233.582     9617.281
      16.314      100.000     1396.348     9779.281
      17.334      100.000     1591.223     9974.281
      18.354      100.000     1825.316    10208.281
      19.374      100.000     2106.449    10489.281
      20.394      100.000     2318.824    10702.281
      21.414      100.000     2518.629    10902.281
      22.433       99.000     2830.840    11214.281
      23.453      101.000     3018.324    11401.281
      24.473      100.000     3333.371    11716.281
      25.493      100.000     3531.113    11914.281
      26.513      100.000     3858.277    12241.281
      27.532      100.000     4054.012    12437.281
      28.551      100.100     4379.371    12762.281
      29.571      100.000     4614.949    12998.281
      30.591       99.000     4904.332    13287.281
      31.609      100.100     5235.879    13619.281
      32.629      101.000     5453.750    13837.281
      33.649       99.000     5768.059    14151.281
      34.669      100.000     6100.895    14484.281
      35.688      100.000     6416.457    14800.281
      36.708      100.000     6598.270    14981.281
      37.728      100.000     6914.090    15297.281
      38.748      100.000     7242.027    15625.281
      39.767      100.000     7570.738    15954.281
      40.787       99.000     7763.895    16147.281
      41.807      101.000     8097.762    16481.281
      42.826      100.100     8417.707    16801.281
      43.846       99.000     8536.551    16931.348
      44.866      100.000     8667.441    24758.785
      45.886      100.000    10061.441    24758.785
      46.905      100.100    11501.441    24758.785
      47.925      100.000    13263.441    24758.785
      48.945      100.000    15023.441    24758.785
      49.965      101.000    16376.016    24758.785
      50.986      100.000    16376.016    24758.785
      52.006      100.000    16447.465    25634.305
      53.026       99.000    16867.465    25634.305
      54.046      101.000    17251.559    25634.305
      55.066       99.000     9460.703    17843.297
      56.086      100.000     9460.707    17843.297
      57.106      101.000     9872.082    18426.977
      58.126      100.000     9518.133    17901.020
      59.146      100.000     9527.250    17910.652
      60.165      100.000     9539.551    17923.242
      61.185      100.000     9539.551    17923.242
      62.205      100.000     9545.738    17928.598
      63.225      100.000     9545.738    17928.598
      64.245      100.000     9545.738    17928.598
      65.264      100.000     9616.551    18014.711
      66.284      100.000    10536.461    19320.668
      67.304      100.000    11377.520    20430.789
      68.324      100.000    12321.629    21693.082
      69.344      100.000    12890.188    22377.742
      70.364      100.000    13097.020    22458.410
      71.383      101.000    13146.469    22458.410
      72.404       99.000    13187.887    22475.762
      73.424      101.000    13240.836    22514.723
      74.444      100.000    13317.758    22535.098
      75.463      100.000    13412.449    22608.113
      76.483      100.000    13516.684    22774.629
      77.503      100.000    14492.352    23685.133
      78.523      100.000    13909.441    22961.629
      79.542      100.100    14594.637    23449.098
      80.561      100.100    14408.047    23158.555
      81.581      100.000    15268.684    24023.984
      82.601      100.000    14744.746    23340.273
      83.621      100.000    15087.391    23510.152
      84.641      100.000    16055.977    24501.812
      85.661      101.000    15042.957    23446.262
      86.680       99.100    15261.762    23662.176
      87.700      100.000    14563.402    22963.938
      88.720      100.000    15553.613    23954.004
      89.740      101.000    15740.223    24137.520
      90.759      100.000    14859.859    23257.164
      91.779       99.000    15548.918    23954.398
      92.799      100.000    15994.672    24447.270
      93.819      100.000    15074.477    23471.879
      94.839      101.000    15255.805    23653.020
      95.859      100.000    15782.371    24237.730
      96.879      100.000    14967.594    23365.223
      97.900       99.900    15170.504    23623.945
      98.921       99.900    15849.344    24246.762
      99.942      100.900    15207.301    23662.848
     100.961      100.000    15870.273    24272.406
     101.981      100.000    16080.492    24477.828
     103.002      100.000    14982.773    23380.004
     104.021      100.000    15585.871    23983.320
     105.042       99.900    16095.539    24493.004
     106.062      100.000    16480.676    24878.371
     107.081      100.100    15875.871    24273.484
     108.101      100.000    16234.344    24632.055
     109.121       99.900    17075.441    25528.160
     110.142      100.000    15435.117    23832.586
     111.162      101.000    15792.434    24259.320
     112.182      100.000    16023.746    24421.465
     113.202      100.000    15747.355    24144.832
     114.221      100.000    16187.871    24585.082
     115.241      100.000    16492.879    24890.277
     116.261      100.000    15920.191    24317.605
     117.282       99.900    16470.188    24867.602
     118.302      100.000    17392.559    25834.969
     119.322      100.000    17594.324    25991.711
     120.342      100.000    16543.457    24942.535
     121.362      100.000    17173.070    25570.492
     122.382      100.000    17353.926    25751.277
     123.402      101.000    16732.242    25135.109
     124.422      100.000    17682.371    26079.875
     125.442       99.000    17971.051    26368.383
     126.461      100.100    16454.695    24846.602
     127.481      101.000    17179.523    25575.695
     128.502       99.900    17496.391    25888.281
     129.522      100.000    18493.680    26959.566
     130.541      100.000    16761.996    25152.332
     131.561      101.100    16969.199    25356.148
     132.581       99.000    17508.594    25892.199
     133.601      101.000    16953.742    25378.672
     134.620       99.000    17297.168    25680.824
     135.640      101.000    17784.227    26167.523
     136.660      100.000    16647.840    25030.918
     137.680      100.000    17197.652    25580.695
     138.700      100.000    17366.809    25749.852
     139.720      100.000    16696.551    25079.586
     140.740      100.000    17259.617    25669.941
     141.760      100.000    17938.598    26321.633
     142.780      100.000    18136.660    26519.477
     143.800      101.000    17560.922    25975.758
     144.820       99.000    18150.211    26533.004
     145.840      100.900    18351.043    26733.832
     146.861      100.000    17057.508    25440.262
     147.881      100.000    17374.234    25778.195
     148.900      100.000    17909.688    26304.402
     149.920      100.000    17884.867    26276.410
     150.940      100.000    18665.648    27056.289
     151.960      100.000    18928.184    27318.227
     152.980      100.000    18986.695    27479.059
     154.000      100.000    18889.020    27303.727
     155.020      100.000    19174.531    27561.383
     156.040      101.000    19432.617    27819.039
     157.060       99.000    16622.035    25006.625
     158.080      100.000    16890.992    25328.281
     159.100      101.000    17097.102    25481.613
     160.120      100.000    17626.609    26011.094
     161.140      100.000    16648.953    25033.324
     162.160       99.000    17009.785    25396.891
     163.179      101.000    17418.977    25803.312
     164.199      100.000    18325.297    26770.543
     165.219      100.000    18746.125    27130.461
     166.239      101.000    17008.906    25393.242
     167.259       99.000    17391.496    25807.598
     168.279      100.000    17795.598    26179.781
     169.299      100.000    16769.113    25153.297
     170.319      101.000    17416.309    25800.492
     171.339       99.000    17716.113    26100.355
     172.359      100.900    17895.418    26279.664
     173.379      100.000    17010.504    25433.629
     174.399      100.000    17328.605    25768.914
     175.419      100.000    18194.453    26578.738
     176.439      100.000    18510.871    26895.207
     177.459      100.000    17032.344    25442.887
     178.479      100.000    17392.938    25833.906
     179.499      100.000    18080.289    26464.285
     180.519      100.000    18270.230    26688.418
     181.539      101.000    16752.617    25135.797
     182.558      100.100    16892.922    25290.723
     183.578       99.000    17347.520    25730.977
     184.597      100.000    17223.621    25607.199
     185.617      100.000    17854.965    26238.797
     186.637      101.000    18336.039    26719.492
     187.658      100.000    18618.359    27001.695
     188.677       99.000    17309.086    25692.422
     189.697      101.000    17309.086    25692.422
     190.717      100.000    17309.086    25692.422
     191.737      100.000    17309.086    25692.422
     192.756      100.100    17163.055    25546.391
     193.776      100.000    17163.055    25546.391
     194.796      100.000    17163.055    25546.391
     195.815      100.000    17163.055    25546.391
     196.835      100.000    17163.055    25546.391
     197.855      100.000    17163.055    25546.391
     198.875      100.000    17163.055    25546.391
     199.895      100.000    17163.055    25546.391
     200.914      100.000    17163.055    25546.391
     201.934      100.000    17163.055    25546.391
     202.954      100.000    17163.055    25546.391
     203.974      100.000    17163.055    25546.391
     204.994      100.000    17163.055    25546.391
     206.013      100.000    17163.055    25546.391
     207.033      100.000    17163.055    25546.391
     208.053      100.000    17163.055    25546.391
     209.073      101.000    17163.055    25546.391
     210.093      100.000    17163.055    25546.391
     211.113      100.000    17163.055    25546.391
     212.133      100.000    17163.055    25546.391
     213.152      100.000    17163.055    25546.391
     214.172      101.000    17163.055    25546.391
     215.192       99.000    17163.055    25546.391
     216.212      100.000    17163.055    25546.391
     217.232       99.900    17163.055    25546.391
     218.252      100.000    17034.227    25417.562
     219.273      101.000    17034.227    25417.562
     220.292      100.000    17034.227    25417.562
     221.312      100.000    17034.227    25417.562
     222.332      100.000    17034.227    25417.562
     223.352      100.000    17034.227    25417.562
     224.372      100.000    17034.227    25417.562
     225.392      100.000    17034.227    25417.562
     226.412      101.000    17034.227    25417.562
     227.432      100.000    17034.227    25417.562
     228.452      100.000    17034.227    25417.562
     229.471      100.000    17034.227    25417.562
     230.492      100.000    17034.227    25417.562
     231.512       99.000    17034.227    25417.562
     232.532      101.000    17034.227    25417.562
     233.550      100.100    17034.227    25417.562
     234.571      100.000    17034.227    25417.562
     235.590      100.000    17034.227    25417.562
     236.610      100.000    17034.227    25417.562
     237.630      100.000    17034.227    25417.562
     238.650      101.000    17034.227    25417.562
     239.670      100.000    17034.227    25417.562
     240.690       99.000    17034.227    25417.562
     241.709      100.000    17034.227    25417.562
     242.729      101.000    17034.227    25417.562
     243.749       99.000    17034.227    25417.562
     244.769      101.000    17034.227    25417.562
     245.789      100.000    17034.227    25417.562
     246.809      100.000    17034.227    25417.562
     247.829      100.000    17034.227    25417.562
     248.849      100.000    17034.227    25417.562
     249.869      100.000    17034.227    25417.562
     250.889      100.000    17034.227    25417.562
     251.909      100.000    17034.227    25417.562
     252.929      101.000    17034.227    25417.562
     253.949      100.000    17034.227    25417.562
     254.969      100.000    17034.227    25417.562
     255.989       99.000    17034.227    25417.562
     257.008      101.000    17034.227    25417.562
     258.028      100.000    17034.227    25417.562
     259.048       99.000    17034.227    25417.562
     260.068      101.000    17034.227    25417.562
     261.088      100.000    17034.227    25417.562
     262.108      100.000    17034.227    25417.562
     263.128      100.000    17034.227    25417.562
     264.147      100.000    17034.227    25417.562
     265.167      100.000    17034.227    25417.562
     266.187      101.000    17034.227    25417.562
     267.207      100.000    17034.227    25417.562
     268.227      100.000    17034.227    25417.562
     269.247      100.000    17034.227    25417.562
     270.267      100.000    17034.227    25417.562
     271.287      100.000    17034.227    25417.562
     272.306      100.000    17034.227    25417.562
     273.326      100.000    17034.227    25417.562
     274.346      100.000    17034.227    25417.562
     275.366      101.000    17034.227    25417.562
     276.386      100.000    17034.227    25417.562
     277.406      100.000    17034.227    25417.562
     278.427      100.000    17034.227    25417.562
     279.446       99.000    17034.227    25417.562
     280.466      100.000    17034.227    25417.562
     281.486      101.000    17034.227    25417.562
     282.506      100.000    17034.227    25417.562
     283.526      100.000    17034.227    25417.562
     284.545      100.100    17034.227    25417.562
     285.563       99.100    17034.227    25417.562
     286.583      101.000    17034.227    25417.562
     287.603      100.000    17034.227    25417.562
     288.623      100.000    17034.227    25417.562
     289.643      100.000    17034.227    25417.562
     290.663      100.000    17034.227    25417.562
     291.683      101.000    17034.227    25417.562
     292.703      100.000    17034.227    25417.562
     293.723       99.000    17034.227    25417.562
     294.743      100.000    17034.227    25417.562
     295.763      101.000    17034.227    25417.562
     296.782      100.000    17034.227    25417.562
     297.802      100.000    17034.227    25417.562
     298.822       99.000    17034.227    25417.562
     299.842      101.000    17034.227    25417.562
     300.862      100.000    17034.227    25417.562
     301.882      100.000    17034.227    25417.562
     302.902      100.000    17034.227    25417.562
     303.922      101.000    17034.227    25417.562
     304.942      100.000    17034.227    25417.562
     305.962       99.000    17034.227    25417.562
     306.982      101.000    17034.227    25417.562
     308.002       99.000    17034.227    25417.562
     309.021      100.000    17034.227    25417.562
     310.041      101.000    17034.227    25417.562
     311.061      100.000    17034.227    25417.562
     312.081      100.000    17034.227    25417.562
     313.101      100.000    17034.227    25417.562
     314.121      100.000    17034.227    25417.562
     315.141      100.000    17034.227    25417.562
     316.161      100.000    17034.227    25417.562
     317.180      100.000    17034.227    25417.562
     318.200      101.000    17034.227    25417.562
     319.220       99.000    17034.227    25417.562
     320.240      101.000    17034.227    25417.562
     321.260      100.000    17034.227    25417.562
     322.280       99.000    17034.227    25417.562
     323.301      100.000    17034.227    25417.562
     324.321      101.000    17088.484    25475.652
     325.341       67.700        0.000        0.000
     326.361      100.000        0.000        0.000
