# Elapsed time   CPU (%)     Real (MB)   Virtual (MB)
       0.000        0.000      111.160     8413.172
       1.019       98.100      190.918     8497.691
       2.039       99.000      206.691     8577.570
       3.060       94.100      332.324     8710.723
       4.080       98.900      339.277     8715.715
       5.101       93.100      358.348     8735.480
       6.121       92.200      438.035     8815.844
       7.142       74.500      559.289     8940.332
       8.164       71.400      569.348     8950.945
       9.185       73.500      570.059     8953.242
      10.206       73.500      570.684     8953.727
      11.228       98.800      610.309     8994.285
      12.248      100.000      693.840     9081.285
      13.268       99.000      767.598     9157.285
      14.288      100.000      892.637     9286.285
      15.308      100.000      998.598     9395.285
      16.328      100.000     1163.590     9566.285
      17.348       99.000     1329.879     9737.285
      18.368      100.000     1506.480     9919.285
      19.388      100.000     1680.504    10099.285
      20.408      100.000     1852.457    10277.285
      21.429       99.000     2110.785    10543.285
      22.449      100.000     2301.824    10741.285
      23.469       99.000     2469.910    10914.285
      24.489      100.000     2754.277    11208.285
      25.509      100.000     2915.668    11374.285
      26.530      100.000     3191.527    11659.285
      27.550       99.000     3361.418    11834.285
      28.570      100.000     3638.566    12120.285
      29.588      100.100     3918.293    12409.285
      30.609       99.000     4091.020    12587.285
      31.629      100.000     4372.551    12878.285
      32.649       99.000     4626.152    13140.285
      33.669      100.000     4821.652    13342.285
      34.689      100.000     5105.762    13635.285
      35.709       99.000     5392.965    13931.285
      36.729      100.000     5565.691    14110.285
      37.749      100.000     5852.637    14406.285
      38.768      100.100     6136.746    14699.285
      39.787       99.100     6246.277    14810.418
      40.807       99.000     6380.840    14968.922
      41.827      100.000     6686.984    20591.395
      42.847      100.000     7743.125    20591.395
      43.868      100.000     8773.965    20591.395
      44.888      100.900    10171.473    20591.395
      45.908      100.000    11581.121    20591.395
      46.929       99.000    12063.160    20591.395
      47.949       92.100    12226.102    21292.031
      48.969      100.000    12647.707    21292.031
      49.989      100.000    12902.156    21433.031
      51.009      100.000     7318.449    15814.051
      52.029      100.000     7552.000    16047.598
      53.049       98.000     7816.211    16300.934
      54.069      101.000     7356.902    15835.828
      55.090      100.000     7366.734    15835.828
      56.110      100.000     7381.172    15835.828
      57.130       99.000     7391.484    15838.398
      58.150      101.000     7838.457    16494.145
      59.170       99.000     8138.488    16811.246
      60.190      100.000     8329.309    16967.164
      61.210      101.000     8402.234    17005.051
      62.231      100.000     8508.215    17066.953
      63.251      100.000     8613.059    17142.832
      64.271      100.000     9730.203    18454.520
      65.291      100.000    10878.105    19806.445
      66.311      100.000    11630.160    20134.367
      67.331      101.000    12230.246    20790.211
      68.351      100.000    12391.230    20790.211
      69.372      100.000     9084.867    17470.754
      70.392      100.000     9960.977    18353.598
      71.412      100.000    10729.238    19133.598
      72.433      100.000    11494.930    19911.598
      73.453      100.000    12258.312    20685.598
      74.473      100.000    13134.039    21988.441
      75.493      100.000    13903.742    22343.066
      76.513       98.000    13327.328    21767.207
      77.534      100.000    14285.086    22723.930
      78.554      100.000    14470.051    22899.109
      79.574      100.900    15127.961    23548.469
      80.594      100.000    14144.867    22559.641
      81.614      100.000    14778.156    23192.516
      82.635      100.000    15367.645    23829.465
      83.655      100.000    15727.406    24141.086
      84.675      100.000    14197.234    22610.941
      85.695      100.000    14476.656    22888.609
      86.715      100.000    15153.504    23647.863
      87.735      100.100    15944.809    24356.742
      88.755      101.000    14740.379    23151.445
      89.775       99.000    15255.945    23685.918
      90.796      100.000    15465.719    23871.938
      91.816      100.900    14889.207    23295.406
      92.836      100.000    15241.645    23647.734
      93.857      100.000    15681.414    24087.180
      94.877      101.000    16140.848    24558.438
      95.898       98.900    16312.949    24860.672
      96.918      100.900    15367.992    23773.523
      97.939       99.900    15870.180    24302.914
      98.960      100.000    16406.090    24861.305
      99.980       99.900    15450.230    23855.699
     101.001      100.000    15779.180    24184.402
     102.021      101.000    16110.434    24553.301
     103.041       99.000    14862.730    23296.633
     104.062      100.900    15456.340    23867.543
     105.082       99.000    15738.625    24140.316
     106.102      101.000    15932.699    24333.539
     107.123      100.000    14434.812    22835.121
     108.143      100.000    15201.609    23618.363
     109.163       99.900    15548.281    23948.520
     110.184      100.900    15745.844    24145.598
     111.204      100.000    14430.176    22829.828
     112.224       99.000    14977.895    23377.535
     113.245      101.000    15625.973    24041.875
     114.265      100.000    16222.223    24621.832
     115.285      100.000    16439.656    24837.801
     116.305      100.000    14614.062    23012.109
     117.325      100.000    15196.645    23766.531
     118.346      100.900    15667.629    24065.582
     119.366       99.000    16067.590    24464.312
     120.386      100.900    16758.938    25242.926
     121.406      100.000    14649.113    23045.379
     122.426      100.000    15044.434    23437.859
     123.447      100.000    15925.148    24318.551
     124.467      100.000    16082.238    24474.723
     125.487      100.000    14969.957    23362.410
     126.507      100.000    15204.148    23711.465
     127.527      100.000    15955.516    24347.918
     128.548      100.000    16209.348    24601.551
     129.568      101.000    16495.348    24893.984
     130.588      100.000    14808.484    23200.594
     131.609       99.900    15659.309    24098.758
     132.629      100.000    16700.617    25149.660
     133.650      100.000    16757.551    25149.660
     134.670      100.000    17119.355    25508.926
     135.690      101.000    15221.195    23841.520
     136.711       99.000    15624.215    24011.762
     137.730      101.100    15732.418    24119.688
     138.750      100.000    16711.535    25187.598
     139.770      100.000    15399.457    23786.719
     140.791      100.000    15784.863    24203.266
     141.811      100.000    16243.246    24630.270
     142.831      100.000    14276.344    22663.668
     143.851      100.000    14381.930    22769.066
     144.871      100.000    14212.625    22599.664
     145.892      100.000    14212.625    22599.664
     146.912      100.000    14212.625    22599.664
     147.932      100.000    14212.625    22599.664
     148.952      100.000    14212.625    22599.664
     149.972      100.000    14212.625    22599.664
     150.992      101.000    14212.625    22599.664
     152.012      100.000    14212.625    22599.664
     153.033       99.900    14212.625    22599.664
     154.053      100.000    14212.625    22599.664
     155.073      100.000    14212.625    22599.664
     156.093      100.000    14212.625    22599.664
     157.113      100.000    14212.625    22599.664
     158.133      100.000    14212.625    22599.664
     159.154      100.000    14212.625    22599.664
     160.174      100.000    14212.625    22599.664
     161.194      100.000    14212.625    22599.664
     162.214      100.000    14212.625    22599.664
     163.234      100.000    14212.625    22599.664
     164.254      100.000    14212.625    22599.664
     165.274      101.000    14212.625    22599.664
     166.294      100.000    14212.625    22599.664
     167.314      101.000    14212.625    22599.664
     168.334      100.000    14212.625    22599.664
     169.354      100.000    14212.625    22599.664
     170.374      100.000    14212.625    22599.664
     171.394      100.000    14212.625    22599.664
     172.414      100.000    14212.625    22599.664
     173.434      100.000    14212.625    22599.664
     174.454      100.000    14212.625    22599.664
     175.475      100.000    14212.625    22599.664
     176.495      100.000    14212.625    22599.664
     177.515      100.000    14212.625    22599.664
     178.535      100.000    14212.625    22599.664
     179.553      100.200    14212.625    22599.664
     180.573      100.000    14212.625    22599.664
     181.593      100.000    14212.625    22599.664
     182.613      100.000    14212.625    22599.664
     183.634      101.000    14212.625    22599.664
     184.654      100.000    14212.625    22599.664
     185.674      100.000    14212.625    22599.664
     186.694      100.000    14212.625    22599.664
     187.711       99.300    14212.625    22599.664
     188.728      100.300    14212.625    22599.664
     189.745      100.300    14212.625    22599.664
     190.762       99.300    14212.625    22599.664
     191.779      100.300    14212.625    22599.664
     192.796      100.300    14212.625    22599.664
     193.812      101.300    14212.625    22599.664
     194.828       99.400    14212.625    22599.664
     195.844      100.400    14212.664    22599.664
     196.860       99.300    14212.664    22599.664
     197.877      100.300    14212.664    22599.664
     198.894      100.300    14212.781    22599.664
     199.910       71.800        0.000        0.000
