Elapsed_time,CPU,Real_MB,Virtual_MB
0.000,0.000,36.074,12703.809
1.022,95.900,107.238,12701.590
2.052,100.000,143.207,12738.035
3.082,96.100,239.930,12835.863
4.112,97.100,274.688,12870.664
5.142,100.000,390.727,12987.699
6.173,99.000,413.520,13017.484
7.203,99.900,458.535,13062.484
8.234,99.900,504.926,13108.734
9.265,96.000,607.793,13213.086
10.295,95.100,687.422,13293.156
11.326,99.000,690.016,13297.121
12.356,93.100,695.844,13303.930
13.386,97.100,713.527,13322.195
14.416,98.100,714.703,13328.055
15.446,84.400,718.012,13334.855
16.477,79.600,748.000,13366.273
17.507,78.600,777.016,13396.891
18.526,80.500,815.203,13435.277
19.556,81.600,815.828,13436.754
20.576,89.200,818.988,13441.746
21.607,98.900,820.012,13442.746
22.635,83.700,849.504,13483.352
23.664,84.500,961.316,13601.055
24.694,82.500,973.180,13613.273
25.724,83.500,973.871,13614.840
26.754,78.700,974.227,13616.297
27.783,99.100,974.664,13616.297
28.813,77.700,977.027,13655.855
29.832,77.500,992.812,13671.355
30.862,79.600,1016.684,13695.895
31.891,98.100,1054.824,13734.516
32.921,81.600,1055.551,13735.016
33.951,100.000,1055.047,13734.512
34.981,99.100,1220.152,13899.617
36.011,62.100,1278.332,13958.023
37.041,99.100,1307.066,13987.141
38.071,100.000,1307.172,13987.141
39.101,100.000,1392.832,14074.117
40.131,98.100,1393.059,14074.117
41.161,100.000,1393.059,14074.117
42.191,99.900,1393.059,14074.117
43.221,99.100,1393.059,14074.117
44.243,100.800,1393.059,14074.117
45.273,98.100,1498.031,14180.422
46.303,100.000,1498.031,14180.422
47.331,98.200,1498.031,14180.422
48.361,100.000,1498.031,14180.422
49.391,100.000,1567.547,16578.812
50.422,98.900,1687.793,16578.812
51.455,101.700,1691.453,16678.812
52.485,99.000,1698.672,16858.812
53.514,100.000,1698.734,16858.812
54.545,100.000,1707.199,17075.812
55.573,100.200,1717.133,17335.812
56.603,100.000,1729.504,17647.812
57.632,100.000,1743.941,18021.812
58.662,100.100,1761.469,18470.812
59.691,100.100,1782.605,19009.812
60.721,100.000,1782.605,19009.812
61.751,100.000,1807.863,19656.812
62.781,100.000,1838.332,20432.812
63.811,100.000,1874.551,21363.812
64.840,584.700,4404.984,27044.566
65.871,1275.300,10687.512,27044.566
66.902,422.800,5696.699,19967.922
67.932,100.000,6495.660,20766.922
68.963,99.900,6715.051,20985.922
69.993,100.000,7725.418,21996.922
71.024,100.000,7762.301,22033.922
72.054,101.000,9089.262,23360.922
73.084,99.000,9201.926,23472.922
74.114,97.100,9788.465,24059.422
75.145,88.300,9850.242,24101.051
76.174,101.000,9869.578,24102.051
77.204,99.000,10667.613,28281.902
78.234,101.000,12063.613,28281.902
79.264,100.000,13463.613,28281.902
80.295,98.900,14050.820,28281.906
81.326,99.900,14050.914,28281.906
82.357,101.000,14936.934,32461.758
83.386,99.000,15998.934,32461.758
84.416,100.000,17062.934,32461.758
85.446,100.000,18122.934,32461.758
86.476,123.300,18311.953,32540.836
87.506,100.000,19002.113,33229.648
88.536,100.000,19781.406,34023.516
89.565,100.100,20435.652,34669.898
90.595,100.000,18673.598,32900.137
91.625,99.100,19322.020,33587.797
92.654,101.000,20070.383,34296.410
93.684,100.100,18932.938,33191.484
94.714,99.000,19543.137,33768.938
95.743,101.000,19920.359,34141.227
96.772,99.100,19937.145,34141.227
97.802,100.100,19945.312,34141.227
98.832,100.000,18815.641,33011.555
99.861,100.000,18815.641,33011.555
100.890,100.100,18815.641,33011.555
101.921,100.900,18828.195,33041.043
102.951,100.000,18828.195,33041.043
103.980,99.100,19765.078,35766.727
105.011,100.000,21179.078,35766.727
106.041,100.000,22289.168,38492.500
107.071,100.000,23835.168,38492.500
108.101,100.000,24279.703,38492.500
109.130,100.000,24279.750,38492.500
110.160,100.000,25775.168,41218.184
111.190,125.300,27005.230,41218.184
112.220,100.000,27526.227,41738.918
113.250,100.000,27586.703,41799.715
114.279,100.000,27224.574,41444.992
115.309,100.000,27846.801,42098.934
116.339,100.000,27886.379,42098.934
117.368,100.100,27497.984,41710.652
118.398,100.000,27895.332,42107.285
119.427,100.100,27896.102,42107.285
120.457,100.100,27172.934,41382.012
121.486,100.100,27188.258,41382.012
122.515,100.100,27085.195,41278.824
123.545,100.000,28588.930,44004.508
124.574,99.200,29810.879,44004.508
125.603,100.100,30034.930,46730.191
126.633,100.000,30742.930,46730.191
127.663,99.000,31448.930,46730.191
128.693,100.000,32158.930,46730.191
129.723,101.000,32536.512,46730.191
130.752,100.100,32536.512,46730.191
131.782,100.000,29810.879,44004.508
132.812,99.000,30400.297,46730.191
133.842,101.000,31034.297,46730.191
134.872,100.000,31670.297,46730.191
135.902,100.000,32306.297,46730.191
136.932,100.000,32928.930,49455.875
137.962,100.000,33598.930,49455.875
138.992,99.100,34212.930,49455.875
140.021,101.000,34888.930,49455.875
141.051,99.000,35262.156,49455.875
142.082,99.900,35839.820,50042.867
143.112,101.000,36571.621,50766.984
144.141,99.100,32636.242,46827.922
145.171,100.000,32758.078,46949.863
146.200,100.100,33599.488,47791.383
147.230,100.000,34411.039,48602.727
148.260,99.000,34753.930,48930.207
149.290,101.000,34827.621,48930.207
150.319,99.100,32884.219,46984.453
151.348,101.000,32884.219,46984.453
152.378,99.100,32884.219,46984.453
153.408,100.000,27442.586,41533.086
154.437,100.100,27442.586,41533.086
155.467,100.000,27452.348,41533.086
156.497,100.000,27698.914,41782.008
157.527,100.000,28183.949,42275.984
158.557,100.000,28701.332,42849.336
159.586,100.000,29186.984,43402.355
160.616,100.000,30105.953,44314.039
161.645,99.100,30938.113,45168.859
162.675,99.000,30962.113,45168.859
163.705,99.000,30962.180,45168.859
164.734,100.100,30963.594,45169.949
165.764,99.100,31283.316,45483.293
166.793,100.000,30325.398,44519.832
167.823,100.000,30325.586,44519.832
168.852,99.100,30382.516,44574.996
169.881,100.100,30382.516,44574.996
170.911,100.100,30398.816,44574.996
171.941,99.000,30433.648,44607.379
172.971,100.000,30433.676,44607.379
174.001,100.000,30466.641,44640.281
175.030,100.100,30466.656,44640.281
176.060,100.000,30466.656,44640.281
177.089,100.100,30663.852,45142.949
178.119,99.100,31368.938,45542.660
179.148,101.000,30969.227,45142.949
180.178,99.100,31904.871,46078.617
181.208,100.000,32533.230,46706.953
182.237,100.000,32533.230,46706.953
183.267,99.100,31057.641,45231.078
184.296,100.100,31057.895,45231.078
185.325,100.100,31684.348,47956.762
186.355,101.000,33230.348,47956.762
187.385,68.900,33783.645,47956.777
188.415,93.200,33785.051,47956.762
189.445,101.000,31059.371,45231.078
190.474,99.100,31059.531,45231.078
191.504,101.000,31059.531,45231.078
192.534,99.100,31059.535,45231.078
193.562,100.200,29231.543,43403.086
194.592,100.000,29231.543,43403.086
195.621,100.000,29231.543,43403.086
196.651,100.000,29231.543,43403.086
197.681,100.000,29231.543,43403.086
198.711,100.000,29231.543,43403.086
199.741,100.000,29231.543,43403.086
200.771,100.000,29231.543,43403.086
201.801,100.900,29231.543,43403.086
202.831,100.000,29231.543,43403.086
203.861,100.000,29231.543,43403.086
204.890,100.000,29231.543,43403.086
205.920,100.100,29231.543,43403.086
206.949,100.000,29231.543,43403.086
207.979,99.100,29232.094,43403.086
209.008,100.100,29232.094,43403.086
210.038,100.100,29232.461,43403.086
211.067,100.000,29232.543,43403.086
212.097,100.000,29232.914,43403.086
213.127,100.000,29233.895,43403.086
214.157,100.000,29233.918,43403.086
215.186,100.100,29233.973,43403.086
216.216,100.100,29234.059,43403.086
217.245,100.000,29235.750,43403.086
218.275,100.000,29235.750,43403.086
219.304,100.100,29236.613,43403.086
220.334,100.000,29236.637,43403.086
221.363,100.000,29238.070,43403.086
222.393,100.000,29238.070,43403.086
223.422,100.000,29239.289,43403.086
224.452,100.100,29239.289,43403.086
225.481,100.000,29239.387,43403.086
226.511,100.000,29239.387,43403.086
227.540,99.000,29241.172,43403.086
228.568,100.200,29241.172,43403.086
229.598,101.000,29243.234,43403.086
230.627,100.100,29243.234,43403.086
231.658,99.000,29244.754,43403.086
232.688,100.000,29244.754,43403.086
233.717,101.000,29246.105,43403.086
234.746,100.100,29246.105,43403.086
235.776,100.000,29247.371,43403.086
236.806,99.100,29247.371,43403.086
237.836,100.000,29247.941,43403.086
238.865,101.000,29248.598,43403.086
239.895,100.000,29248.598,43403.086
240.925,100.000,29248.598,43403.086
241.954,100.000,29248.598,43403.086
242.984,100.100,29248.598,43403.086
244.013,100.000,29248.598,43403.086
245.043,99.100,29248.598,43403.086
246.072,100.000,29248.598,43403.086
247.102,100.100,29248.598,43403.086
248.131,100.000,29248.598,43403.086
249.161,100.100,29248.598,43403.086
250.190,100.000,29248.598,43403.086
251.220,100.100,29248.598,43403.086
252.249,100.000,29248.598,43403.086
253.279,100.000,29248.598,43403.086
254.309,100.000,29248.598,43403.086
255.338,100.100,29248.672,43403.086
256.368,100.000,29248.672,43403.086
257.397,100.100,29248.672,43403.086
258.427,100.000,29248.672,43403.086
259.457,100.000,29248.672,43403.086
260.487,100.000,29248.672,43403.086
261.518,100.000,29248.672,43403.086
262.548,100.000,29248.672,43403.086
263.576,100.200,29248.762,43403.086
264.605,100.100,29248.762,43403.086
265.635,100.000,29248.762,43403.086
266.664,100.000,29248.762,43403.086
267.694,100.100,29248.762,43403.086
268.723,100.000,29248.762,43403.086
269.753,100.000,29248.762,43403.086
270.782,100.000,29248.762,43403.086
271.812,99.000,29248.762,43403.086
272.842,100.000,29248.762,43403.086
273.872,100.100,29248.762,43403.086
274.901,100.100,29248.762,43403.086
275.931,100.000,29248.762,43403.086
276.960,100.000,29248.762,43403.086
277.990,100.100,29248.762,43403.086
279.020,100.000,29248.762,43403.086
280.049,100.000,29248.762,43403.086
281.079,100.000,29248.762,43403.086
282.108,100.000,29248.762,43403.086
283.138,100.000,29248.762,43403.086
284.168,100.000,29248.762,43403.086
285.198,100.000,29248.766,43403.086
286.227,100.100,29248.766,43403.086
287.257,100.000,29248.766,43403.086
288.286,100.100,29248.766,43403.086
289.316,100.000,29248.766,43403.086
290.346,100.000,29248.766,43403.086
291.376,99.900,29248.766,43403.086
292.406,100.000,29248.766,43403.086
293.436,100.000,29248.766,43403.086
294.465,100.100,29248.766,43403.086
295.495,100.000,29248.766,43403.086
296.525,100.000,29248.766,43403.086
297.555,100.000,29248.766,43403.086
298.584,100.100,29248.766,43403.086
299.614,100.000,29248.766,43403.086
300.643,100.100,29248.766,43403.086
301.673,100.000,29248.766,43403.086
302.702,100.100,29248.766,43403.086
303.732,100.000,29248.766,43403.086
304.762,100.000,29248.766,43403.086
305.792,100.000,29248.766,43403.086
306.822,100.000,29248.766,43403.086
307.851,99.100,29248.766,43403.086
308.881,100.100,29248.766,43403.086
309.910,101.000,29248.766,43403.086
310.940,100.000,29248.766,43403.086
311.970,99.100,29248.766,43403.086
312.999,100.000,29248.766,43403.086
314.029,100.000,29248.766,43403.086
315.058,101.000,29248.766,43403.086
316.088,100.100,29248.766,43403.086
317.117,99.100,29248.766,43403.086
318.147,100.000,29248.766,43403.086
319.177,100.100,29248.766,43403.086
320.206,100.000,29248.766,43403.086
321.236,100.100,29248.766,43403.086
322.266,100.000,29248.766,43403.086
323.295,101.000,29248.766,43403.086
324.324,100.100,29248.766,43403.086
325.354,100.000,29248.766,43403.086
326.383,100.100,29248.766,43403.086
327.413,100.100,29248.766,43403.086
328.442,99.100,29248.891,43403.086
329.471,100.100,29248.914,43403.086
330.500,100.100,29248.934,43403.086
331.530,100.100,29248.934,43403.086
332.558,100.200,29248.934,43403.086
333.588,100.000,29248.934,43403.086
334.618,100.000,29248.934,43403.086
335.647,99.100,29248.934,43403.086
336.677,100.000,29248.934,43403.086
337.706,100.100,29248.934,43403.086
338.735,100.100,29248.934,43403.086
339.765,100.000,29248.934,43403.086
340.794,101.000,29248.934,43403.086
341.824,100.000,29248.934,43403.086
342.853,100.000,29248.934,43403.086
343.883,100.100,29248.934,43403.086
344.912,100.100,29248.934,43403.086
345.942,100.000,29248.934,43403.086
346.971,100.100,29248.934,43403.086
348.000,100.100,29248.934,43403.086
349.030,99.100,29248.934,43403.086
350.059,100.100,29248.934,43403.086
351.089,100.100,29248.934,43403.086
352.119,100.000,29248.934,43403.086
353.149,100.000,29248.934,43403.086
354.178,100.100,29248.934,43403.086
355.207,100.100,29248.934,43403.086
356.236,100.100,29248.934,43403.086
357.265,100.100,29248.934,43403.086
358.295,100.000,29248.934,43403.086
359.324,99.100,29248.934,43403.086
360.353,100.100,29248.934,43403.086
361.383,100.100,29248.934,43403.086
362.412,101.000,29248.934,43403.086
363.442,100.000,29248.934,43403.086
364.471,100.100,29248.934,43403.086
365.500,100.100,29248.934,43403.086
366.529,100.100,29248.934,43403.086
367.558,100.100,29248.934,43403.086
368.588,99.100,29248.934,43403.086
369.617,100.100,29248.934,43403.086
370.646,100.100,29248.934,43403.086
371.676,100.100,29248.934,43403.086
372.705,100.100,29302.309,43451.824
373.734,100.100,29304.379,43451.824
374.764,100.000,29304.379,43451.824
375.794,100.100,29304.379,43451.824
376.823,100.100,29317.762,43451.824
377.853,100.100,29336.379,43451.824
378.882,100.100,29336.418,43451.824
379.911,99.100,29344.605,43451.824
380.941,101.000,29355.957,43451.824
381.971,100.000,29355.965,43451.824
383.001,100.000,29365.305,43451.824
384.030,100.100,29372.594,43451.824
385.059,100.100,29372.637,43451.824
386.088,100.100,29383.031,43451.824
387.117,100.100,29384.215,43451.824
388.147,99.100,29384.359,43451.824
389.176,100.100,29395.645,43451.824
390.205,100.100,29395.656,43451.824
391.235,101.000,29395.844,43451.824
392.264,99.100,29404.730,43451.824
393.294,100.100,29404.730,43451.824
394.324,100.000,29404.938,43451.824
395.353,101.000,29411.605,43451.824
396.383,100.000,29411.629,43451.824
397.412,99.100,29416.266,43451.824
398.442,100.000,29416.434,43451.824
399.472,100.000,29416.469,43451.824
400.501,100.000,29421.379,43451.824
401.531,100.100,29421.379,43451.824
402.559,100.100,29421.406,43451.824
403.588,100.100,29426.461,43451.824
404.618,100.000,29426.461,43451.824
405.647,100.100,29426.672,43451.824
406.677,100.100,29427.867,43451.824
407.706,100.000,29427.867,43451.824
408.736,100.000,29431.078,43451.824
409.766,100.000,29431.078,43451.824
410.796,100.000,29431.078,43451.824
411.826,100.000,29432.223,43451.824
412.855,100.000,29432.223,43451.824
413.885,100.000,29432.453,43451.824
414.914,100.100,29433.895,43451.824
415.943,100.100,29433.895,43451.824
416.973,100.100,29435.473,43451.824
418.002,100.100,29435.473,43451.824
419.032,100.000,29435.535,43451.824
420.061,99.100,29436.133,43451.824
421.091,100.100,29436.223,43451.824
422.120,100.100,29438.609,43451.824
423.149,100.100,29440.207,43451.824
424.178,100.100,29440.207,43451.824
425.208,100.100,29442.770,43451.824
426.237,100.100,29442.770,43451.824
427.267,100.000,29442.801,43451.824
428.296,100.100,29444.223,43451.824
429.325,100.100,29444.223,43451.824
430.355,100.100,29444.223,43451.824
431.384,99.100,29445.711,43451.824
432.413,100.000,29445.711,43451.824
433.443,101.000,29447.785,43451.824
434.472,100.100,29447.785,43451.824
435.502,100.000,29447.785,43451.824
436.531,99.100,29448.133,43451.824
437.560,100.200,29448.133,43451.824
438.589,100.100,29448.133,43451.824
439.618,100.100,29448.156,43451.824
440.647,100.100,29448.156,43451.824
441.678,100.000,29448.156,43451.824
442.707,100.100,29448.156,43451.824
443.736,100.100,29448.156,43451.824
444.766,100.100,29449.969,43451.824
445.795,100.100,29449.969,43451.824
446.825,100.000,29450.059,43451.824
447.854,100.100,29451.078,43451.824
448.883,100.100,29451.078,43451.824
449.913,100.100,29451.820,43451.824
450.941,100.200,29451.820,43451.824
451.970,100.000,29451.820,43451.824
453.000,100.100,29453.477,43451.824
454.029,100.100,29453.477,43451.824
455.059,99.000,29455.465,43451.824
456.089,101.000,29457.070,43451.824
457.119,100.000,29457.070,43451.824
458.148,100.000,29457.102,43451.824
459.177,100.100,29457.102,43451.824
460.207,100.000,29457.102,43451.824
461.236,99.100,29457.961,43451.824
462.265,100.100,29457.973,43451.824
463.295,100.000,29461.359,43451.824
464.325,100.000,29461.359,43451.824
465.354,100.100,29461.359,43451.824
466.384,100.000,29461.359,43451.824
467.413,100.100,29461.359,43451.824
468.442,100.100,29461.359,43451.824
469.471,100.100,29461.359,43451.824
470.501,100.100,29461.359,43451.824
471.531,100.000,29461.359,43451.824
472.560,100.100,29461.359,43451.824
473.590,100.000,29461.402,43451.824
474.619,100.000,29461.402,43451.824
475.649,100.000,29461.402,43451.824
476.679,100.000,29462.734,43451.824
477.708,100.000,29462.734,43451.824
478.738,100.000,29466.883,43451.824
479.768,100.000,29467.391,43451.824
480.797,100.100,29467.391,43451.824
481.827,100.000,29471.469,43451.824
482.857,100.000,29471.469,43451.824
483.887,100.000,29471.469,43451.824
484.917,100.000,29475.035,43451.824
485.946,100.000,29475.035,43451.824
486.976,99.100,29475.086,43451.824
488.006,101.000,29476.707,43451.824
489.035,100.000,29476.707,43451.824
490.065,100.000,29479.973,43451.824
491.095,100.000,29479.973,43451.824
492.124,100.000,29479.973,43451.824
493.154,100.000,29479.973,43451.824
494.184,100.000,29479.973,43451.824
495.213,100.100,29479.973,43451.824
496.243,100.100,29479.973,43451.824
497.272,100.000,29479.973,43451.824
498.302,100.000,29479.973,43451.824
499.331,100.000,29479.973,43451.824
500.361,100.000,29479.973,43451.824
501.392,99.900,29480.020,43451.824
502.422,100.000,29480.020,43451.824
503.451,100.000,29480.020,43451.824
504.481,100.000,29480.020,43451.824
505.510,100.100,29480.020,43451.824
506.540,100.000,29480.020,43451.824
507.569,100.200,29480.020,43451.824
508.598,100.000,29480.020,43451.824
509.628,100.000,29480.020,43451.824
510.658,100.000,29480.020,43451.824
511.688,100.000,29480.109,43451.824
512.718,100.000,29480.109,43451.824
513.748,100.000,29480.109,43451.824
514.777,100.100,29480.109,43451.824
515.808,99.900,29480.109,43451.824
516.838,100.000,29480.109,43451.824
517.867,100.000,29480.109,43451.824
518.897,100.000,29480.109,43451.824
519.927,100.000,29480.109,43451.824
520.957,100.000,29480.109,43451.824
521.987,100.000,29480.109,43451.824
523.017,99.100,29481.781,43451.824
524.046,100.000,29481.781,43451.824
525.076,100.000,29481.781,43451.824
526.106,100.000,29482.133,43451.824
527.135,100.000,29482.133,43451.824
528.165,101.000,29483.141,43451.824
529.194,100.000,29483.141,43451.824
530.224,100.000,29483.141,43451.824
531.254,99.100,29483.867,43451.824
532.285,99.900,29483.867,43451.824
533.314,100.000,29483.867,43451.824
534.344,100.000,29485.625,43451.824
535.374,100.000,29485.625,43451.824
536.403,100.000,29485.996,43451.824
537.433,100.000,29485.996,43451.824
538.463,100.000,29485.996,43451.824
539.493,100.000,29485.996,43451.824
540.523,100.000,29485.996,43451.824
541.553,101.000,29486.043,43451.824
542.582,100.100,29486.043,43451.824
543.611,100.000,29486.043,43451.824
544.641,99.100,29487.809,43451.824
545.671,100.000,29487.809,43451.824
546.700,100.000,29487.809,43451.824
547.730,100.000,29487.867,43451.824
548.760,100.000,29487.867,43451.824
549.790,100.000,29487.934,43451.824
550.820,100.000,29487.934,43451.824
551.850,100.000,29487.934,43451.824
552.879,100.000,29487.934,43451.824
553.909,100.000,29487.934,43451.824
554.939,100.000,29487.934,43451.824
555.969,100.000,29487.934,43451.824
556.999,100.000,29487.934,43451.824
558.028,100.000,29487.934,43451.824
559.058,100.000,29487.934,43451.824
560.088,100.000,29487.934,43451.824
561.118,100.000,29487.934,43451.824
562.148,99.900,29487.934,43451.824
563.178,100.000,29487.934,43451.824
564.208,100.000,29487.934,43451.824
565.237,100.100,29487.934,43451.824
566.267,100.000,29487.934,43451.824
567.297,100.000,29487.934,43451.824
568.327,100.000,29487.965,43451.824
569.356,100.100,29487.965,43451.824
570.386,100.000,29487.965,43451.824
571.415,100.000,29487.965,43451.824
572.445,100.000,29487.965,43451.824
573.474,100.100,29487.988,43451.824
574.504,100.000,29487.988,43451.824
575.534,100.000,29487.988,43451.824
576.562,100.200,29487.988,43451.824
577.592,100.000,29487.988,43451.824
578.621,100.000,29487.988,43451.824
579.651,100.000,29487.988,43451.824
580.681,100.000,29487.988,43451.824
581.710,100.000,29488.000,43451.824
582.740,100.000,29488.000,43451.824
583.770,100.000,29488.000,43451.824
584.800,100.000,29488.000,43451.824
585.830,100.000,29488.008,43451.824
586.859,100.000,29488.008,43451.824
587.889,100.000,29488.008,43451.824
588.919,100.000,29488.008,43451.824
589.948,100.000,29488.008,43451.824
590.978,99.100,29542.504,43504.125
592.008,100.000,29542.504,43504.125
593.038,100.000,29546.613,43504.125
594.068,100.000,29550.645,43504.125
595.098,100.000,29550.645,43504.125
596.128,101.000,29557.453,43504.125
597.158,100.000,29557.465,43504.125
598.188,100.000,29557.465,43504.125
599.218,100.000,29562.746,43504.125
600.248,100.000,29562.758,43504.125
601.278,100.000,29562.758,43504.125
602.308,100.000,29567.039,43504.125
603.338,100.000,29567.039,43504.125
604.367,100.000,29567.051,43504.125
605.397,100.000,29567.066,43504.125
606.427,100.000,29567.066,43504.125
607.457,100.000,29567.066,43504.125
608.488,100.000,29567.121,43504.125
609.517,100.000,29567.121,43504.125
610.547,100.000,29567.223,43504.125
611.576,100.100,29567.223,43504.125
612.606,100.000,29567.223,43504.125
613.636,100.000,29567.223,43504.125
614.666,100.000,29567.223,43504.125
615.695,100.000,29567.223,43504.125
616.725,100.000,29567.223,43504.125
617.755,100.000,29567.223,43504.125
618.785,100.000,29567.223,43504.125
619.815,100.000,29567.223,43504.125
620.845,100.000,29567.223,43504.125
621.875,99.900,29567.223,43504.125
622.905,100.000,29567.223,43504.125
623.935,100.000,29567.223,43504.125
624.964,100.000,29567.223,43504.125
625.994,100.000,29567.223,43504.125
627.024,100.000,29567.223,43504.125
628.053,100.000,29567.223,43504.125
629.083,100.000,29567.223,43504.125
630.112,100.000,29567.465,43504.125
631.142,100.000,29567.465,43504.125
632.172,100.000,29567.465,43504.125
633.202,100.000,29567.746,43504.125
634.231,100.100,29567.746,43504.125
635.261,100.000,29567.746,43504.125
636.290,100.000,29568.617,43504.125
637.321,100.000,29568.629,43504.125
638.350,100.000,29568.742,43504.125
639.380,100.000,29568.742,43504.125
640.410,100.000,29568.742,43504.125
641.439,100.000,29572.082,43504.125
642.469,100.000,29572.082,43504.125
643.499,100.000,29572.082,43504.125
644.529,100.000,29573.949,43504.125
645.558,100.100,29573.961,43504.125
646.587,100.000,29573.961,43504.125
647.617,99.100,29574.691,43504.125
648.647,100.000,29574.691,43504.125
649.676,100.000,29576.184,43504.125
650.706,100.000,29576.184,43504.125
651.737,99.900,29576.184,43504.125
652.767,101.000,29578.227,43504.125
653.796,100.100,29578.227,43504.125
654.826,100.000,29578.227,43504.125
655.855,99.100,29578.344,43504.125
656.884,100.100,29578.344,43504.125
657.914,100.000,29578.344,43504.125
658.944,100.000,29578.344,43504.125
659.973,100.000,29578.344,43504.125
661.003,100.000,29578.344,43504.125
662.032,100.100,29578.344,43504.125
663.061,100.100,29578.344,43504.125
664.091,100.000,29578.441,43504.125
665.121,100.100,29578.441,43504.125
666.150,100.000,29578.441,43504.125
667.180,100.000,29578.441,43504.125
668.209,100.000,29578.441,43504.125
669.239,100.000,29578.441,43504.125
670.268,100.000,29578.441,43504.125
671.298,100.000,29578.441,43504.125
672.328,100.000,29578.441,43504.125
673.357,100.000,29578.441,43504.125
674.387,100.000,29578.441,43504.125
675.417,100.100,29578.441,43504.125
676.446,100.000,29578.441,43504.125
677.476,100.000,29578.441,43504.125
678.506,99.100,29578.441,43504.125
679.535,100.000,29578.441,43504.125
680.563,100.200,29578.441,43504.125
681.594,100.000,29578.441,43504.125
682.624,100.000,29578.441,43504.125
683.653,100.000,29578.441,43504.125
684.683,100.000,29578.441,43504.125
685.713,100.000,29578.441,43504.125
686.742,100.000,29578.441,43504.125
687.772,100.000,29578.441,43504.125
688.802,100.000,29578.441,43504.125
689.831,100.000,29578.441,43504.125
690.861,100.000,29578.441,43504.125
691.890,100.000,29578.441,43504.125
692.920,100.100,29578.441,43504.125
693.949,100.100,29578.441,43504.125
694.979,100.000,29578.441,43504.125
696.009,100.000,29579.652,43504.125
697.038,100.100,29579.652,43504.125
698.069,99.900,29579.652,43504.125
699.099,100.000,29581.328,43504.125
700.128,100.000,29581.328,43504.125
701.158,100.000,29581.328,43504.125
702.187,100.000,29582.867,43504.125
703.217,100.000,29582.867,43504.125
704.246,100.000,29582.957,43504.125
705.276,100.000,29584.102,43504.125
706.306,100.000,29584.125,43504.125
707.336,100.000,29584.996,43504.125
708.366,100.000,29584.996,43504.125
709.395,100.000,29584.996,43504.125
710.425,100.000,29586.191,43504.125
711.455,100.000,29586.191,43504.125
712.485,100.000,29586.191,43504.125
713.515,100.000,29586.980,43504.125
714.545,100.000,29586.980,43504.125
715.573,100.200,29587.016,43504.125
716.603,100.000,29587.035,43504.125
717.633,100.000,29587.035,43504.125
718.662,100.100,29588.469,43504.125
719.692,100.000,29539.730,43455.387
720.723,99.900,29539.730,43455.387
721.752,100.100,29539.730,43455.387
722.782,100.000,29539.738,43455.387
723.811,100.000,29539.738,43455.387
724.841,100.000,29539.738,43455.387
725.871,100.000,29539.738,43455.387
726.900,100.100,29539.738,43455.387
727.929,100.100,29539.738,43455.387
728.959,100.000,29539.738,43455.387
729.989,100.000,29539.738,43455.387
731.019,100.000,29539.738,43455.387
732.048,100.000,29539.738,43455.387
733.078,100.000,29539.738,43455.387
734.108,100.000,29539.738,43455.387
735.138,100.000,29539.738,43455.387
736.168,100.000,29539.738,43455.387
737.197,100.000,29539.738,43455.387
738.227,100.000,29539.738,43455.387
739.257,99.100,29539.746,43455.387
740.286,100.100,29539.746,43455.387
741.316,100.000,29539.746,43455.387
742.346,99.900,29539.746,43455.387
743.376,100.000,29539.746,43455.387
744.406,100.000,29539.746,43455.387
745.436,100.000,29539.746,43455.387
746.465,100.100,29539.746,43455.387
747.495,100.000,29539.746,43455.387
748.524,100.100,29539.746,43455.387
749.554,100.000,29539.746,43455.387
750.584,100.000,29539.746,43455.387
751.614,100.000,29539.746,43455.387
752.643,100.000,29539.746,43455.387
753.673,100.000,29539.746,43455.387
754.703,100.000,29539.746,43455.387
755.732,100.000,29539.746,43455.387
756.762,100.000,29539.746,43455.387
757.791,100.000,29539.746,43455.387
758.822,100.000,29539.746,43455.387
759.851,100.000,29539.746,43455.387
760.881,100.000,29539.746,43455.387
761.911,100.000,29539.746,43455.387
762.941,100.000,29539.746,43455.387
763.971,100.000,29539.746,43455.387
765.000,100.100,29539.746,43455.387
766.030,100.000,29539.746,43455.387
767.059,100.000,29539.746,43455.387
768.089,100.000,29539.746,43455.387
769.119,100.000,29539.746,43455.387
770.149,100.000,29539.746,43455.387
771.179,100.000,29539.746,43455.387
772.210,99.900,29539.746,43455.387
773.240,100.000,29539.789,43455.387
774.269,100.100,29539.789,43455.387
775.299,101.000,29542.383,43455.387
776.328,100.100,29543.238,43455.387
777.358,100.100,29543.238,43455.387
778.387,100.000,29544.727,43455.387
779.417,100.000,29544.727,43455.387
780.447,100.000,29544.727,43455.387
781.476,99.100,29544.750,43455.387
782.506,100.000,29544.750,43455.387
783.536,100.000,29544.750,43455.387
784.564,100.200,29544.750,43455.387
785.593,100.100,29544.750,43455.387
786.623,100.000,29544.750,43455.387
787.652,100.000,29544.750,43455.387
788.682,100.000,29544.750,43455.387
789.711,100.000,29544.750,43455.387
790.741,100.000,29544.750,43455.387
791.770,100.000,29544.750,43455.387
792.800,100.000,29544.750,43455.387
793.830,100.000,29544.750,43455.387
794.859,100.000,29544.750,43455.387
795.889,100.000,29544.750,43455.387
796.918,100.000,29544.750,43455.387
797.948,100.000,29544.750,43455.387
798.978,100.000,29544.750,43455.387
800.008,100.000,29544.750,43455.387
801.037,100.000,29544.750,43455.387
802.068,100.000,29544.750,43455.387
803.097,100.000,29544.750,43455.387
804.127,100.000,29544.750,43455.387
805.156,100.100,29544.750,43455.387
806.186,100.100,29544.750,43455.387
807.215,100.000,29544.750,43455.387
808.245,100.000,29544.750,43455.387
809.274,100.000,29544.750,43455.387
810.304,100.000,29544.750,43455.387
811.333,100.100,29544.750,43455.387
812.363,100.000,29544.750,43455.387
813.392,99.100,29579.375,43489.957
814.422,100.000,29579.375,43489.957
815.452,100.000,29579.375,43489.957
816.481,100.000,29579.375,43489.957
817.511,100.000,29579.375,43489.957
818.541,100.000,29579.375,43489.957
819.570,100.100,29579.375,43489.957
820.599,100.100,29579.375,43489.957
821.629,100.000,29579.375,43489.957
822.658,100.000,29579.375,43489.957
823.688,100.000,29579.375,43489.957
824.718,100.000,29579.375,43489.957
825.748,100.000,29579.375,43489.957
826.777,100.000,29579.375,43489.957
827.807,100.000,29579.375,43489.957
828.836,100.100,29579.375,43489.957
829.866,100.100,29579.375,43489.957
830.895,100.000,29579.375,43489.957
831.926,99.900,29579.375,43489.957
832.956,100.000,29579.375,43489.957
833.985,100.000,29579.375,43489.957
835.015,100.000,29579.375,43489.957
836.045,100.000,29579.375,43489.957
837.074,100.000,29579.375,43489.957
838.104,100.000,29579.375,43489.957
839.133,99.100,29579.375,43489.957
840.163,100.000,29579.375,43489.957
841.192,100.100,29579.375,43489.957
842.222,100.000,29579.375,43489.957
843.251,100.100,29579.375,43489.957
844.281,101.000,29579.375,43489.957
845.311,100.000,29579.375,43489.957
846.341,100.000,29579.375,43489.957
847.370,100.000,29579.375,43489.957
848.400,100.000,29579.375,43489.957
849.430,100.000,29579.375,43489.957
850.459,100.100,29579.375,43489.957
851.489,100.000,29579.375,43489.957
852.518,100.000,29579.375,43489.957
853.548,100.000,29579.375,43489.957
854.576,100.200,29579.375,43489.957
855.606,100.000,29579.375,43489.957
856.636,100.000,29579.375,43489.957
857.665,100.100,29579.375,43489.957
858.695,100.000,29579.375,43489.957
859.724,100.100,29579.375,43489.957
860.754,100.000,29579.375,43489.957
861.784,100.000,29579.375,43489.957
862.814,100.000,29579.375,43489.957
863.844,100.000,29579.375,43489.957
864.874,100.000,29579.375,43489.957
865.903,100.100,29579.375,43489.957
866.933,100.000,29579.375,43489.957
867.963,100.000,29579.375,43489.957
868.992,100.000,29579.375,43489.957
870.022,100.000,29579.375,43489.957
871.052,100.000,29579.375,43489.957
872.081,100.000,29579.375,43489.957
873.111,100.000,29579.375,43489.957
874.141,100.000,29579.375,43489.957
875.170,100.000,29579.375,43489.957
876.200,100.100,29579.375,43489.957
877.229,100.000,29579.375,43489.957
878.259,100.000,29579.375,43489.957
879.288,100.100,29579.375,43489.957
880.319,99.900,29579.375,43489.957
881.349,100.000,29579.375,43489.957
882.379,100.000,29579.375,43489.957
883.409,100.000,29579.375,43489.957
884.439,100.000,29579.375,43489.957
885.468,100.100,29579.375,43489.957
886.498,100.000,29579.375,43489.957
887.527,100.000,29579.375,43489.957
888.556,99.100,29579.375,43489.957
889.586,100.000,29579.375,43489.957
890.616,100.000,29579.375,43489.957
891.646,100.000,29579.375,43489.957
892.676,100.000,29579.375,43489.957
893.705,100.100,29579.375,43489.957
894.735,100.000,29579.375,43489.957
895.764,100.000,29579.375,43489.957
896.794,100.000,29579.375,43489.957
897.823,100.100,29579.375,43489.957
898.853,100.000,29579.375,43489.957
899.882,100.000,29579.375,43489.957
900.912,100.100,29579.375,43489.957
901.941,100.000,29579.375,43489.957
902.971,100.100,29579.375,43489.957
904.000,100.100,29579.375,43489.957
905.030,100.000,29579.375,43489.957
906.059,100.100,29579.375,43489.957
907.089,100.000,29579.383,43489.957
908.118,100.000,29579.383,43489.957
909.148,100.000,29579.383,43489.957
910.177,100.000,29579.383,43489.957
911.207,100.000,29579.383,43489.957
912.237,100.000,29579.383,43489.957
913.266,100.100,29579.383,43489.957
914.296,100.000,29579.383,43489.957
915.325,99.100,29579.383,43489.957
916.355,100.100,29579.383,43489.957
917.384,100.000,29579.383,43489.957
918.414,100.000,29579.383,43489.957
919.444,100.000,29579.383,43489.957
920.474,100.000,29579.383,43489.957
921.504,100.000,29579.383,43489.957
922.534,100.000,29579.383,43489.957
923.562,100.200,29579.383,43489.957
924.591,100.100,29579.383,43489.957
925.621,100.100,29579.383,43489.957
926.650,100.000,29579.383,43489.957
927.680,100.000,29579.383,43489.957
928.710,100.100,29579.383,43489.957
929.739,100.000,29579.383,43489.957
930.769,100.000,29579.383,43489.957
931.798,100.100,29579.383,43489.957
932.828,100.000,29579.383,43489.957
933.857,100.100,29579.383,43489.957
934.887,100.100,29579.383,43489.957
935.916,100.000,29579.383,43489.957
936.946,100.000,29579.383,43489.957
937.976,100.000,29579.383,43489.957
939.005,100.000,29579.383,43489.957
940.035,100.000,29579.383,43489.957
941.065,100.000,29579.383,43489.957
942.095,99.100,29579.383,43489.957
943.124,100.000,29579.383,43489.957
944.154,100.000,29579.383,43489.957
945.183,100.100,29579.383,43489.957
946.213,100.000,29579.383,43489.957
947.242,100.100,29579.383,43489.957
948.272,100.000,29579.383,43489.957
949.302,100.000,29579.383,43489.957
950.331,100.000,29579.383,43489.957
951.363,99.900,29579.383,43489.957
952.393,100.000,29579.383,43489.957
953.422,100.100,29579.383,43489.957
954.451,100.100,29579.383,43489.957
955.481,100.000,29579.383,43489.957
956.511,100.000,29579.383,43489.957
957.540,100.000,29579.383,43489.957
958.568,100.200,29579.383,43489.957
959.598,100.100,29579.383,43489.957
960.627,100.000,29579.383,43489.957
961.657,100.100,29579.383,43489.957
962.686,100.100,29579.383,43489.957
963.716,100.000,29579.383,43489.957
964.746,100.000,29579.383,43489.957
965.775,100.000,29579.383,43489.957
966.805,100.000,29579.383,43489.957
967.835,100.100,29579.383,43489.957
968.864,100.000,29579.383,43489.957
969.894,100.000,29579.383,43489.957
970.923,100.100,29579.383,43489.957
971.953,100.000,29579.383,43489.957
972.982,100.000,29579.383,43489.957
974.012,100.000,29579.383,43489.957
975.042,100.000,29579.383,43489.957
976.071,100.000,29579.383,43489.957
977.101,99.100,29579.383,43489.957
978.131,100.000,29579.383,43489.957
979.160,100.100,29579.383,43489.957
980.190,100.000,29579.383,43489.957
981.219,101.000,29579.383,43489.957
982.250,99.900,29579.383,43489.957
983.280,100.000,29579.383,43489.957
984.309,100.000,29579.383,43489.957
985.339,100.000,29579.383,43489.957
986.368,100.100,29579.383,43489.957
987.398,100.100,29579.383,43489.957
988.427,100.000,29579.383,43489.957
989.457,100.000,29579.383,43489.957
990.486,100.100,29579.383,43489.957
991.516,100.000,29579.383,43489.957
992.545,100.000,29579.383,43489.957
993.573,100.200,29579.383,43489.957
994.603,100.000,29579.383,43489.957
995.633,100.000,29579.383,43489.957
996.662,100.000,29579.383,43489.957
997.692,100.000,29579.383,43489.957
998.722,100.000,29579.383,43489.957
999.752,100.000,29579.383,43489.957
1000.781,100.000,29579.383,43489.957
1001.812,99.900,29579.383,43489.957
1002.842,100.000,29579.383,43489.957
1003.872,100.000,29579.383,43489.957
1004.901,100.000,29579.383,43489.957
1005.930,100.100,29579.383,43489.957
1006.960,100.000,29579.465,43489.957
1007.990,100.000,29579.465,43489.957
1009.019,100.100,29579.465,43489.957
1010.049,100.000,29579.465,43489.957
1011.079,100.000,29579.465,43489.957
1012.109,100.000,29579.465,43489.957
1013.139,99.000,29579.465,43489.957
1014.168,100.100,29579.465,43489.957
1015.198,100.100,29579.465,43489.957
1016.227,100.000,29579.465,43489.957
1017.257,100.100,29579.465,43489.957
1018.286,100.100,29579.465,43489.957
1019.316,100.000,29579.465,43489.957
1020.345,100.100,29579.465,43489.957
1021.374,100.100,29579.465,43489.957
1022.404,100.000,29579.465,43489.957
1023.433,100.100,29579.465,43489.957
1024.463,100.100,29579.465,43489.957
1025.492,100.100,29579.465,43489.957
1026.521,100.100,29579.465,43489.957
1027.551,100.000,29579.465,43489.957
1028.579,100.200,29579.465,43489.957
1029.608,100.000,29579.465,43489.957
1030.638,99.000,29492.602,43403.086
1031.668,100.000,29492.602,43403.086
1032.697,100.100,29492.602,43403.086
1033.726,100.100,29492.602,43403.086
1034.756,100.000,29492.602,43403.086
1035.785,100.100,29492.602,43403.086
1036.815,100.000,29492.602,43403.086
1037.844,100.000,29492.602,43403.086
1038.874,100.000,29492.602,43403.086
1039.903,100.100,29492.602,43403.086
1040.932,100.100,29492.602,43403.086
1041.962,100.000,29492.602,43403.086
1042.992,100.000,29492.602,43403.086
1044.022,100.000,29492.602,43403.086
1045.051,100.100,29492.602,43403.086
1046.080,100.100,29492.602,43403.086
1047.110,100.100,29492.602,43403.086
1048.139,100.000,29492.602,43403.086
1049.169,100.000,29492.602,43403.086
1050.198,100.100,29492.602,43403.086
1051.228,99.100,29492.602,43403.086
1052.257,101.000,29492.602,43403.086
1053.286,99.100,29492.602,43403.086
1054.316,101.000,29492.602,43403.086
1055.345,100.100,29492.602,43403.086
1056.374,99.100,29492.602,43403.086
1057.404,100.000,29492.602,43403.086
1058.433,100.100,29492.602,43403.086
1059.463,100.000,29492.602,43403.086
1060.492,100.100,29492.602,43403.086
1061.522,101.000,29492.602,43403.086
1062.552,99.000,29492.602,43403.086
1063.580,100.200,29492.602,43403.086
1064.609,100.100,29492.602,43403.086
1065.639,100.000,29492.602,43403.086
1066.668,100.000,29492.602,43403.086
1067.698,101.000,29492.602,43403.086
1068.728,100.000,29492.602,43403.086
1069.757,99.100,29492.602,43403.086
1070.787,100.000,29492.602,43403.086
1071.817,100.000,29492.602,43403.086
1072.847,100.000,29492.602,43403.086
1073.876,100.100,29492.602,43403.086
1074.905,100.100,29492.602,43403.086
1075.935,100.000,29492.602,43403.086
1076.964,100.100,29492.602,43403.086
1077.994,100.100,29492.602,43403.086
1079.023,100.100,29492.602,43403.086
1080.052,100.100,29492.602,43403.086
1081.082,99.100,29492.602,43403.086
1082.111,101.100,29492.602,43403.086
1083.140,100.100,29492.602,43403.086
1084.170,100.000,29492.602,43403.086
1085.199,100.100,29492.602,43403.086
1086.229,100.000,29492.602,43403.086
1087.258,99.100,29492.602,43403.086
1088.287,100.100,29492.602,43403.086
1089.317,100.100,29492.602,43403.086
1090.346,100.100,29492.602,43403.086
1091.375,100.100,29492.602,43403.086
1092.405,100.100,29492.602,43403.086
1093.434,100.100,29492.602,43403.086
1094.463,100.100,29492.602,43403.086
1095.493,100.000,29492.602,43403.086
1096.522,99.100,29492.602,43403.086
1097.552,100.000,29492.602,43403.086
1098.578,101.300,29492.602,43403.086
1099.608,100.000,29492.602,43403.086
1100.638,100.100,29492.602,43403.086
1101.668,100.000,29492.602,43403.086
1102.698,100.000,29492.602,43403.086
1103.727,99.100,29492.602,43403.086
1104.756,100.100,29492.602,43403.086
1105.786,100.000,29492.602,43403.086
1106.815,100.100,29492.602,43403.086
1107.844,101.000,29492.602,43403.086
1108.873,99.100,29492.602,43403.086
1109.902,100.100,29492.602,43403.086
1110.932,100.000,29492.602,43403.086
1111.961,100.100,29492.602,43403.086
1112.991,100.000,29492.602,43403.086
1114.020,100.100,29492.602,43403.086
1115.050,100.100,29492.602,43403.086
1116.079,100.100,29492.602,43403.086
1117.108,100.100,29492.602,43403.086
1118.138,100.000,29492.602,43403.086
1119.167,100.100,29492.602,43403.086
1120.197,100.000,29492.602,43403.086
1121.226,100.100,29492.602,43403.086
1122.256,99.000,29492.602,43403.086
1123.286,101.000,29492.602,43403.086
1124.316,100.000,29492.602,43403.086
1125.345,100.100,29492.602,43403.086
1126.375,100.000,29492.602,43403.086
1127.404,100.000,29492.602,43403.086
1128.434,100.100,29492.602,43403.086
1129.463,100.100,29492.602,43403.086
1130.493,100.000,29492.602,43403.086
1131.523,99.000,29492.602,43403.086
1132.553,101.000,29492.602,43403.086
1133.581,99.200,29492.602,43403.086
1134.610,100.100,29492.602,43403.086
1135.639,100.100,29492.602,43403.086
1136.669,100.000,29492.602,43403.086
1137.698,100.100,29492.602,43403.086
1138.728,100.000,29492.602,43403.086
1139.757,101.000,29492.602,43403.086
1140.787,99.100,29492.602,43403.086
1141.816,100.100,29492.602,43403.086
1142.846,100.000,29492.602,43403.086
1143.875,100.100,29492.602,43403.086
1144.905,100.100,29492.602,43403.086
1145.934,100.100,29492.602,43403.086
1146.964,100.100,29492.602,43403.086
1147.993,100.100,29492.602,43403.086
1149.022,100.100,29492.602,43403.086
1150.052,99.100,29492.602,43403.086
1151.081,101.000,29492.602,43403.086
1152.111,100.000,29492.602,43403.086
1153.140,100.100,29492.602,43403.086
1154.169,100.000,29492.602,43403.086
1155.199,100.000,29492.602,43403.086
1156.229,100.100,29492.602,43403.086
1157.258,100.000,29492.602,43403.086
1158.288,99.100,29492.602,43403.086
1159.317,100.000,29492.602,43403.086
1160.347,100.000,29492.602,43403.086
1161.377,100.000,29492.602,43403.086
1162.407,101.000,29492.602,43403.086
1163.437,99.100,29492.602,43403.086
1164.466,101.000,29492.602,43403.086
1165.495,99.100,29492.602,43403.086
1166.524,101.000,29492.602,43403.086
1167.554,99.100,29492.602,43403.086
1168.582,100.200,29492.602,43403.086
1169.612,100.100,29492.602,43403.086
1170.641,100.100,29492.602,43403.086
1171.670,100.100,29492.602,43403.086
1172.700,100.100,29492.602,43403.086
1173.729,100.100,29492.602,43403.086
1174.758,100.100,29492.602,43403.086
1175.788,100.000,29492.602,43403.086
1176.817,100.100,29492.602,43403.086
1177.847,99.000,29492.602,43403.086
1178.876,100.100,29492.602,43403.086
1179.906,101.000,29492.602,43403.086
1180.935,100.100,29492.602,43403.086
1181.965,100.100,29492.602,43403.086
1182.994,100.000,29492.602,43403.086
1184.024,100.000,29492.602,43403.086
1185.054,99.100,29492.602,43403.086
1186.083,100.000,29492.602,43403.086
1187.113,101.000,29492.602,43403.086
1188.143,100.000,29492.602,43403.086
1189.172,99.100,29492.602,43403.086
1190.202,100.100,29492.602,43403.086
1191.231,100.100,29492.602,43403.086
1192.261,100.000,29492.602,43403.086
1193.291,100.000,29492.602,43403.086
1194.321,101.000,29492.602,43403.086
1195.350,99.100,29492.602,43403.086
1196.380,101.000,29492.602,43403.086
1197.409,99.100,29492.602,43403.086
1198.439,100.000,29492.602,43403.086
1199.469,101.000,29492.602,43403.086
1200.498,99.100,29492.602,43403.086
1201.528,100.000,29492.602,43403.086
1202.557,100.100,29492.602,43403.086
1203.587,100.000,29492.602,43403.086
1204.616,100.100,29492.602,43403.086
1205.646,100.000,29492.602,43403.086
1206.676,100.000,29492.602,43403.086
1207.705,100.000,29492.602,43403.086
1208.735,99.100,29492.602,43403.086
1209.764,100.000,29492.602,43403.086
1210.794,101.000,29492.602,43403.086
1211.824,100.000,29492.602,43403.086
1212.853,100.100,29492.602,43403.086
1213.883,100.000,29492.602,43403.086
1214.913,100.000,29492.602,43403.086
1215.942,99.000,29492.602,43403.086
1216.972,101.000,29492.602,43403.086
1218.002,99.100,29492.602,43403.086
1219.031,101.000,29492.602,43403.086
1220.061,100.000,29492.602,43403.086
1221.090,100.100,29492.602,43403.086
1222.121,99.000,29492.602,43403.086
1223.150,101.000,29492.602,43403.086
1224.180,99.100,29492.602,43403.086
1225.210,101.000,29492.602,43403.086
1226.239,100.000,29492.602,43403.086
1227.269,100.000,29492.602,43403.086
1228.298,100.100,29492.602,43403.086
1229.327,99.100,29492.602,43403.086
1230.357,100.000,29492.602,43403.086
1231.386,100.000,29492.602,43403.086
1232.416,100.000,29492.602,43403.086
1233.446,101.000,29492.602,43403.086
1234.476,99.100,29492.602,43403.086
1235.505,101.000,29492.602,43403.086
1236.535,99.100,29492.602,43403.086
1237.563,100.200,29492.602,43403.086
1238.592,100.100,29492.602,43403.086
1239.622,100.100,29492.602,43403.086
1240.651,100.100,29492.602,43403.086
1241.681,100.000,29492.602,43403.086
1242.710,100.100,29492.602,43403.086
1243.740,100.000,29492.602,43403.086
1244.770,100.000,29492.602,43403.086
1245.800,100.100,29492.602,43403.086
1246.829,100.100,29492.602,43403.086
1247.858,100.000,29492.602,43403.086
1248.888,100.100,29492.602,43403.086
1249.917,100.000,29492.602,43403.086
1250.947,100.000,29492.602,43403.086
1251.978,99.900,29492.602,43403.086
1253.007,100.000,29492.602,43403.086
1254.037,99.100,29492.602,43403.086
1255.066,101.100,29492.602,43403.086
1256.095,100.100,29492.602,43403.086
1257.125,100.100,29492.602,43403.086
1258.154,99.100,29492.602,43403.086
1259.183,100.100,29492.602,43403.086
1260.213,100.000,29492.602,43403.086
1261.242,100.100,29492.602,43403.086
1262.272,100.100,29492.602,43403.086
1263.301,101.000,29492.602,43403.086
1264.331,99.100,29492.602,43403.086
1265.360,100.100,29492.602,43403.086
1266.389,100.100,29492.602,43403.086
1267.419,101.000,29492.602,43403.086
1268.448,99.100,29492.602,43403.086
1269.477,100.100,29492.602,43403.086
1270.507,100.000,29492.602,43403.086
1271.537,100.000,29492.602,43403.086
1272.565,100.200,29492.602,43403.086
1273.594,100.100,29492.602,43403.086
1274.624,100.000,29492.602,43403.086
1275.653,100.100,29492.602,43403.086
1276.682,100.100,29492.602,43403.086
1277.712,99.100,29492.602,43403.086
1278.741,101.000,29492.602,43403.086
1279.771,100.000,29492.602,43403.086
1280.800,100.100,29492.602,43403.086
1281.831,100.000,29492.602,43403.086
1282.860,99.100,29492.602,43403.086
1283.890,101.000,29492.602,43403.086
1284.919,99.100,29492.602,43403.086
1285.948,100.100,29492.602,43403.086
1286.978,100.000,29492.602,43403.086
1288.007,100.100,29492.602,43403.086
1289.037,101.000,29492.602,43403.086
1290.066,100.100,29492.602,43403.086
1291.095,99.100,29492.602,43403.086
1292.125,100.100,29492.602,43403.086
1293.154,101.000,29492.602,43403.086
1294.183,99.100,29492.602,43403.086
1295.213,100.100,29492.602,43403.086
1296.242,100.100,29492.602,43403.086
1297.272,100.000,29492.602,43403.086
1298.301,100.000,29492.602,43403.086
1299.331,100.100,29492.602,43403.086
1300.360,100.100,29492.602,43403.086
1301.389,100.100,29492.602,43403.086
1302.419,100.000,29492.602,43403.086
1303.448,100.100,29492.602,43403.086
1304.478,100.000,29492.602,43403.086
1305.508,100.000,29492.602,43403.086
1306.537,100.100,29492.602,43403.086
1307.566,99.100,29492.602,43403.086
1308.596,101.000,29492.602,43403.086
1309.626,100.000,29492.602,43403.086
1310.655,99.100,29492.602,43403.086
1311.685,101.000,29492.602,43403.086
1312.715,100.000,29492.602,43403.086
1313.744,100.100,29492.602,43403.086
1314.774,100.100,29492.602,43403.086
1315.803,99.100,29492.602,43403.086
1316.833,100.000,29492.602,43403.086
1317.862,101.000,29492.602,43403.086
1318.892,99.100,29492.602,43403.086
1319.921,101.000,29492.602,43403.086
1320.950,99.100,29492.602,43403.086
1321.980,100.000,29492.602,43403.086
1323.009,101.000,29492.602,43403.086
1324.038,99.100,29492.602,43403.086
1325.067,100.100,29492.602,43403.086
1326.097,100.000,29492.602,43403.086
1327.127,100.000,29492.602,43403.086
1328.156,100.100,29492.602,43403.086
1329.185,100.100,29492.602,43403.086
1330.215,100.100,29492.602,43403.086
1331.244,100.100,29492.602,43403.086
1332.273,100.100,29492.602,43403.086
1333.303,100.100,29492.602,43403.086
1334.332,100.100,29492.602,43403.086
1335.362,100.000,29492.602,43403.086
1336.391,100.100,29492.602,43403.086
1337.421,100.100,29492.602,43403.086
1338.450,99.100,29492.602,43403.086
1339.479,101.100,29492.602,43403.086
1340.509,100.000,29492.602,43403.086
1341.539,99.000,29492.602,43403.086
1342.567,100.200,29492.602,43403.086
1343.596,100.100,29492.602,43403.086
1344.626,100.000,29492.602,43403.086
1345.655,100.100,29492.602,43403.086
1346.684,100.100,29492.602,43403.086
1347.713,100.100,29492.602,43403.086
1348.743,100.100,29492.602,43403.086
1349.772,100.100,29492.602,43403.086
1350.802,100.100,29492.602,43403.086
1351.831,99.100,29492.602,43403.086
1352.860,100.100,29492.602,43403.086
1353.890,101.000,29492.602,43403.086
1354.919,99.100,29492.602,43403.086
1355.949,101.000,29492.602,43403.086
1356.978,100.100,29492.602,43403.086
1358.007,100.100,29492.602,43403.086
1359.036,100.100,29492.602,43403.086
1360.066,99.100,29492.602,43403.086
1361.095,100.100,29529.043,43439.527
1362.125,100.000,29529.043,43439.527
1363.154,100.000,29529.043,43439.527
1364.184,101.000,29529.043,43439.527
1365.213,99.000,29529.043,43439.527
1366.243,100.000,29529.043,43439.527
1367.272,100.100,29529.043,43439.527
1368.302,101.000,29529.043,43439.527
1369.331,99.100,29529.043,43439.527
1370.360,100.100,29529.043,43439.527
1371.391,100.000,29529.043,43439.527
1372.420,100.000,29529.043,43439.527
1373.450,100.000,29529.043,43439.527
1374.479,100.100,29529.043,43439.527
1375.509,100.100,29529.043,43439.527
1376.538,100.100,29529.043,43439.527
1377.566,100.200,29529.043,43439.527
1378.595,100.100,29529.043,43439.527
1379.625,100.000,29529.043,43439.527
1380.654,99.100,29529.043,43439.527
1381.684,100.000,29529.043,43439.527
1382.713,100.000,29529.043,43439.527
1383.743,100.000,29529.043,43439.527
1384.772,100.100,29529.043,43439.527
1385.802,100.100,29529.043,43439.527
1386.831,101.000,29529.043,43439.527
1387.861,99.100,29529.043,43439.527
1388.890,100.100,29529.043,43439.527
1389.919,101.000,29529.043,43439.527
1390.949,100.000,29529.043,43439.527
1391.979,99.100,29529.043,43439.527
1393.008,101.000,29529.043,43439.527
1394.038,99.100,29529.043,43439.527
1395.067,100.000,29529.043,43439.527
1396.097,100.000,29529.043,43439.527
1397.126,100.100,29529.043,43439.527
1398.156,100.000,29529.043,43439.527
1399.185,100.100,29529.043,43439.527
1400.215,100.000,29529.043,43439.527
1401.245,100.000,29529.043,43439.527
1402.275,100.000,29529.043,43439.527
1403.305,100.000,29529.043,43439.527
1404.334,100.100,29529.043,43439.527
1405.364,100.000,29529.043,43439.527
1406.393,100.100,29529.043,43439.527
1407.422,100.100,29529.043,43439.527
1408.452,100.000,29529.043,43439.527
1409.481,100.000,29529.043,43439.527
1410.511,99.100,29529.043,43439.527
1411.540,101.000,29529.043,43439.527
1412.568,99.200,29529.043,43439.527
1413.597,100.100,29529.043,43439.527
1414.627,100.100,29529.043,43439.527
1415.656,100.100,29529.043,43439.527
1416.686,100.000,29529.043,43439.527
1417.715,100.100,29529.043,43439.527
1418.745,100.000,29529.043,43439.527
1419.774,100.100,29529.043,43439.527
1420.804,100.000,29529.043,43439.527
1421.833,100.100,29529.043,43439.527
1422.862,100.100,29529.043,43439.527
1423.892,101.000,29529.043,43439.527
1424.921,99.100,29529.043,43439.527
1425.950,100.100,29529.043,43439.527
1426.981,100.000,29529.043,43439.527
1428.010,100.000,29529.043,43439.527
1429.040,100.000,29529.043,43439.527
1430.069,100.100,29529.043,43439.527
1431.098,100.100,29529.043,43439.527
1432.129,100.000,29529.043,43439.527
1433.158,100.000,29529.043,43439.527
1434.187,99.100,29529.043,43439.527
1435.217,101.000,29529.043,43439.527
1436.246,100.100,29529.043,43439.527
1437.276,100.000,29529.043,43439.527
1438.305,100.000,29529.043,43439.527
1439.335,99.100,29529.043,43439.527
1440.364,101.000,29529.043,43439.527
1441.393,99.100,29529.043,43439.527
1442.423,101.000,29529.043,43439.527
1443.452,99.100,29529.043,43439.527
1444.481,101.000,29529.043,43439.527
1445.511,100.000,29529.043,43439.527
1446.541,100.000,29529.043,43439.527
1447.569,99.200,29529.043,43439.527
1448.598,100.100,29529.043,43439.527
1449.627,100.100,29529.043,43439.527
1450.657,100.100,29529.043,43439.527
1451.686,100.000,29529.043,43439.527
1452.716,100.100,29529.043,43439.527
1453.745,100.100,29529.043,43439.527
1454.775,99.100,29529.043,43439.527
1455.804,101.000,29529.043,43439.527
1456.834,100.000,29529.043,43439.527
1457.864,100.000,29529.043,43439.527
1458.893,100.100,29529.043,43439.527
1459.923,100.100,29529.043,43439.527
1460.952,99.100,29529.043,43439.527
1461.982,101.000,29529.043,43439.527
1463.012,100.000,29529.043,43439.527
1464.041,100.000,29529.043,43439.527
1465.071,100.100,29529.043,43439.527
1466.100,100.100,29529.043,43439.527
1467.129,99.100,29529.043,43439.527
1468.158,101.100,29529.043,43439.527
1469.188,100.100,29529.043,43439.527
1470.217,100.000,29529.043,43439.527
1471.247,99.100,29529.043,43439.527
1472.276,100.000,29529.043,43439.527
1473.306,100.100,29529.043,43439.527
1474.335,100.000,29529.043,43439.527
1475.365,100.000,29529.043,43439.527
1476.394,100.000,29529.043,43439.527
1477.424,100.100,29529.043,43439.527
1478.453,100.100,29529.043,43439.527
1479.482,100.100,29529.043,43439.527
1480.512,100.100,29529.043,43439.527
1481.541,100.000,29529.043,43439.527
1482.569,100.200,29529.043,43439.527
1483.599,100.100,29529.043,43439.527
1484.628,100.100,29529.043,43439.527
1485.658,100.000,29529.043,43439.527
1486.687,99.100,29529.043,43439.527
1487.717,100.000,29529.043,43439.527
1488.747,101.000,29529.043,43439.527
1489.777,100.000,29529.043,43439.527
1490.806,100.100,29529.043,43439.527
1491.836,100.000,29529.043,43439.527
1492.866,100.000,29529.043,43439.527
1493.896,99.100,29529.043,43439.527
1494.925,101.000,29529.043,43439.527
1495.955,100.000,29529.043,43439.527
1496.984,99.100,29529.043,43439.527
1498.013,100.100,29529.043,43439.527
1499.043,100.100,29529.043,43439.527
1500.072,100.100,29529.043,43439.527
1501.101,100.100,29529.043,43439.527
1502.131,101.000,29529.043,43439.527
1503.161,100.000,29529.043,43439.527
1504.190,99.100,29529.043,43439.527
1505.220,100.100,29529.043,43439.527
1506.249,100.100,29529.043,43439.527
1507.278,100.100,29529.043,43439.527
1508.308,100.100,29529.043,43439.527
1509.337,100.100,29529.043,43439.527
1510.366,100.100,29529.043,43439.527
1511.396,100.100,29529.043,43439.527
1512.425,100.000,29529.043,43439.527
1513.455,100.000,29529.043,43439.527
1514.484,100.100,29529.043,43439.527
1515.513,100.100,29529.043,43439.527
1516.543,99.100,29529.043,43439.527
1517.571,100.200,29529.043,43439.527
1518.601,101.000,29529.043,43439.527
1519.630,99.100,29529.043,43439.527
1520.660,100.000,29529.043,43439.527
1521.690,100.900,29529.043,43439.527
1522.720,100.000,29529.043,43439.527
1523.749,99.100,29529.043,43439.527
1524.778,100.100,29529.043,43439.527
1525.807,100.100,29529.043,43439.527
1526.837,100.100,29529.043,43439.527
1527.866,100.100,29529.043,43439.527
1528.895,100.100,29529.043,43439.527
1529.925,100.100,29529.043,43439.527
1530.954,100.100,29529.043,43439.527
1531.984,100.000,29529.043,43439.527
1533.013,100.100,29529.043,43439.527
1534.042,100.100,29529.043,43439.527
1535.072,100.000,29529.043,43439.527
1536.101,99.100,29529.043,43439.527
1537.131,101.000,29529.043,43439.527
1538.160,100.100,29529.043,43439.527
1539.190,99.100,29529.043,43439.527
1540.219,101.000,29529.043,43439.527
1541.248,100.100,29529.043,43439.527
1542.278,99.100,29529.043,43439.527
1543.307,100.100,29529.043,43439.527
1544.336,101.000,29529.043,43439.527
1545.366,100.100,29529.043,43439.527
1546.395,99.100,29529.043,43439.527
1547.424,101.000,29529.043,43439.527
1548.455,99.000,29529.043,43439.527
1549.484,100.000,29529.043,43439.527
1550.514,100.000,29529.043,43439.527
1551.544,99.900,29529.043,43439.527
1552.573,100.200,29529.043,43439.527
1553.602,100.100,29529.043,43439.527
1554.632,100.100,29529.043,43439.527
1555.661,100.100,29534.957,43439.527
1556.690,100.100,29534.957,43439.527
1557.720,100.000,29535.016,43439.527
1558.749,100.100,29535.016,43439.527
1559.779,100.000,29535.016,43439.527
1560.808,100.100,29535.016,43439.527
1561.838,100.100,29535.016,43439.527
1562.867,100.000,29535.207,43439.527
1563.897,100.100,29535.207,43439.527
1564.926,100.100,29535.207,43439.527
1565.955,99.100,29535.207,43439.527
1566.985,101.000,29535.207,43439.527
1568.014,100.100,29535.207,43439.527
1569.044,99.100,29535.207,43439.527
1570.073,101.000,29535.207,43439.527
1571.103,99.100,29535.207,43439.527
1572.132,101.000,29535.207,43439.527
1573.161,100.100,29535.207,43439.527
1574.191,100.000,29535.207,43439.527
1575.220,99.100,29535.207,43439.527
1576.250,101.000,29535.207,43439.527
1577.279,100.100,29535.207,43439.527
1578.309,99.100,29535.207,43439.527
1579.338,100.100,29535.207,43439.527
1580.368,100.100,29535.207,43439.527
1581.399,99.900,29535.207,43439.527
1582.428,100.100,29535.207,43439.527
1583.457,101.000,29535.207,43439.527
1584.487,99.100,29535.207,43439.527
1585.516,100.000,29535.207,43439.527
1586.546,100.000,29535.207,43439.527
1587.574,100.200,29535.207,43439.527
1588.603,100.100,29535.207,43439.527
1589.633,100.100,29535.207,43439.527
1590.662,100.000,29535.207,43439.527
1591.691,100.100,29535.207,43439.527
1592.721,100.100,29535.207,43439.527
1593.750,100.100,29535.207,43439.527
1594.780,100.000,29535.207,43439.527
1595.810,100.000,29535.207,43439.527
1596.839,100.100,29535.207,43439.527
1597.869,100.000,29535.207,43439.527
1598.898,99.100,29535.207,43439.527
1599.928,101.000,29535.207,43439.527
1600.958,100.000,29535.207,43439.527
1601.987,100.000,29535.207,43439.527
1603.017,99.100,29535.207,43439.527
1604.047,101.000,29535.207,43439.527
1605.076,99.100,29535.207,43439.527
1606.106,101.000,29535.207,43439.527
1607.136,99.100,29535.207,43439.527
1608.165,101.000,29535.207,43439.527
1609.196,99.900,29498.766,43403.086
1610.226,99.100,29498.766,43403.086
1611.256,101.000,29498.766,43403.086
1612.286,100.000,29498.766,43403.086
1613.316,100.000,29498.766,43403.086
1614.346,100.000,29498.766,43403.086
1615.375,99.100,29498.766,43403.086
1616.405,100.100,29498.766,43403.086
1617.434,100.100,29498.766,43403.086
1618.464,101.000,29498.766,43403.086
1619.493,100.100,29498.766,43403.086
1620.523,100.000,29498.766,43403.086
1621.553,99.100,29498.766,43403.086
1622.581,101.100,29498.766,43403.086
1623.611,99.100,29498.766,43403.086
1624.641,100.000,29498.766,43403.086
1625.670,101.000,29498.766,43403.086
1626.700,99.100,29498.766,43403.086
1627.730,100.000,29498.766,43403.086
1628.759,100.100,29498.766,43403.086
1629.789,101.000,29498.766,43403.086
1630.818,99.100,29498.766,43403.086
1631.848,100.000,29498.766,43403.086
1632.877,100.100,29498.766,43403.086
1633.907,100.000,29498.766,43403.086
1634.937,100.100,29498.766,43403.086
1635.966,100.100,29498.766,43403.086
1636.996,100.000,29498.766,43403.086
1638.025,100.100,29498.766,43403.086
1639.054,100.100,29498.766,43403.086
1640.084,100.000,29498.766,43403.086
1641.114,99.000,29498.766,43403.086
1642.145,100.900,29498.766,43403.086
1643.175,100.000,29498.766,43403.086
1644.204,100.100,29498.766,43403.086
1645.233,100.100,29498.766,43403.086
1646.263,99.100,29498.766,43403.086
1647.292,101.000,29498.766,43403.086
1648.321,100.100,29498.766,43403.086
1649.351,99.100,29498.766,43403.086
1650.380,101.000,29498.766,43403.086
1651.410,99.100,29498.766,43403.086
1652.439,100.100,29498.766,43403.086
1653.469,101.000,29498.766,43403.086
1654.498,99.100,29498.766,43403.086
1655.528,100.000,29498.766,43403.086
1656.556,100.100,29498.766,43403.086
1657.586,101.000,29498.766,43403.086
1658.616,99.100,29498.766,43403.086
1659.645,101.000,29498.766,43403.086
1660.675,100.000,29498.766,43403.086
1661.704,99.100,29498.766,43403.086
1662.734,100.100,29498.766,43403.086
1663.763,100.000,29498.766,43403.086
1664.793,100.100,29498.766,43403.086
1665.822,100.100,29498.766,43403.086
1666.852,100.000,29498.766,43403.086
1667.881,100.000,29498.766,43403.086
1668.911,100.000,29498.766,43403.086
1669.942,100.000,29498.766,43403.086
1670.971,100.000,29498.766,43403.086
1672.001,100.000,29498.766,43403.086
1673.031,100.000,29498.766,43403.086
1674.060,100.100,29498.766,43403.086
1675.090,100.000,29498.766,43403.086
1676.119,100.100,29498.766,43403.086
1677.149,100.100,29498.766,43403.086
1678.178,100.100,29498.766,43403.086
1679.208,100.000,29498.766,43403.086
1680.237,99.100,29498.766,43403.086
1681.267,100.100,29498.766,43403.086
1682.296,101.000,29498.766,43403.086
1683.325,100.100,29498.766,43403.086
1684.355,99.100,29498.766,43403.086
1685.384,101.000,29498.766,43403.086
1686.414,99.000,29498.766,43403.086
1687.443,100.100,29498.766,43403.086
1688.473,101.000,29498.766,43403.086
1689.502,100.100,29498.766,43403.086
1690.532,99.000,29498.766,43403.086
1691.560,100.200,29498.766,43403.086
1692.590,101.000,29498.766,43403.086
1693.619,99.100,29498.766,43403.086
1694.649,100.000,29498.766,43403.086
1695.678,100.000,29498.766,43403.086
1696.708,100.000,29498.766,43403.086
1697.738,100.000,29498.766,43403.086
1698.767,100.000,29499.102,43403.086
1699.797,100.000,29499.102,43403.086
1700.826,100.100,29499.105,43403.086
1701.857,100.000,29499.105,43403.086
1702.886,100.000,29499.105,43403.086
1703.916,100.000,29499.105,43403.086
1704.946,100.000,29499.105,43403.086
1705.975,100.100,29499.105,43403.086
1707.004,100.100,29499.105,43403.086
1708.034,100.000,29499.105,43403.086
1709.063,100.100,29499.105,43403.086
1710.093,100.000,29499.105,43403.086
1711.122,100.000,29499.105,43403.086
1712.152,100.100,29499.105,43403.086
1713.181,100.000,29499.105,43403.086
1714.211,100.000,29499.105,43403.086
1715.240,100.100,29499.105,43403.086
1716.270,100.000,29499.105,43403.086
1717.300,100.000,29499.105,43403.086
1718.329,100.100,29499.105,43403.086
1719.358,99.100,29499.105,43403.086
1720.388,100.000,29499.105,43403.086
1721.417,101.100,29499.105,43403.086
1722.446,99.100,29499.105,43403.086
1723.476,101.000,29499.105,43403.086
1724.506,100.000,29499.105,43403.086
1725.536,100.000,29499.105,43403.086
1726.564,99.200,29499.105,43403.086
1727.593,100.100,29499.105,43403.086
1728.623,100.000,29499.105,43403.086
1729.652,100.000,29499.105,43403.086
1730.682,100.000,29499.105,43403.086
1731.713,100.000,29499.105,43403.086
1732.743,100.000,29499.105,43403.086
1733.772,100.100,29499.105,43403.086
1734.802,100.000,29499.105,43403.086
1735.831,100.000,29499.105,43403.086
1736.861,100.100,29499.105,43403.086
1737.890,100.100,29499.105,43403.086
1738.920,100.000,29499.105,43403.086
1739.949,100.100,29499.105,43403.086
1740.979,99.100,29499.105,43403.086
1742.008,101.000,29499.105,43403.086
1743.038,99.000,29499.105,43403.086
1744.068,101.000,29499.105,43403.086
1745.097,100.000,29499.105,43403.086
1746.127,100.100,29499.105,43403.086
1747.156,100.000,29499.105,43403.086
1748.186,99.100,29499.105,43403.086
1749.215,101.000,29499.105,43403.086
1750.244,99.100,29499.105,43403.086
1751.274,101.000,29499.105,43403.086
1752.303,99.100,29499.105,43403.086
1753.333,101.000,29499.105,43403.086
1754.362,100.000,29499.105,43403.086
1755.392,100.000,29499.105,43403.086
1756.421,100.100,29499.105,43403.086
1757.451,99.100,29499.105,43403.086
1758.480,100.100,29499.105,43403.086
1759.510,100.000,29499.105,43403.086
1760.539,100.100,29499.105,43403.086
1761.568,100.100,29499.105,43403.086
1762.598,100.000,29499.105,43403.086
1763.627,100.100,29499.105,43403.086
1764.657,100.000,29499.105,43403.086
1765.686,100.000,29499.105,43403.086
1766.716,100.000,29499.105,43403.086
1767.745,100.100,29499.105,43403.086
1768.775,100.000,29499.105,43403.086
1769.804,99.100,29499.105,43403.086
1770.834,101.000,29499.105,43403.086
1771.864,99.100,29499.105,43403.086
1772.893,101.000,29499.105,43403.086
1773.922,100.100,29499.105,43403.086
1774.952,99.100,29499.105,43403.086
1775.981,101.000,29499.105,43403.086
1777.010,99.100,29499.105,43403.086
1778.039,100.100,29499.105,43403.086
1779.069,101.000,29499.105,43403.086
1780.098,100.100,29499.105,43403.086
1781.128,100.000,29499.105,43403.086
1782.158,100.100,29499.105,43403.086
1783.187,99.100,29499.105,43403.086
1784.217,100.000,29499.105,43403.086
1785.246,100.000,29499.105,43403.086
1786.276,100.100,29499.105,43403.086
1787.305,100.100,29499.105,43403.086
1788.334,101.000,29499.105,43403.086
1789.364,100.100,29499.105,43403.086
1790.393,99.100,29499.105,43403.086
1791.424,99.900,29499.105,43403.086
1792.454,100.000,29499.105,43403.086
1793.484,100.100,29499.105,43403.086
1794.513,100.000,29499.105,43403.086
1795.543,100.000,29499.105,43403.086
1796.571,100.200,29499.105,43403.086
1797.600,100.000,29499.105,43403.086
1798.630,100.000,29499.105,43403.086
1799.660,100.000,29499.105,43403.086
1800.690,100.000,29499.105,43403.086
1801.719,100.100,29499.105,43403.086
1802.749,100.000,29499.105,43403.086
1803.779,100.000,29499.105,43403.086
1804.808,100.100,29499.105,43403.086
1805.838,100.000,29499.105,43403.086
1806.868,100.000,29499.105,43403.086
1807.898,99.100,29499.105,43403.086
1808.927,100.000,29499.105,43403.086
1809.957,100.000,29499.105,43403.086
1810.986,101.000,29499.105,43403.086
1812.016,100.100,29499.105,43403.086
1813.046,100.000,29499.105,43403.086
1814.075,100.100,29499.105,43403.086
1815.104,99.100,29499.105,43403.086
1816.134,101.000,29499.105,43403.086
1817.164,100.000,29499.105,43403.086
1818.194,100.000,29499.105,43403.086
1819.223,99.100,29499.105,43403.086
1820.253,101.000,29499.105,43403.086
1821.283,99.100,29499.105,43403.086
1822.313,100.000,29499.105,43403.086
1823.343,101.000,29499.105,43403.086
1824.373,99.100,29499.105,43403.086
1825.402,100.100,29499.105,43403.086
1826.432,100.000,29499.105,43403.086
1827.461,100.000,29499.105,43403.086
1828.491,101.000,29499.105,43403.086
1829.520,99.100,29499.105,43403.086
1830.550,100.000,29499.105,43403.086
1831.578,100.200,29499.105,43403.086
1832.607,100.100,29499.105,43403.086
1833.637,100.100,29499.105,43403.086
1834.666,101.000,29499.105,43403.086
1835.696,99.000,29499.105,43403.086
1836.725,100.000,29499.105,43403.086
1837.755,100.000,29499.105,43403.086
1838.784,100.100,29499.105,43403.086
1839.814,100.100,29499.105,43403.086
1840.843,100.100,29499.105,43403.086
1841.872,100.100,29499.105,43403.086
1842.902,100.000,29499.105,43403.086
1843.931,100.100,29499.105,43403.086
1844.961,100.000,29499.105,43403.086
1845.990,100.100,29499.105,43403.086
1847.020,100.000,29499.105,43403.086
1848.049,100.100,29499.105,43403.086
1849.079,99.100,29499.105,43403.086
1850.108,101.000,29499.105,43403.086
1851.138,100.000,29499.105,43403.086
1852.169,99.900,29499.105,43403.086
1853.199,100.000,29499.105,43403.086
1854.228,100.100,29499.105,43403.086
1855.257,99.100,29499.105,43403.086
1856.287,101.000,29499.105,43403.086
1857.316,100.100,29499.105,43403.086
1858.346,99.100,29499.105,43403.086
1859.375,101.000,29499.105,43403.086
1860.404,99.100,29499.105,43403.086
1861.434,100.000,29499.105,43403.086
1862.463,100.100,29499.105,43403.086
1863.493,100.000,29499.105,43403.086
1864.523,100.000,29499.105,43403.086
1865.552,100.000,29499.105,43403.086
1866.581,100.200,29499.105,43403.086
1867.610,100.100,29499.105,43403.086
1868.640,100.000,29499.105,43403.086
1869.669,100.100,29499.105,43403.086
1870.698,100.100,29499.105,43403.086
1871.728,100.000,29499.105,43403.086
1872.757,100.100,29499.105,43403.086
1873.787,100.000,29499.105,43403.086
1874.816,100.000,29499.105,43403.086
1875.846,100.100,29499.105,43403.086
1876.875,100.100,29499.105,43403.086
1877.905,99.100,29499.105,43403.086
1878.934,101.000,29499.105,43403.086
1879.964,100.000,29499.105,43403.086
1880.994,99.000,29499.105,43403.086
1882.024,100.900,29499.105,43403.086
1883.055,100.000,29499.105,43403.086
1884.084,100.100,29499.105,43403.086
1885.113,100.100,29499.105,43403.086
1886.143,100.100,29499.105,43403.086
1887.172,100.100,29499.105,43403.086
1888.201,100.100,29499.105,43403.086
1889.231,100.000,29499.105,43403.086
1890.260,100.100,29499.105,43403.086
1891.290,99.100,29499.105,43403.086
1892.319,100.100,29499.105,43403.086
1893.349,100.000,29499.105,43403.086
1894.378,100.100,29499.105,43403.086
1895.407,100.100,29499.105,43403.086
1896.437,100.000,29499.105,43403.086
1897.466,100.100,29499.105,43403.086
1898.496,100.000,29499.105,43403.086
1899.526,100.000,29499.105,43403.086
1900.555,101.000,29499.105,43403.086
1901.585,100.000,29499.105,43403.086
1902.614,99.100,29499.105,43403.086
1903.644,100.000,29499.105,43403.086
1904.673,100.000,29499.105,43403.086
1905.703,100.000,29499.105,43403.086
1906.732,100.100,29501.070,43403.086
1907.762,100.100,29506.281,43403.086
1908.791,99.100,29506.445,43403.086
1909.821,101.000,29536.594,43403.086
1910.851,100.000,29536.594,43403.086
1911.882,100.000,29536.594,43403.086
1912.912,99.900,29536.594,43403.086
1913.942,100.000,29536.812,43403.086
1914.972,100.000,29537.176,43403.086
1916.001,100.100,29546.477,43403.086
1917.031,100.000,29563.953,43403.086
1918.061,100.000,29568.547,43403.086
1919.091,100.000,29594.418,43428.938
1920.120,100.100,29617.453,43454.789
1921.150,100.000,29623.945,43454.789
1922.179,100.100,29623.945,43454.789
1923.208,99.100,29623.945,43454.789
1924.238,100.100,29623.945,43454.789
1925.267,100.100,29623.945,43454.789
1926.296,100.100,29623.945,43454.789
1927.326,101.000,29623.945,43454.789
1928.355,100.100,29623.945,43454.789
1929.385,100.000,29623.945,43454.789
1930.414,99.100,29623.945,43454.789
1931.444,100.000,29623.945,43454.789
1932.473,100.100,29623.945,43454.789
1933.503,100.000,29623.945,43454.789
1934.532,100.000,29623.945,43454.789
1935.561,100.200,29623.945,43454.789
1936.590,101.000,29623.945,43454.789
1937.620,99.100,29623.945,43454.789
1938.649,101.000,29623.945,43454.789
1939.679,99.100,29623.945,43454.789
1940.708,100.100,29623.945,43454.789
1941.739,100.000,29655.277,43454.789
1942.769,100.000,29655.277,43454.789
1943.798,100.100,29655.277,43454.789
1944.828,100.000,29655.277,43454.789
1945.858,100.000,29660.461,43454.789
1946.887,100.000,29660.465,43454.789
1947.917,100.000,29660.465,43454.789
1948.946,99.100,29679.238,43467.715
1949.976,101.000,29859.484,43648.676
1951.006,100.000,29997.977,43796.488
1952.035,99.100,30077.301,43875.566
1953.064,100.100,30170.371,43965.504
1954.094,101.000,30297.707,44106.113
1955.124,100.000,30401.699,44210.832
1956.153,100.000,30401.699,44210.832
1957.184,99.000,30411.699,44210.832
1958.214,101.000,30417.391,44210.832
1959.243,100.100,30434.027,44210.832
1960.272,100.100,30434.027,44210.832
1961.302,99.100,30439.473,44210.832
1962.331,101.000,30439.504,44210.832
1963.361,100.000,30440.480,44210.832
1964.390,99.100,30440.539,44210.832
1965.420,101.000,30441.008,44210.832
1966.450,100.000,30441.066,44210.832
1967.479,99.100,30441.414,44210.832
1968.509,101.000,30442.965,44210.832
1969.538,99.100,30443.797,44210.832
1970.566,100.200,30462.453,44210.832
1971.597,99.900,30687.016,44376.438
1972.627,100.000,30879.879,44542.043
1973.658,99.900,30880.785,44542.043
1974.688,100.000,30880.785,44542.043
1975.717,100.000,31212.430,44956.059
1976.747,100.000,31212.656,44956.059
1977.776,100.100,31228.230,44956.059
1978.806,100.000,31264.012,44956.059
1979.835,100.000,31447.852,45287.273
1980.865,100.000,31550.496,45287.273
1981.895,101.000,31237.270,44790.453
1982.925,99.000,31237.281,44790.453
1983.955,100.000,31320.133,44873.258
1984.985,100.000,31738.988,45535.691
1986.014,100.000,31904.988,45701.297
1987.044,100.100,32074.992,45949.711
1988.073,100.100,32074.992,45949.711
1989.103,100.000,32074.992,45949.711
1990.133,63.100,0.000,0.000
