Elapsed_time,CPU,Real_MB,Virtual_MB
0.000,0.000,70.781,12661.305
1.024,91.800,127.773,12721.910
2.059,97.600,214.250,12809.039
3.089,83.500,250.141,12844.867
4.119,96.100,303.734,12899.668
5.148,99.100,390.887,12987.703
6.178,96.100,413.621,13017.488
7.208,100.000,488.582,13093.668
8.238,99.100,505.152,13108.738
9.268,88.300,587.844,13193.883
10.298,80.600,686.605,13293.109
11.329,87.300,690.039,13296.668
12.358,84.500,690.461,13297.605
13.388,93.200,712.672,13320.742
14.418,80.600,713.941,13326.949
15.448,77.700,716.129,13330.504
16.476,61.300,717.121,13333.000
17.505,74.800,747.992,13365.180
18.534,66.100,748.246,13365.672
19.564,63.100,774.043,13393.793
20.594,69.000,813.234,13433.426
21.623,66.000,815.918,13435.922
22.653,79.600,816.262,13436.684
23.683,85.400,820.156,13443.148
24.713,95.200,820.348,13443.223
25.743,72.800,850.586,13483.254
26.774,84.300,961.301,13600.957
27.804,71.900,968.234,13608.164
28.834,72.800,973.492,13615.105
29.862,76.900,974.176,13615.242
30.890,86.600,975.289,13616.699
31.919,86.400,975.637,13656.195
32.949,75.800,976.078,13656.258
33.978,75.800,1004.082,13684.758
35.007,88.400,1037.480,13720.266
36.037,67.000,1053.500,13735.047
37.066,64.100,1054.344,13735.547
38.096,100.000,1054.344,13735.547
39.125,81.600,1138.602,13900.648
40.155,60.200,1219.535,13900.652
41.184,65.100,1296.609,13977.883
42.213,99.100,1306.203,13987.672
43.243,100.000,1306.203,13987.672
44.272,100.000,1392.000,14074.648
45.302,99.100,1392.227,14074.648
46.331,99.000,1392.227,14074.648
47.361,100.000,1392.227,14074.648
48.390,99.100,1392.227,14074.648
49.420,99.100,1392.227,14074.648
50.449,100.000,1392.227,14074.648
51.479,100.100,1497.270,14180.953
52.508,98.100,1497.270,14180.953
53.538,100.000,1497.320,14180.953
54.569,100.000,1497.320,14180.953
55.598,99.100,1497.320,14180.953
56.629,98.900,1497.320,14180.953
57.658,99.100,1497.320,14180.953
58.688,99.100,1497.320,14180.953
59.717,100.100,1497.320,14180.953
60.746,99.100,1497.320,14180.953
61.773,99.400,1497.320,14180.953
62.800,98.300,1497.320,14180.953
63.828,99.200,1497.320,14180.953
64.858,99.100,1497.320,14180.953
65.889,99.000,1497.320,14180.953
66.918,101.000,1497.320,14180.953
67.949,98.000,1497.320,14180.953
68.979,100.000,1515.309,19466.492
70.009,99.000,1534.418,19466.492
71.038,101.000,1783.348,19466.492
72.068,99.100,1908.590,19466.492
73.097,101.000,1911.992,19564.492
74.128,100.000,1918.180,19739.492
75.157,100.000,1918.180,19739.492
76.188,100.000,1925.398,19950.492
77.218,99.000,1934.422,20202.492
78.247,100.000,1944.992,20505.492
79.278,100.900,1957.883,20869.492
80.308,100.000,1973.094,21305.492
81.338,99.000,1991.656,21829.492
82.367,100.000,1991.914,21837.492
83.397,101.000,2013.570,22457.492
84.427,100.000,2040.125,23211.492
85.457,100.000,2071.836,24116.492
86.488,99.000,2109.992,25201.492
87.518,100.900,2155.883,26504.492
88.548,100.100,2159.492,26608.492
89.578,100.000,2210.797,28067.492
90.608,100.000,2276.797,29943.492
91.636,687.300,5266.668,41666.016
92.666,1299.600,13036.410,41666.016
93.696,1227.400,18602.375,41666.016
94.726,970.700,12319.797,31121.492
95.756,75.800,9408.125,25837.453
96.783,100.200,10344.320,26769.453
97.813,100.000,11143.719,27568.453
98.843,100.000,11262.570,27688.453
99.873,100.900,12556.789,28982.453
100.903,99.000,13694.773,30120.453
101.933,100.000,13694.773,30120.453
102.963,100.000,14854.672,31280.453
103.993,100.000,16211.023,32636.453
105.023,100.000,16757.328,33182.453
106.053,101.000,17186.070,33611.453
107.083,70.900,17281.570,33699.211
108.112,99.100,17371.074,33782.371
109.141,101.000,17527.309,33784.371
110.171,99.100,17853.469,41598.312
111.200,100.100,19243.469,41598.312
112.230,100.000,20647.469,41598.312
113.260,100.000,22051.469,41598.312
114.290,100.000,23453.469,41598.312
115.319,100.000,24847.469,41598.312
116.350,99.900,25370.734,49412.258
117.380,99.000,26432.793,49412.258
118.409,101.000,27494.793,49412.258
119.439,99.100,28558.793,49412.258
120.468,101.000,29620.793,49412.258
121.497,99.100,30682.793,49412.258
122.528,100.000,31744.793,49412.258
123.557,101.000,32804.793,49412.258
124.587,98.100,33171.270,49412.258
125.616,162.300,33586.852,52064.023
126.645,101.000,34167.672,52648.875
127.675,100.000,34874.055,53398.793
128.704,100.100,33624.059,52123.898
129.734,100.000,34320.117,52789.566
130.763,99.100,35046.547,53588.352
131.791,100.200,33536.531,52006.121
132.821,101.000,34107.953,52577.746
133.850,100.000,34545.707,53034.625
134.880,99.100,35185.645,53656.012
135.909,100.100,35185.645,53656.012
136.939,101.000,34460.121,52998.523
137.968,99.100,35135.531,53806.527
138.998,100.000,35869.453,54338.508
140.027,100.100,36601.926,55077.488
141.056,101.000,37183.168,55651.609
142.086,99.100,37848.379,56332.566
143.116,100.100,38556.465,57087.254
144.145,100.000,38728.605,57177.277
145.174,100.100,38988.512,57463.492
146.204,100.100,34419.332,52863.605
147.233,100.000,34419.332,52863.605
148.263,100.100,34477.766,52923.359
149.292,100.100,34687.434,53161.859
150.322,100.100,34687.625,53161.859
151.351,99.100,35217.980,58401.105
152.381,100.000,36651.980,58401.105
153.410,100.000,38085.980,58401.105
154.440,100.000,39519.980,58401.105
155.469,100.100,39927.766,58401.195
156.500,100.000,40104.945,63640.441
157.530,100.000,41650.945,63640.441
158.559,100.000,43192.945,63640.441
159.589,100.000,44740.945,63640.441
160.619,100.000,45335.258,68879.688
161.648,100.000,46881.258,68879.688
162.678,100.000,48429.258,68879.688
163.708,100.000,49977.258,68879.688
164.738,150.500,50651.492,69124.645
165.768,100.000,51130.094,69603.051
166.797,100.100,50777.344,69250.191
167.827,100.000,51535.121,70049.051
168.856,100.100,50689.867,69163.062
169.886,100.000,50889.738,69362.715
170.916,100.000,51044.410,69517.191
171.945,101.000,50670.660,69143.512
172.975,99.000,51259.590,69732.457
174.005,100.000,51969.059,70442.020
175.035,100.000,52550.945,71023.938
176.065,100.000,53179.703,71708.293
177.095,100.000,53465.363,71938.199
178.125,100.000,53485.426,71938.199
179.153,100.100,50739.059,69173.516
180.182,100.100,50743.059,69173.516
181.212,100.100,50743.059,69173.516
182.241,99.100,50629.152,69059.609
183.270,101.100,50905.746,74298.855
184.300,100.100,52449.746,74298.855
185.329,99.100,53995.746,74298.855
186.358,101.000,55539.746,74298.855
187.388,98.100,55868.398,74298.855
188.417,100.000,56081.746,79538.102
189.447,100.000,56777.746,79538.102
190.477,101.000,57471.746,79538.102
191.506,99.100,58165.746,79538.102
192.536,101.000,58861.746,79538.102
193.565,99.100,59553.746,79538.102
194.595,100.000,60247.746,79538.102
195.624,101.000,60943.746,79538.102
196.654,99.100,61107.566,79538.102
197.683,100.100,61107.566,79538.102
198.712,100.100,61399.746,84777.348
199.741,100.100,62039.746,84777.348
200.770,100.100,62677.746,84777.348
201.800,100.100,63313.746,84777.348
202.829,100.100,63951.746,84777.348
203.858,100.100,64589.746,84777.348
204.887,100.100,65229.746,84777.348
205.917,100.100,65867.746,84777.348
206.947,100.000,61234.992,84777.348
207.976,100.000,61852.992,84777.348
209.006,100.100,62502.992,84777.348
210.035,99.100,63200.992,84777.348
211.065,101.000,63862.992,84777.348
212.094,100.100,64446.992,84777.348
213.123,99.100,65116.992,84777.348
214.153,101.000,65794.992,84777.348
215.182,99.100,66346.785,84777.348
216.211,100.000,66346.785,84777.348
217.241,100.000,66914.754,85395.051
218.270,100.100,67889.852,86327.777
219.300,100.100,68522.551,86952.957
220.329,99.100,61107.734,79538.102
221.359,101.000,61941.754,80372.352
222.388,99.100,62390.902,80821.359
223.418,100.100,62710.086,81135.648
224.447,100.000,63590.891,82137.172
225.477,100.000,64418.398,82842.492
226.506,100.100,65202.703,83631.754
227.536,100.100,66103.070,84520.035
228.565,100.100,66760.812,85140.316
229.594,99.100,66840.605,85140.316
230.623,101.100,66914.426,85140.316
231.653,99.100,66935.863,85140.316
232.682,100.100,51039.285,69243.730
233.711,100.100,51039.484,69243.730
234.741,100.100,51039.547,69243.730
235.770,100.100,51039.547,69243.730
236.799,100.000,51039.547,69243.730
237.829,100.000,51041.480,69243.730
238.859,100.100,51140.129,69342.719
239.888,99.100,51701.543,69913.578
240.918,100.000,52176.602,70388.430
241.947,101.000,52643.516,70838.969
242.976,100.100,53166.422,71435.914
244.005,100.100,53727.992,72074.184
245.035,99.100,54129.441,72549.129
246.064,100.100,55410.414,74129.285
247.093,100.100,56290.887,74731.129
248.123,100.000,57266.152,75710.012
249.152,95.300,57314.648,75723.531
250.181,95.200,57325.395,75734.324
251.210,100.100,57341.191,75749.914
252.239,97.200,55739.516,74148.449
253.269,90.300,56128.594,74547.344
254.298,100.100,56339.457,74746.996
255.327,100.100,56339.457,74746.996
256.356,100.100,56339.758,74746.996
257.386,99.100,55873.742,74267.090
258.415,100.100,55876.742,74267.090
259.444,100.100,55879.586,74267.090
260.473,99.100,55881.656,74267.090
261.502,100.100,56143.652,74529.062
262.532,100.100,56143.652,74529.062
263.561,100.100,56144.121,74529.062
264.590,100.100,56160.254,74544.145
265.619,100.100,56160.254,74544.145
266.649,99.100,56176.379,74544.145
267.678,100.100,56120.727,74488.492
268.707,100.100,56321.609,75503.652
269.736,99.100,57335.648,75703.777
270.765,100.100,57963.551,76331.426
271.793,100.200,57963.551,76331.426
272.823,100.100,59027.383,77703.527
273.852,99.100,57982.879,76415.688
274.882,101.000,58770.148,77138.023
275.910,99.100,58770.148,77138.023
276.939,100.100,58770.148,77138.023
277.968,99.100,59531.785,77899.852
278.997,100.100,57940.371,76308.246
280.026,101.100,57940.371,76308.246
281.055,99.100,58851.719,81547.492
282.085,100.000,60411.719,81547.492
283.114,100.000,61969.719,81547.492
284.143,100.100,63179.617,81547.492
285.173,46.600,63179.652,81547.492
286.202,99.100,63179.672,81547.492
287.231,100.100,57940.426,76308.246
288.260,100.100,57940.426,76308.246
289.289,100.100,57940.426,76308.246
290.318,100.100,57940.426,76308.246
291.347,100.100,57940.426,76308.246
292.376,100.100,57940.426,76308.246
293.405,100.100,57940.426,76308.246
294.433,100.100,57940.426,76308.246
295.462,99.100,57940.426,76308.246
296.492,100.000,57940.426,76308.246
297.521,100.100,57940.426,76308.246
298.550,100.100,57940.426,76308.246
299.579,100.100,57940.426,76308.246
300.608,100.100,54200.586,72568.406
301.637,100.000,54200.586,72568.406
302.666,100.100,54200.586,72568.406
303.695,100.100,54200.586,72568.406
304.724,100.100,54200.586,72568.406
305.753,100.100,54200.586,72568.406
306.781,99.300,54200.586,72568.406
307.809,100.100,54200.586,72568.406
308.838,100.100,54200.586,72568.406
309.867,100.100,54200.586,72568.406
310.896,100.100,54200.586,72568.406
311.925,100.100,54200.586,72568.406
312.954,100.100,54200.586,72568.406
313.983,100.100,54200.586,72568.406
315.012,99.100,54200.586,72568.406
316.041,100.100,54200.586,72568.406
317.070,100.100,54200.586,72568.406
318.099,100.100,54200.586,72568.406
319.127,100.100,54200.586,72568.406
320.156,100.100,54200.586,72568.406
321.185,100.100,54200.586,72568.406
322.214,100.100,54200.586,72568.406
323.243,99.100,54200.586,72568.406
324.273,100.100,54200.586,72568.406
325.302,100.100,54200.586,72568.406
326.331,100.100,54200.586,72568.406
327.361,101.000,54200.586,72568.406
328.390,100.100,54200.586,72568.406
329.419,100.100,54200.586,72568.406
330.448,100.100,54200.586,72568.406
331.477,100.100,54200.586,72568.406
332.506,100.100,54200.586,72568.406
333.535,100.100,54200.586,72568.406
334.564,99.100,54200.586,72568.406
335.593,100.100,54200.586,72568.406
336.622,100.100,54200.586,72568.406
337.651,100.100,54200.586,72568.406
338.680,100.100,54200.586,72568.406
339.709,100.100,54200.586,72568.406
340.738,100.100,54200.586,72568.406
341.767,100.100,54200.586,72568.406
342.795,100.200,54200.586,72568.406
343.824,99.100,54200.586,72568.406
344.853,100.100,54200.586,72568.406
345.882,100.100,54200.586,72568.406
346.911,100.100,54200.586,72568.406
347.940,100.100,54200.586,72568.406
348.969,100.100,54200.586,72568.406
349.998,100.100,54200.586,72568.406
351.027,100.100,54200.586,72568.406
352.056,100.100,54200.586,72568.406
353.085,100.100,54200.586,72568.406
354.114,100.100,54200.586,72568.406
355.143,100.100,54200.586,72568.406
356.172,99.100,54200.586,72568.406
357.202,100.000,54200.586,72568.406
358.231,100.100,54200.586,72568.406
359.260,100.100,54200.586,72568.406
360.289,100.100,54200.586,72568.406
361.318,100.100,54200.586,72568.406
362.347,99.200,54200.586,72568.406
363.375,100.100,54200.586,72568.406
364.404,100.100,54200.586,72568.406
365.433,100.100,54200.586,72568.406
366.462,100.100,54200.586,72568.406
367.491,100.100,54200.586,72568.406
368.520,101.100,54200.586,72568.406
369.549,100.100,54200.586,72568.406
370.578,99.100,54200.586,72568.406
371.607,100.100,54200.586,72568.406
372.635,100.100,54200.586,72568.406
373.664,100.100,54200.586,72568.406
374.693,100.100,54200.586,72568.406
375.722,100.100,54200.586,72568.406
376.751,100.100,54200.586,72568.406
377.779,100.200,54200.586,72568.406
378.807,99.200,54200.586,72568.406
379.836,100.100,54200.586,72568.406
380.865,100.100,54200.586,72568.406
381.894,100.100,54200.586,72568.406
382.923,100.100,54200.586,72568.406
383.952,100.100,54200.586,72568.406
384.980,100.100,54200.586,72568.406
386.009,100.100,54200.586,72568.406
387.039,100.000,54200.586,72568.406
388.068,100.100,54200.586,72568.406
389.097,99.100,54200.586,72568.406
390.126,100.100,54200.586,72568.406
391.155,100.100,54200.586,72568.406
392.184,100.100,54200.586,72568.406
393.213,100.000,54200.586,72568.406
394.242,100.100,54200.586,72568.406
395.271,100.100,54200.586,72568.406
396.300,100.100,54200.586,72568.406
397.329,100.100,54200.586,72568.406
398.357,100.100,54200.586,72568.406
399.386,99.100,54200.586,72568.406
400.415,100.100,54200.586,72568.406
401.444,100.100,54200.586,72568.406
402.473,100.100,54200.586,72568.406
403.502,100.100,54200.586,72568.406
404.531,100.100,54200.586,72568.406
405.560,100.100,54200.586,72568.406
406.588,100.100,54200.586,72568.406
407.617,100.100,54200.586,72568.406
408.646,100.100,54200.586,72568.406
409.675,99.100,54200.586,72568.406
410.703,100.100,54200.586,72568.406
411.733,100.100,54200.586,72568.406
412.762,100.100,54200.586,72568.406
413.789,100.200,54200.586,72568.406
414.818,100.100,54200.586,72568.406
415.847,100.100,54200.586,72568.406
416.877,100.000,54200.586,72568.406
417.906,100.100,54200.586,72568.406
418.935,100.100,54200.586,72568.406
419.964,99.100,54200.586,72568.406
420.993,100.100,54200.586,72568.406
422.022,100.100,54200.586,72568.406
423.051,100.100,54200.586,72568.406
424.080,100.100,54200.586,72568.406
425.109,100.100,54200.586,72568.406
426.138,100.100,54200.586,72568.406
427.167,100.100,54200.586,72568.406
428.196,100.100,54200.586,72568.406
429.225,100.100,54200.586,72568.406
430.254,100.100,54200.586,72568.406
431.283,99.100,54200.586,72568.406
432.312,100.100,54200.586,72568.406
433.341,100.100,54200.586,72568.406
434.370,100.100,54200.586,72568.406
435.399,100.100,54200.586,72568.406
436.428,100.100,54200.586,72568.406
437.457,100.100,54200.586,72568.406
438.486,100.100,54200.586,72568.406
439.515,100.100,54200.586,72568.406
440.543,100.100,54200.586,72568.406
441.572,99.100,54200.586,72568.406
442.601,100.100,54200.586,72568.406
443.630,100.100,54200.586,72568.406
444.659,100.100,54200.586,72568.406
445.688,100.100,54200.586,72568.406
446.718,100.000,54200.586,72568.406
447.747,100.100,54200.586,72568.406
448.775,100.300,54200.586,72568.406
449.804,100.100,54200.586,72568.406
450.833,100.100,54200.586,72568.406
451.862,99.100,54200.586,72568.406
452.892,100.100,54200.586,72568.406
453.921,100.000,54200.586,72568.406
454.951,100.100,54200.586,72568.406
455.980,100.100,54200.586,72568.406
457.009,100.100,54200.586,72568.406
458.038,100.100,54200.586,72568.406
459.067,100.100,54200.586,72568.406
460.096,100.100,54200.586,72568.406
461.125,100.100,54200.586,72568.406
462.154,100.100,54200.586,72568.406
463.183,100.100,54200.586,72568.406
464.213,100.100,54200.586,72568.406
465.242,100.100,54200.586,72568.406
466.271,100.100,54200.586,72568.406
467.300,100.100,54200.586,72568.406
468.329,100.100,54250.488,72618.309
469.358,100.100,54250.488,72618.309
470.387,99.100,54250.488,72618.309
471.416,100.100,54250.488,72618.309
472.445,101.100,54250.547,72618.309
473.474,100.100,54250.547,72618.309
474.504,100.100,54250.547,72618.309
475.532,99.100,54250.547,72618.309
476.562,100.000,54250.547,72618.309
477.592,100.100,54250.566,72618.309
478.620,100.100,54250.566,72618.309
479.649,100.100,54250.566,72618.309
480.678,100.100,54250.566,72618.309
481.707,100.100,54250.566,72618.309
482.736,100.100,54250.582,72618.309
483.765,100.100,54250.582,72618.309
484.793,99.200,54250.582,72618.309
485.822,100.100,54250.582,72618.309
486.850,100.100,54250.582,72618.309
487.879,100.100,54250.582,72618.309
488.908,100.100,54250.582,72618.309
489.937,100.100,54250.582,72618.309
490.966,100.100,54250.582,72618.309
491.995,100.100,54250.582,72618.309
493.024,100.100,54250.582,72618.309
494.052,99.200,54250.582,72618.309
495.082,100.100,54250.582,72618.309
496.111,101.000,54250.582,72618.309
497.140,100.100,54250.582,72618.309
498.169,99.100,54250.582,72618.309
499.198,100.100,54250.582,72618.309
500.227,100.100,54250.582,72618.309
501.256,100.100,54250.582,72618.309
502.286,100.100,54250.582,72618.309
503.315,100.100,54250.582,72618.309
504.343,100.100,54250.582,72618.309
505.372,100.100,54250.582,72618.309
506.402,100.000,54250.582,72618.309
507.431,100.100,54250.582,72618.309
508.460,100.100,54250.582,72618.309
509.489,99.100,54250.582,72618.309
510.518,100.100,54250.582,72618.309
511.547,100.100,54250.582,72618.309
512.575,100.100,54250.582,72618.309
513.604,100.100,54250.582,72618.309
514.634,100.000,54250.582,72618.309
515.663,100.100,54250.582,72618.309
516.692,100.100,54250.582,72618.309
517.720,100.100,54250.582,72618.309
518.749,100.100,54250.582,72618.309
519.777,99.300,54250.582,72618.309
520.806,100.100,54250.645,72618.309
521.835,100.100,54250.645,72618.309
522.863,100.100,54250.645,72618.309
523.892,100.100,54250.645,72618.309
524.921,100.100,54250.645,72618.309
525.950,99.100,54250.645,72618.309
526.979,100.100,54250.645,72618.309
528.008,100.100,54250.645,72618.309
529.037,101.100,54250.703,72618.309
530.066,100.100,54250.703,72618.309
531.095,100.100,54250.703,72618.309
532.124,99.100,54250.703,72618.309
533.153,100.100,54250.703,72618.309
534.182,100.100,54250.707,72618.309
535.210,100.100,54250.707,72618.309
536.239,100.100,54250.707,72618.309
537.269,100.000,54250.707,72618.309
538.299,100.100,54250.707,72618.309
539.327,100.100,54250.707,72618.309
540.357,100.100,54250.707,72618.309
541.385,99.100,54250.707,72618.309
542.414,100.100,54250.914,72618.309
543.443,100.100,54250.914,72618.309
544.472,100.100,54250.914,72618.309
545.501,100.100,54250.914,72618.309
546.530,100.100,54250.914,72618.309
547.559,100.100,54251.930,72618.309
548.587,100.100,54251.930,72618.309
549.616,100.100,54251.934,72618.309
550.645,100.100,54255.996,72618.309
551.674,100.100,54256.000,72618.309
552.703,99.100,54256.000,72618.309
553.731,100.100,54258.867,72618.309
554.760,100.100,54258.867,72618.309
555.788,99.300,54258.898,72618.309
556.817,100.100,54258.898,72618.309
557.845,100.100,54258.898,72618.309
558.874,100.100,54258.930,72618.309
559.903,100.100,54258.930,72618.309
560.932,100.100,54258.930,72618.309
561.961,100.100,54258.941,72618.309
562.990,100.100,54258.941,72618.309
564.019,100.100,54258.941,72618.309
565.048,100.100,54258.941,72618.309
566.076,100.100,54258.941,72618.309
567.106,100.000,54258.941,72618.309
568.135,99.100,54258.941,72618.309
569.164,100.100,54258.941,72618.309
570.193,100.100,54258.941,72618.309
571.222,100.100,54258.941,72618.309
572.251,100.100,54258.941,72618.309
573.280,100.100,54258.941,72618.309
574.309,100.100,54258.941,72618.309
575.339,100.100,54258.941,72618.309
576.367,100.100,54258.941,72618.309
577.396,100.100,54258.953,72618.309
578.425,100.100,54258.953,72618.309
579.454,100.100,54258.953,72618.309
580.483,99.100,54258.953,72618.309
581.512,100.100,54258.953,72618.309
582.541,100.100,54258.953,72618.309
583.570,100.100,54258.953,72618.309
584.599,100.100,54258.953,72618.309
585.628,100.100,54258.953,72618.309
586.657,100.100,54258.953,72618.309
587.686,100.100,54258.953,72618.309
588.715,100.100,54258.953,72618.309
589.744,100.100,54258.953,72618.309
590.772,99.200,54258.953,72618.309
591.801,100.100,54258.953,72618.309
592.830,100.100,54258.953,72618.309
593.859,100.100,54258.953,72618.309
594.887,101.100,54258.953,72618.309
595.916,100.100,54258.953,72618.309
596.946,100.000,54258.953,72618.309
597.975,100.100,54258.953,72618.309
599.004,100.100,54258.953,72618.309
600.033,99.100,54258.953,72618.309
601.061,100.100,54258.953,72618.309
602.090,100.100,54258.953,72618.309
603.119,100.100,54258.953,72618.309
604.148,100.100,54258.953,72618.309
605.177,100.100,54258.953,72618.309
606.206,100.100,54258.953,72618.309
607.235,100.100,54258.953,72618.309
608.264,100.100,54258.953,72618.309
609.293,99.100,54259.945,72618.309
610.322,100.100,54259.957,72618.309
611.351,100.100,54259.996,72618.309
612.380,100.100,54260.012,72618.309
613.409,100.100,54260.035,72618.309
614.438,100.100,54260.035,72618.309
615.467,100.100,54260.035,72618.309
616.495,99.100,54260.035,72618.309
617.524,100.100,54260.035,72618.309
618.553,100.100,54260.035,72618.309
619.582,100.100,54260.035,72618.309
620.611,100.100,54260.035,72618.309
621.640,100.100,54260.035,72618.309
622.669,100.100,54260.035,72618.309
623.698,100.100,54260.035,72618.309
624.727,100.100,54260.035,72618.309
625.756,100.100,54260.035,72618.309
626.785,100.100,54260.035,72618.309
627.814,99.100,54260.035,72618.309
628.843,100.100,54260.039,72618.309
629.872,100.100,54260.039,72618.309
630.901,100.100,54260.047,72618.309
631.930,100.100,54260.047,72618.309
632.959,100.100,54260.047,72618.309
633.988,100.100,54260.047,72618.309
635.017,100.100,54260.047,72618.309
636.046,100.100,54260.047,72618.309
637.075,100.100,54260.047,72618.309
638.104,100.100,54260.047,72618.309
639.133,100.100,54260.047,72618.309
640.162,100.100,54260.047,72618.309
641.191,99.100,54260.047,72618.309
642.220,100.100,54260.047,72618.309
643.249,100.100,54260.047,72618.309
644.278,100.100,54260.047,72618.309
645.307,100.100,54260.047,72618.309
646.336,100.100,54260.047,72618.309
647.365,100.100,54260.047,72618.309
648.394,100.100,54260.047,72618.309
649.423,100.000,54260.047,72618.309
650.452,100.100,54260.047,72618.309
651.482,100.100,54260.047,72618.309
652.511,100.100,54260.047,72618.309
653.540,99.100,54260.047,72618.309
654.569,100.100,54260.047,72618.309
655.598,100.100,54260.047,72618.309
656.628,100.000,54260.047,72618.309
657.657,100.100,54260.047,72618.309
658.686,100.100,54260.047,72618.309
659.715,100.100,54260.047,72618.309
660.744,100.100,54264.668,72618.309
661.772,100.200,54264.699,72618.309
662.801,100.100,54264.699,72618.309
663.830,100.100,54264.699,72618.309
664.859,99.100,54264.699,72618.309
665.888,100.100,54264.699,72618.309
666.917,100.100,54264.699,72618.309
667.946,100.100,54264.699,72618.309
668.975,100.100,54264.699,72618.309
670.004,100.100,54264.699,72618.309
671.033,100.100,54264.699,72618.309
672.062,100.100,54264.699,72618.309
673.091,100.100,54264.699,72618.309
674.120,100.100,54264.699,72618.309
675.148,100.100,54264.699,72618.309
676.177,99.100,54264.699,72618.309
677.206,100.100,54264.699,72618.309
678.235,100.100,54264.699,72618.309
679.264,100.100,54264.699,72618.309
680.294,100.100,54264.699,72618.309
681.322,100.100,54264.699,72618.309
682.351,100.100,54264.699,72618.309
683.380,100.100,54264.699,72618.309
684.409,100.100,54264.699,72618.309
685.438,100.100,54264.699,72618.309
686.468,100.000,54264.699,72618.309
687.497,100.100,54319.762,72673.465
688.527,100.100,54319.762,72673.465
689.555,100.100,54319.762,72673.465
690.584,100.100,54319.762,72673.465
691.613,100.100,54319.762,72673.465
692.642,100.100,54319.762,72673.465
693.671,99.100,54320.996,72673.465
694.700,100.100,54320.996,72673.465
695.729,100.100,54321.137,72673.465
696.759,100.100,54321.918,72673.465
697.786,100.200,54321.918,72673.465
698.815,99.100,54322.895,72673.465
699.844,100.100,54322.895,72673.465
700.873,100.100,54322.895,72673.465
701.902,100.100,54323.848,72673.465
702.931,100.100,54323.875,72673.465
703.960,100.100,54323.875,72673.465
704.989,100.100,54325.629,72673.465
706.018,100.100,54325.668,72673.465
707.047,100.100,54325.668,72673.465
708.076,100.100,54326.441,72673.465
709.105,100.100,54326.441,72673.465
710.134,100.100,54326.598,72673.465
711.163,100.100,54326.684,72673.465
712.192,99.100,54326.684,72673.465
713.221,100.100,54326.812,72673.465
714.250,100.100,54326.812,72673.465
715.279,100.100,54326.812,72673.465
716.308,100.100,54328.934,72673.465
717.337,100.000,54328.988,72673.465
718.367,100.100,54329.023,72673.465
719.396,100.100,54330.922,72673.465
720.424,100.100,54330.922,72673.465
721.453,100.100,54330.922,72673.465
722.482,100.100,54330.969,72673.465
723.511,100.100,54330.969,72673.465
724.540,100.100,54330.969,72673.465
725.569,99.100,54330.969,72673.465
726.599,100.100,54330.969,72673.465
727.627,100.100,54330.969,72673.465
728.657,100.100,54330.969,72673.465
729.686,100.100,54330.969,72673.465
730.714,100.100,54330.969,72673.465
731.744,100.100,54330.969,72673.465
732.772,100.200,54330.969,72673.465
733.801,100.100,54330.969,72673.465
734.830,100.100,54330.969,72673.465
735.859,100.100,54330.969,72673.465
736.888,99.100,54330.969,72673.465
737.917,100.100,54330.969,72673.465
738.946,101.100,54332.406,72673.465
739.974,100.100,54332.406,72673.465
741.004,100.100,54332.406,72673.465
742.033,100.100,54332.469,72673.465
743.062,100.100,54332.469,72673.465
744.091,100.100,54332.469,72673.465
745.120,99.100,54333.457,72673.465
746.149,100.100,54333.457,72673.465
747.178,100.000,54334.711,72673.465
748.208,100.100,54334.711,72673.465
749.236,100.100,54334.711,72673.465
750.265,100.100,54336.016,72673.465
751.294,100.100,54336.016,72673.465
752.323,100.100,54336.016,72673.465
753.352,99.100,54336.121,72673.465
754.381,100.100,54336.121,72673.465
755.410,100.100,54336.121,72673.465
756.439,100.100,54336.121,72673.465
757.469,100.000,54336.121,72673.465
758.498,100.100,54336.121,72673.465
759.527,100.100,54336.121,72673.465
760.556,100.100,54336.121,72673.465
761.584,100.100,54337.824,72673.465
762.614,100.100,54337.824,72673.465
763.642,100.100,54337.824,72673.465
764.671,99.100,54338.637,72673.465
765.701,100.100,54338.637,72673.465
766.729,100.100,54339.586,72673.465
767.758,100.100,54339.586,72673.465
768.786,100.200,54339.625,72673.465
769.815,100.100,54341.863,72673.465
770.844,100.100,54341.863,72673.465
771.873,100.100,54341.906,72673.465
772.902,100.100,54345.316,72673.465
773.931,100.100,54345.316,72673.465
774.960,100.100,54345.352,72673.465
775.990,99.100,54345.352,72673.465
777.019,100.000,54345.352,72673.465
778.049,100.100,54345.977,72673.465
779.078,100.100,54346.008,72673.465
780.106,100.100,54346.008,72673.465
781.135,100.100,54350.117,72673.465
782.164,100.100,54350.148,72673.465
783.193,100.100,54350.148,72673.465
784.222,100.100,54350.148,72673.465
785.251,99.100,54350.148,72673.465
786.280,100.100,54350.148,72673.465
787.309,100.100,54350.148,72673.465
788.338,100.100,54350.148,72673.465
789.367,100.100,54350.148,72673.465
790.396,100.100,54350.148,72673.465
791.425,100.100,54350.148,72673.465
792.454,100.100,54350.148,72673.465
793.483,100.100,54350.148,72673.465
794.512,100.100,54350.148,72673.465
795.541,100.100,54350.148,72673.465
796.570,100.100,54350.148,72673.465
797.599,99.100,54350.148,72673.465
798.628,100.100,54350.148,72673.465
799.657,100.100,54350.148,72673.465
800.686,100.100,54350.148,72673.465
801.715,100.100,54350.148,72673.465
802.744,100.100,54350.160,72673.465
803.773,100.200,54350.160,72673.465
804.802,100.100,54350.160,72673.465
805.830,100.100,54350.160,72673.465
806.860,100.000,54350.160,72673.465
807.889,100.100,54350.160,72673.465
808.918,100.100,54350.160,72673.465
809.947,99.100,54350.160,72673.465
810.976,100.100,54350.160,72673.465
812.005,100.100,54350.160,72673.465
813.034,100.100,54350.160,72673.465
814.063,100.100,54350.160,72673.465
815.092,100.100,54350.160,72673.465
816.121,100.100,54350.160,72673.465
817.150,100.100,54350.160,72673.465
818.180,100.000,54350.160,72673.465
819.209,100.100,54350.160,72673.465
820.237,100.100,54350.160,72673.465
821.266,100.100,54350.160,72673.465
822.295,99.100,54350.352,72673.465
823.324,100.100,54350.352,72673.465
824.353,100.100,54350.352,72673.465
825.382,100.100,54350.352,72673.465
826.411,100.100,54350.352,72673.465
827.440,101.100,54351.129,72673.465
828.469,100.100,54351.129,72673.465
829.498,99.100,54351.129,72673.465
830.527,100.100,54351.258,72673.465
831.556,100.100,54351.258,72673.465
832.585,100.100,54351.258,72673.465
833.614,100.100,54351.258,72673.465
834.643,100.100,54351.258,72673.465
835.672,100.100,54351.258,72673.465
836.702,100.000,54351.445,72673.465
837.731,100.100,54351.445,72673.465
838.760,100.100,54351.445,72673.465
839.788,100.200,54351.477,72673.465
840.817,99.100,54301.574,72623.562
841.846,100.100,54301.574,72623.562
842.875,100.100,54301.574,72623.562
843.904,100.100,54301.574,72623.562
844.933,100.100,54301.574,72623.562
845.962,100.100,54301.574,72623.562
846.991,100.100,54301.574,72623.562
848.020,100.100,54301.574,72623.562
849.049,100.100,54301.574,72623.562
850.078,100.100,54301.574,72623.562
851.107,100.100,54301.574,72623.562
852.136,99.100,54301.574,72623.562
853.165,100.100,54301.574,72623.562
854.195,100.100,54301.574,72623.562
855.223,100.100,54301.574,72623.562
856.253,100.100,54301.574,72623.562
857.282,100.100,54301.574,72623.562
858.311,100.100,54301.574,72623.562
859.340,100.100,54301.574,72623.562
860.369,100.100,54301.574,72623.562
861.398,100.100,54301.574,72623.562
862.427,100.100,54301.574,72623.562
863.456,99.100,54301.574,72623.562
864.485,100.100,54301.574,72623.562
865.515,100.100,54301.574,72623.562
866.544,100.000,54301.574,72623.562
867.574,100.100,54301.574,72623.562
868.602,100.100,54301.574,72623.562
869.631,100.100,54301.574,72623.562
870.660,100.100,54301.574,72623.562
871.689,100.100,54301.574,72623.562
872.718,100.100,54301.574,72623.562
873.747,100.100,54301.574,72623.562
874.774,99.300,54301.574,72623.562
875.803,100.100,54301.574,72623.562
876.832,100.100,54304.234,72623.562
877.861,100.100,54304.234,72623.562
878.890,100.000,54304.234,72623.562
879.919,100.100,54304.387,72623.562
880.948,100.100,54304.387,72623.562
881.977,100.100,54304.387,72623.562
883.006,100.100,54304.387,72623.562
884.035,100.100,54304.387,72623.562
885.064,99.100,54306.398,72623.562
886.093,100.100,54306.398,72623.562
887.122,100.100,54306.398,72623.562
888.151,100.100,54306.398,72623.562
889.180,100.100,54306.398,72623.562
890.208,100.100,54306.398,72623.562
891.238,100.100,54306.398,72623.562
892.267,100.100,54306.398,72623.562
893.295,99.100,54306.398,72623.562
894.325,100.100,54306.398,72623.562
895.353,100.100,54306.398,72623.562
896.383,100.000,54306.594,72623.562
897.413,100.100,54306.594,72623.562
898.441,100.100,54306.594,72623.562
899.470,100.100,54306.594,72623.562
900.499,100.100,54306.594,72623.562
901.528,100.100,54306.594,72623.562
902.557,100.100,54306.594,72623.562
903.586,100.100,54306.594,72623.562
904.615,100.100,54306.594,72623.562
905.643,100.100,54306.594,72623.562
906.672,100.100,54306.594,72623.562
907.701,100.100,54306.594,72623.562
908.731,100.100,54306.594,72623.562
909.760,100.100,54306.594,72623.562
910.787,100.200,54306.594,72623.562
911.816,100.100,54306.594,72623.562
912.846,100.100,54306.594,72623.562
913.874,99.100,54306.594,72623.562
914.903,100.100,54344.914,72661.883
915.932,99.200,54344.914,72661.883
916.961,100.100,54344.914,72661.883
917.990,100.100,54344.914,72661.883
919.019,100.100,54344.914,72661.883
920.048,100.100,54344.914,72661.883
921.077,100.100,54344.914,72661.883
922.106,100.100,54344.914,72661.883
923.135,100.100,54344.914,72661.883
924.164,100.100,54344.914,72661.883
925.193,100.100,54344.914,72661.883
926.222,100.100,54344.914,72661.883
927.252,100.000,54344.914,72661.883
928.281,100.100,54344.914,72661.883
929.309,99.200,54344.914,72661.883
930.338,100.100,54344.914,72661.883
931.367,100.100,54344.914,72661.883
932.396,100.100,54344.914,72661.883
933.425,100.100,54344.914,72661.883
934.454,100.100,54344.914,72661.883
935.483,100.100,54344.914,72661.883
936.512,100.100,54344.914,72661.883
937.541,100.100,54344.914,72661.883
938.570,100.100,54344.914,72661.883
939.600,100.000,54344.914,72661.883
940.629,100.100,54344.914,72661.883
941.658,99.100,54344.914,72661.883
942.687,100.100,54344.914,72661.883
943.716,100.100,54344.914,72661.883
944.745,100.100,54344.914,72661.883
945.773,100.200,54344.914,72661.883
946.803,100.100,54344.914,72661.883
947.832,100.100,54344.914,72661.883
948.861,100.100,54344.914,72661.883
949.890,100.100,54344.914,72661.883
950.919,100.100,54344.914,72661.883
951.948,100.100,54344.914,72661.883
952.976,99.100,54344.914,72661.883
954.006,100.100,54344.914,72661.883
955.034,100.100,54344.914,72661.883
956.064,100.100,54344.914,72661.883
957.093,100.000,54344.914,72661.883
958.122,100.100,54344.914,72661.883
959.151,100.100,54344.914,72661.883
960.180,100.100,54344.914,72661.883
961.209,100.100,54344.914,72661.883
962.238,100.100,54344.914,72661.883
963.267,100.100,54344.914,72661.883
964.296,100.100,54344.914,72661.883
965.325,100.100,54344.914,72661.883
966.354,99.100,54344.914,72661.883
967.383,100.100,54344.914,72661.883
968.412,100.100,54344.914,72661.883
969.441,100.100,54344.914,72661.883
970.470,100.100,54344.914,72661.883
971.499,100.100,54344.914,72661.883
972.528,100.100,54344.914,72661.883
973.557,100.100,54344.914,72661.883
974.586,100.100,54344.914,72661.883
975.615,100.100,54344.914,72661.883
976.644,100.100,54344.914,72661.883
977.673,99.100,54344.914,72661.883
978.703,100.100,54344.914,72661.883
979.732,100.100,54344.914,72661.883
980.761,100.100,54344.914,72661.883
981.788,100.200,54344.914,72661.883
982.817,100.100,54344.914,72661.883
983.846,100.100,54344.914,72661.883
984.875,100.100,54344.914,72661.883
985.904,101.100,54344.914,72661.883
986.934,100.000,54344.914,72661.883
987.964,100.100,54344.914,72661.883
988.992,100.100,54344.914,72661.883
990.021,99.100,54344.914,72661.883
991.050,100.100,54344.914,72661.883
992.079,100.100,54344.914,72661.883
993.108,100.100,54344.914,72661.883
994.137,100.100,54344.914,72661.883
995.166,100.100,54344.914,72661.883
996.195,100.100,54344.914,72661.883
997.224,100.100,54344.914,72661.883
998.253,100.100,54344.914,72661.883
999.281,100.100,54344.914,72661.883
1000.311,100.000,54344.914,72661.883
1001.340,99.100,54344.914,72661.883
1002.369,100.100,54344.914,72661.883
1003.398,100.100,54344.914,72661.883
1004.427,100.100,54344.914,72661.883
1005.456,100.100,54344.914,72661.883
1006.485,100.100,54344.914,72661.883
1007.514,100.100,54344.914,72661.883
1008.543,100.100,54344.914,72661.883
1009.572,100.100,54344.914,72661.883
1010.601,100.100,54344.914,72661.883
1011.630,100.100,54344.914,72661.883
1012.659,99.100,54344.914,72661.883
1013.688,100.100,54344.914,72661.883
1014.717,100.100,54344.914,72661.883
1015.746,100.100,54344.914,72661.883
1016.774,100.200,54344.914,72661.883
1017.804,100.100,54344.914,72661.883
1018.833,100.100,54344.914,72661.883
1019.861,100.100,54344.914,72661.883
1020.890,100.100,54344.914,72661.883
1021.920,100.100,54344.914,72661.883
1022.949,100.100,54344.914,72661.883
1023.977,99.100,54344.914,72661.883
1025.006,100.100,54344.914,72661.883
1026.035,100.100,54344.914,72661.883
1027.064,100.100,54344.914,72661.883
1028.093,100.100,54344.914,72661.883
1029.122,100.100,54344.914,72661.883
1030.151,100.100,54344.914,72661.883
1031.180,100.100,54344.914,72661.883
1032.209,100.100,54344.914,72661.883
1033.238,100.100,54344.914,72661.883
1034.267,100.100,54344.914,72661.883
1035.296,99.100,54344.914,72661.883
1036.326,100.100,54344.914,72661.883
1037.355,100.100,54344.914,72661.883
1038.384,100.100,54344.914,72661.883
1039.413,100.100,54344.914,72661.883
1040.442,100.100,54344.914,72661.883
1041.471,100.100,54344.914,72661.883
1042.500,100.100,54344.914,72661.883
1043.529,100.100,54344.914,72661.883
1044.558,100.100,54344.914,72661.883
1045.587,100.100,54344.914,72661.883
1046.617,100.000,54344.914,72661.883
1047.646,100.100,54344.914,72661.883
1048.675,100.100,54344.914,72661.883
1049.704,99.100,54344.914,72661.883
1050.733,100.100,54344.914,72661.883
1051.762,100.100,54344.914,72661.883
1052.790,100.200,54344.914,72661.883
1053.819,100.100,54344.914,72661.883
1054.848,100.100,54344.914,72661.883
1055.877,100.100,54344.914,72661.883
1056.906,100.100,54344.914,72661.883
1057.936,100.100,54344.914,72661.883
1058.965,100.100,54344.914,72661.883
1059.994,100.100,54344.914,72661.883
1061.024,100.000,54344.914,72661.883
1062.053,100.100,54344.914,72661.883
1063.082,100.100,54344.914,72661.883
1064.112,99.100,54344.914,72661.883
1065.141,100.100,54344.914,72661.883
1066.170,100.100,54344.914,72661.883
1067.199,100.100,54344.914,72661.883
1068.228,100.100,54344.914,72661.883
1069.257,100.100,54344.914,72661.883
1070.287,100.100,54344.914,72661.883
1071.316,100.100,54344.914,72661.883
1072.345,100.100,54344.914,72661.883
1073.374,100.100,54344.914,72661.883
1074.404,100.100,54344.914,72661.883
1075.433,100.100,54344.914,72661.883
1076.463,100.000,54344.914,72661.883
1077.492,100.100,54344.914,72661.883
1078.521,100.100,54344.914,72661.883
1079.550,99.100,54344.914,72661.883
1080.579,100.100,54344.914,72661.883
1081.608,100.100,54344.914,72661.883
1082.637,100.100,54344.914,72661.883
1083.666,100.100,54344.914,72661.883
1084.695,100.100,54344.914,72661.883
1085.724,100.100,54344.914,72661.883
1086.753,100.100,54344.914,72661.883
1087.781,100.200,54344.914,72661.883
1088.810,100.100,54344.914,72661.883
1089.839,100.100,54344.914,72661.883
1090.868,99.200,54344.914,72661.883
1091.897,100.100,54344.914,72661.883
1092.926,100.100,54344.914,72661.883
1093.955,100.100,54344.914,72661.883
1094.984,100.100,54344.914,72661.883
1096.013,100.100,54344.914,72661.883
1097.042,100.100,54344.914,72661.883
1098.070,100.100,54344.914,72661.883
1099.099,100.100,54344.914,72661.883
1100.128,100.100,54344.914,72661.883
1101.157,99.100,54344.914,72661.883
1102.186,100.100,54344.914,72661.883
1103.215,100.100,54344.914,72661.883
1104.244,100.100,54344.914,72661.883
1105.273,100.100,54344.914,72661.883
1106.302,100.100,54344.914,72661.883
1107.331,100.000,54344.914,72661.883
1108.361,100.100,54344.914,72661.883
1109.389,100.100,54344.914,72661.883
1110.418,100.100,54344.914,72661.883
1111.447,100.100,54344.914,72661.883
1112.476,99.100,54344.914,72661.883
1113.505,100.100,54344.914,72661.883
1114.533,100.100,54344.914,72661.883
1115.563,100.100,54344.914,72661.883
1116.592,100.100,54344.914,72661.883
1117.621,100.100,54344.914,72661.883
1118.650,100.100,54344.914,72661.883
1119.678,100.100,54344.914,72661.883
1120.708,100.100,54344.914,72661.883
1121.737,100.000,54344.914,72661.883
1122.766,100.100,54344.914,72661.883
1123.793,100.200,54344.914,72661.883
1124.823,100.100,54344.914,72661.883
1125.851,99.100,54344.914,72661.883
1126.880,100.100,54344.914,72661.883
1127.909,100.100,54344.914,72661.883
1128.939,100.100,54344.914,72661.883
1129.967,100.100,54344.914,72661.883
1130.996,100.100,54344.914,72661.883
1132.025,100.100,54344.914,72661.883
1133.054,100.100,54344.914,72661.883
1134.083,100.100,54344.914,72661.883
1135.112,100.100,54344.914,72661.883
1136.141,100.100,54344.914,72661.883
1137.171,100.000,54344.914,72661.883
1138.200,99.100,54344.914,72661.883
1139.229,100.100,54344.914,72661.883
1140.257,100.100,54344.914,72661.883
1141.286,100.100,54344.914,72661.883
1142.315,100.100,54344.914,72661.883
1143.344,100.100,54344.914,72661.883
1144.372,100.100,54344.914,72661.883
1145.401,100.100,54344.914,72661.883
1146.430,100.100,54344.914,72661.883
1147.459,100.100,54344.914,72661.883
1148.488,99.100,54344.914,72661.883
1149.517,100.100,54344.914,72661.883
1150.545,100.100,54344.914,72661.883
1151.575,100.100,54251.438,72568.406
1152.604,100.100,54251.438,72568.406
1153.633,100.100,54251.438,72568.406
1154.661,100.100,54251.438,72568.406
1155.690,100.100,54251.438,72568.406
1156.719,100.100,54251.438,72568.406
1157.748,100.100,54251.438,72568.406
1158.776,99.300,54251.438,72568.406
1159.805,100.100,54251.438,72568.406
1160.833,100.100,54251.438,72568.406
1161.863,100.100,54251.438,72568.406
1162.891,100.100,54251.438,72568.406
1163.920,100.100,54251.438,72568.406
1164.949,100.100,54251.438,72568.406
1165.978,100.100,54251.438,72568.406
1167.008,100.000,54251.438,72568.406
1168.037,100.100,54251.438,72568.406
1169.066,100.100,54251.438,72568.406
1170.095,99.100,54251.438,72568.406
1171.123,100.100,54251.438,72568.406
1172.152,100.100,54251.438,72568.406
1173.181,100.100,54251.438,72568.406
1174.210,100.100,54251.438,72568.406
1175.239,100.100,54251.438,72568.406
1176.268,100.100,54251.438,72568.406
1177.298,100.100,54251.438,72568.406
1178.327,100.100,54251.438,72568.406
1179.355,100.100,54251.438,72568.406
1180.384,100.100,54251.438,72568.406
1181.413,99.100,54251.438,72568.406
1182.443,100.000,54251.438,72568.406
1183.472,100.100,54251.438,72568.406
1184.501,100.100,54251.438,72568.406
1185.530,100.100,54251.438,72568.406
1186.559,100.100,54251.438,72568.406
1187.588,100.100,54251.438,72568.406
1188.617,100.100,54251.438,72568.406
1189.646,100.100,54251.438,72568.406
1190.674,99.100,54251.438,72568.406
1191.703,100.100,54251.438,72568.406
1192.732,100.100,54251.438,72568.406
1193.761,100.100,54251.438,72568.406
1194.789,100.200,54251.438,72568.406
1195.818,100.100,54251.438,72568.406
1196.847,100.000,54251.438,72568.406
1197.876,100.100,54251.438,72568.406
1198.905,100.100,54251.438,72568.406
1199.934,100.100,54251.438,72568.406
1200.963,100.100,54251.438,72568.406
1201.992,99.100,54251.438,72568.406
1203.021,100.100,54251.438,72568.406
1204.050,100.100,54251.438,72568.406
1205.078,100.100,54251.438,72568.406
1206.108,100.100,54251.438,72568.406
1207.136,100.100,54251.438,72568.406
1208.165,100.100,54251.438,72568.406
1209.194,100.100,54251.438,72568.406
1210.223,100.100,54251.438,72568.406
1211.252,100.100,54251.438,72568.406
1212.281,99.100,54251.438,72568.406
1213.310,100.100,54251.438,72568.406
1214.339,100.100,54251.438,72568.406
1215.368,100.100,54251.438,72568.406
1216.396,100.100,54251.438,72568.406
1217.425,100.100,54251.438,72568.406
1218.454,100.100,54251.438,72568.406
1219.483,100.100,54251.438,72568.406
1220.512,100.100,54251.438,72568.406
1221.541,99.100,54251.438,72568.406
1222.569,100.100,54251.438,72568.406
1223.598,100.100,54251.438,72568.406
1224.627,100.100,54251.438,72568.406
1225.656,100.100,54251.438,72568.406
1226.686,100.000,54251.438,72568.406
1227.715,100.100,54251.438,72568.406
1228.744,100.100,54251.438,72568.406
1229.772,100.200,54251.438,72568.406
1230.801,100.100,54251.438,72568.406
1231.829,99.100,54251.438,72568.406
1232.858,100.100,54251.438,72568.406
1233.887,100.100,54251.438,72568.406
1234.916,100.100,54251.438,72568.406
1235.945,100.100,54251.438,72568.406
1236.974,100.100,54251.438,72568.406
1238.002,100.100,54251.438,72568.406
1239.031,100.100,54251.438,72568.406
1240.060,100.100,54251.438,72568.406
1241.089,100.100,54251.438,72568.406
1242.118,99.100,54251.438,72568.406
1243.148,100.000,54251.438,72568.406
1244.177,100.100,54251.438,72568.406
1245.206,100.100,54251.438,72568.406
1246.235,100.100,54251.438,72568.406
1247.263,100.100,54251.438,72568.406
1248.292,100.100,54251.438,72568.406
1249.320,100.200,54251.438,72568.406
1250.349,100.100,54251.438,72568.406
1251.378,100.100,54251.438,72568.406
1252.407,100.100,54251.438,72568.406
1253.436,99.100,54251.438,72568.406
1254.465,100.100,54251.438,72568.406
1255.495,100.100,54251.438,72568.406
1256.524,100.000,54251.438,72568.406
1257.554,100.100,54251.438,72568.406
1258.582,100.100,54251.438,72568.406
1259.611,100.100,54251.438,72568.406
1260.640,100.100,54251.438,72568.406
1261.669,100.100,54251.438,72568.406
1262.698,100.100,54251.438,72568.406
1263.727,100.100,54251.438,72568.406
1264.755,99.100,54251.438,72568.406
1265.783,100.200,54251.438,72568.406
1266.812,100.100,54251.438,72568.406
1267.841,100.100,54251.438,72568.406
1268.870,100.100,54251.438,72568.406
1269.899,100.100,54251.438,72568.406
1270.928,100.100,54251.438,72568.406
1271.957,100.100,54251.438,72568.406
1272.985,100.100,54251.438,72568.406
1274.014,99.100,54251.438,72568.406
1275.043,100.100,54251.438,72568.406
1276.072,100.100,54251.438,72568.406
1277.101,100.100,54251.438,72568.406
1278.130,100.100,54251.438,72568.406
1279.158,100.100,54251.438,72568.406
1280.187,100.100,54251.438,72568.406
1281.216,100.100,54251.438,72568.406
1282.245,100.100,54251.438,72568.406
1283.274,100.100,54251.438,72568.406
1284.301,99.300,54251.438,72568.406
1285.330,100.100,54251.438,72568.406
1286.358,100.100,54251.438,72568.406
1287.388,100.000,54251.438,72568.406
1288.417,100.100,54251.438,72568.406
1289.446,100.100,54251.438,72568.406
1290.475,100.100,54251.438,72568.406
1291.504,100.100,54251.438,72568.406
1292.532,99.200,54251.438,72568.406
1293.561,100.100,54251.438,72568.406
1294.590,100.100,54251.438,72568.406
1295.618,100.100,54251.438,72568.406
1296.647,100.100,54251.438,72568.406
1297.676,100.100,54251.438,72568.406
1298.705,100.100,54251.438,72568.406
1299.734,100.100,54251.438,72568.406
1300.762,100.100,54251.438,72568.406
1301.790,99.200,54251.438,72568.406
1302.819,100.100,54251.438,72568.406
1303.848,100.100,54251.438,72568.406
1304.877,100.100,54251.438,72568.406
1305.906,100.100,54251.438,72568.406
1306.935,100.100,54251.438,72568.406
1307.964,100.100,54251.438,72568.406
1308.993,100.100,54251.438,72568.406
1310.021,100.100,54251.438,72568.406
1311.050,100.100,54251.438,72568.406
1312.079,99.100,54251.438,72568.406
1313.108,100.100,54251.438,72568.406
1314.137,100.100,54251.438,72568.406
1315.165,100.100,54251.438,72568.406
1316.194,100.100,54251.438,72568.406
1317.224,100.000,54251.438,72568.406
1318.253,100.100,54251.438,72568.406
1319.282,100.100,54251.438,72568.406
1320.310,100.100,54251.438,72568.406
1321.339,100.100,54251.438,72568.406
1322.368,99.100,54251.438,72568.406
1323.397,100.100,54251.438,72568.406
1324.425,100.100,54251.438,72568.406
1325.454,100.100,54251.438,72568.406
1326.483,100.100,54251.438,72568.406
1327.512,100.100,54251.438,72568.406
1328.540,100.100,54251.438,72568.406
1329.569,100.100,54251.438,72568.406
1330.598,101.100,54251.438,72568.406
1331.626,99.200,54251.438,72568.406
1332.655,100.100,54251.438,72568.406
1333.684,100.100,54251.438,72568.406
1334.713,100.100,54251.438,72568.406
1335.742,100.100,54251.438,72568.406
1336.771,100.200,54251.438,72568.406
1337.800,100.100,54251.438,72568.406
1338.829,100.100,54251.438,72568.406
1339.858,100.100,54251.438,72568.406
1340.886,99.100,54251.438,72568.406
1341.915,100.100,54251.438,72568.406
1342.944,100.100,54251.438,72568.406
1343.973,100.100,54251.438,72568.406
1345.002,100.100,54251.438,72568.406
1346.031,100.100,54251.438,72568.406
1347.060,100.000,54251.438,72568.406
1348.089,100.100,54251.438,72568.406
1349.118,100.100,54251.438,72568.406
1350.147,100.100,54251.438,72568.406
1351.176,99.100,54251.438,72568.406
1352.204,100.100,54251.438,72568.406
1353.233,100.100,54251.438,72568.406
1354.262,100.100,54251.438,72568.406
1355.290,100.100,54251.438,72568.406
1356.319,100.100,54251.438,72568.406
1357.348,100.100,54251.438,72568.406
1358.377,100.100,54251.438,72568.406
1359.406,100.100,54251.438,72568.406
1360.434,99.200,54251.438,72568.406
1361.463,100.100,54251.438,72568.406
1362.492,100.100,54251.438,72568.406
1363.521,100.000,54251.438,72568.406
1364.550,100.100,54251.438,72568.406
1365.579,100.100,54251.438,72568.406
1366.608,100.100,54251.438,72568.406
1367.637,100.100,54251.438,72568.406
1368.665,100.100,54251.438,72568.406
1369.694,100.100,54251.438,72568.406
1370.723,99.100,54251.438,72568.406
1371.752,100.100,54251.438,72568.406
1372.778,100.400,54251.438,72568.406
1373.807,100.100,54251.438,72568.406
1374.836,100.100,54251.438,72568.406
1375.864,100.100,54251.438,72568.406
1376.894,100.000,54251.438,72568.406
1377.923,100.100,54251.438,72568.406
1378.952,99.100,54251.438,72568.406
1379.981,100.100,54251.438,72568.406
1381.009,100.100,54251.438,72568.406
1382.038,100.100,54251.438,72568.406
1383.067,100.100,54251.438,72568.406
1384.096,100.100,54251.438,72568.406
1385.124,100.100,54251.438,72568.406
1386.153,100.100,54251.438,72568.406
1387.182,99.200,54251.438,72568.406
1388.210,100.100,54251.438,72568.406
1389.239,100.100,54251.438,72568.406
1390.268,100.100,54251.438,72568.406
1391.297,100.100,54251.438,72568.406
1392.325,100.100,54251.438,72568.406
1393.354,100.100,54251.438,72568.406
1394.383,100.100,54251.438,72568.406
1395.412,100.100,54251.438,72568.406
1396.441,100.100,54251.438,72568.406
1397.470,99.100,54251.438,72568.406
1398.499,100.100,54251.438,72568.406
1399.528,100.100,54251.438,72568.406
1400.556,100.100,54251.438,72568.406
1401.585,100.100,54251.438,72568.406
1402.614,100.100,54251.438,72568.406
1403.643,100.100,54251.438,72568.406
1404.672,100.100,54251.438,72568.406
1405.701,100.100,54251.438,72568.406
1406.730,100.000,54251.438,72568.406
1407.759,100.100,54251.438,72568.406
1408.787,99.300,54251.438,72568.406
1409.815,100.100,54251.438,72568.406
1410.844,100.100,54251.438,72568.406
1411.873,100.100,54251.438,72568.406
1412.902,100.100,54251.438,72568.406
1413.930,100.100,54251.438,72568.406
1414.959,100.100,54251.438,72568.406
1415.988,100.100,54251.438,72568.406
1417.017,99.100,54251.438,72568.406
1418.045,100.100,54251.438,72568.406
1419.074,100.100,54251.438,72568.406
1420.103,100.100,54251.438,72568.406
1421.132,100.100,54251.438,72568.406
1422.161,100.100,54251.438,72568.406
1423.190,100.100,54251.438,72568.406
1424.218,100.100,54251.438,72568.406
1425.249,99.000,54251.438,72568.406
1426.278,100.000,54251.438,72568.406
1427.307,100.100,54251.438,72568.406
1428.336,100.100,54251.438,72568.406
1429.365,100.100,54251.438,72568.406
1430.393,100.100,54251.438,72568.406
1431.422,100.100,54251.438,72568.406
1432.451,100.100,54251.438,72568.406
1433.480,100.100,54251.438,72568.406
1434.508,99.200,54251.438,72568.406
1435.537,100.100,54251.438,72568.406
1436.566,100.100,54251.438,72568.406
1437.596,100.100,54251.438,72568.406
1438.624,100.100,54251.438,72568.406
1439.653,100.100,54251.438,72568.406
1440.682,100.100,54251.438,72568.406
1441.711,100.100,54251.438,72568.406
1442.740,100.100,54251.438,72568.406
1443.768,100.200,54251.438,72568.406
1444.797,99.200,54251.438,72568.406
1445.826,100.100,54251.438,72568.406
1446.855,100.100,54251.438,72568.406
1447.884,100.100,54251.438,72568.406
1448.913,100.100,54251.438,72568.406
1449.942,100.100,54251.438,72568.406
1450.971,100.100,54251.438,72568.406
1452.000,100.100,54251.438,72568.406
1453.029,100.100,54251.438,72568.406
1454.058,100.100,54251.438,72568.406
1455.087,100.100,54251.438,72568.406
1456.116,99.100,54251.438,72568.406
1457.145,100.100,54251.438,72568.406
1458.174,100.100,54251.438,72568.406
1459.203,100.100,54251.438,72568.406
1460.232,100.100,54251.438,72568.406
1461.261,100.100,54251.438,72568.406
1462.291,100.100,54251.438,72568.406
1463.320,100.100,54251.438,72568.406
1464.349,100.100,54251.438,72568.406
1465.378,100.100,54288.988,72606.180
1466.409,99.900,54288.988,72606.180
1467.438,100.100,54289.211,72606.180
1468.467,100.100,54289.211,72606.180
1469.496,100.100,54289.211,72606.180
1470.525,100.100,54289.211,72606.180
1471.554,100.100,54289.211,72606.180
1472.583,100.100,54289.211,72606.180
1473.612,100.100,54289.211,72606.180
1474.640,100.100,54289.211,72606.180
1475.669,99.100,54289.211,72606.180
1476.698,100.100,54289.211,72606.180
1477.727,100.100,54289.211,72606.180
1478.756,100.100,54289.211,72606.180
1479.784,100.200,54289.211,72606.180
1480.813,100.100,54289.211,72606.180
1481.842,100.100,54289.211,72606.180
1482.871,100.100,54289.211,72606.180
1483.900,100.100,54289.211,72606.180
1484.929,100.100,54289.211,72606.180
1485.959,100.000,54289.211,72606.180
1486.988,99.100,54289.211,72606.180
1488.017,100.100,54289.211,72606.180
1489.046,100.100,54289.211,72606.180
1490.074,100.100,54289.211,72606.180
1491.104,100.100,54289.211,72606.180
1492.132,100.100,54289.211,72606.180
1493.161,100.100,54289.211,72606.180
1494.190,100.100,54289.211,72606.180
1495.220,100.100,54289.211,72606.180
1496.249,100.100,54289.211,72606.180
1497.278,100.000,54289.211,72606.180
1498.307,100.100,54289.211,72606.180
1499.336,99.100,54289.211,72606.180
1500.365,100.100,54289.211,72606.180
1501.394,100.100,54289.211,72606.180
1502.423,100.100,54289.211,72606.180
1503.452,100.100,54289.211,72606.180
1504.481,100.100,54289.211,72606.180
1505.510,100.100,54289.211,72606.180
1506.539,100.100,54289.211,72606.180
1507.567,100.100,54289.211,72606.180
1508.597,100.100,54289.211,72606.180
1509.625,99.200,54289.211,72606.180
1510.654,100.100,54289.211,72606.180
1511.683,100.100,54289.211,72606.180
1512.712,100.100,54289.211,72606.180
1513.741,100.100,54289.211,72606.180
1514.770,100.100,54289.211,72606.180
1515.799,100.100,54289.211,72606.180
1516.828,100.100,54289.211,72606.180
1517.857,100.100,54289.211,72606.180
1518.885,100.100,54289.211,72606.180
1519.915,100.100,54289.211,72606.180
1520.943,99.100,54289.211,72606.180
1521.973,100.100,54289.211,72606.180
1523.002,100.100,54289.211,72606.180
1524.031,100.100,54289.211,72606.180
1525.060,100.100,54289.211,72606.180
1526.089,100.100,54289.211,72606.180
1527.118,100.000,54289.211,72606.180
1528.148,100.100,54289.211,72606.180
1529.176,100.100,54289.211,72606.180
1530.205,100.100,54289.211,72606.180
1531.234,100.100,54289.211,72606.180
1532.263,100.100,54289.211,72606.180
1533.292,100.100,54289.211,72606.180
1534.321,99.100,54289.211,72606.180
1535.350,100.100,54289.211,72606.180
1536.379,100.100,54289.211,72606.180
1537.408,100.100,54289.211,72606.180
1538.437,100.100,54289.211,72606.180
1539.466,100.100,54289.211,72606.180
1540.495,100.100,54289.211,72606.180
1541.524,100.100,54289.211,72606.180
1542.553,100.100,54289.211,72606.180
1543.582,100.100,54289.211,72606.180
1544.611,100.100,54289.211,72606.180
1545.640,100.100,54289.211,72606.180
1546.670,100.000,54289.211,72606.180
1547.699,99.100,54289.211,72606.180
1548.728,100.100,54289.211,72606.180
1549.758,100.100,54289.211,72606.180
1550.785,100.200,54289.211,72606.180
1551.814,100.100,54289.211,72606.180
1552.843,100.100,54289.211,72606.180
1553.872,100.100,54289.211,72606.180
1554.901,100.100,54289.211,72606.180
1555.930,99.100,54289.211,72606.180
1556.960,100.000,54289.211,72606.180
1557.989,100.100,54289.211,72606.180
1559.018,100.100,54289.211,72606.180
1560.046,100.100,54289.211,72606.180
1561.075,100.100,54289.211,72606.180
1562.104,100.100,54289.211,72606.180
1563.133,100.100,54289.211,72606.180
1564.162,100.100,54289.211,72606.180
1565.191,100.100,54289.211,72606.180
1566.220,100.100,54289.211,72606.180
1567.248,99.200,54289.211,72606.180
1568.277,100.100,54289.211,72606.180
1569.306,100.100,54289.211,72606.180
1570.335,100.100,54289.211,72606.180
1571.364,100.100,54289.211,72606.180
1572.393,100.100,54289.211,72606.180
1573.422,100.100,54289.211,72606.180
1574.451,100.100,54289.211,72606.180
1575.480,100.100,54289.211,72606.180
1576.509,100.100,54289.211,72606.180
1577.538,100.100,54289.211,72606.180
1578.567,100.100,54289.211,72606.180
1579.596,99.100,54289.211,72606.180
1580.625,100.100,54289.211,72606.180
1581.654,100.100,54289.211,72606.180
1582.683,100.100,54289.211,72606.180
1583.712,100.100,54289.211,72606.180
1584.741,100.100,54289.211,72606.180
1585.770,100.100,54289.211,72606.180
1586.799,100.000,54289.211,72606.180
1587.829,100.100,54289.211,72606.180
1588.858,100.100,54289.211,72606.180
1589.886,100.100,54289.211,72606.180
1590.915,100.100,54289.211,72606.180
1591.944,99.100,54289.211,72606.180
1592.973,100.100,54289.211,72606.180
1594.002,100.100,54289.211,72606.180
1595.031,100.100,54289.211,72606.180
1596.060,100.100,54289.211,72606.180
1597.089,100.100,54289.211,72606.180
1598.118,100.100,54289.211,72606.180
1599.147,100.100,54289.211,72606.180
1600.176,100.100,54289.211,72606.180
1601.205,100.100,54289.211,72606.180
1602.234,100.100,54289.211,72606.180
1603.263,100.100,54289.211,72606.180
1604.292,99.100,54289.211,72606.180
1605.321,100.100,54289.211,72606.180
1606.350,100.100,54289.211,72606.180
1607.380,100.000,54289.211,72606.180
1608.409,101.100,54289.211,72606.180
1609.438,100.100,54289.211,72606.180
1610.467,100.100,54289.211,72606.180
1611.496,100.100,54289.211,72606.180
1612.525,100.100,54289.211,72606.180
1613.553,99.200,54289.211,72606.180
1614.582,100.100,54289.211,72606.180
1615.611,100.100,54289.211,72606.180
1616.641,100.000,54289.211,72606.180
1617.670,100.000,54289.211,72606.180
1618.699,100.100,54289.211,72606.180
1619.728,100.100,54289.211,72606.180
1620.757,100.100,54289.211,72606.180
1621.785,100.200,54289.211,72606.180
1622.814,100.100,54289.211,72606.180
1623.842,100.100,54289.211,72606.180
1624.871,99.100,54289.211,72606.180
1625.900,100.100,54289.211,72606.180
1626.929,100.100,54289.211,72606.180
1627.958,100.100,54289.211,72606.180
1628.987,100.100,54289.211,72606.180
1630.016,100.100,54289.211,72606.180
1631.045,100.100,54289.211,72606.180
1632.074,100.100,54289.211,72606.180
1633.103,100.100,54289.211,72606.180
1634.132,100.100,54289.211,72606.180
1635.161,99.100,54289.211,72606.180
1636.190,100.100,54289.211,72606.180
1637.218,100.100,54289.211,72606.180
1638.247,100.100,54289.211,72606.180
1639.276,100.100,54289.211,72606.180
1640.305,100.100,54289.211,72606.180
1641.334,100.100,54289.211,72606.180
1642.363,100.100,54289.211,72606.180
1643.392,100.100,54289.211,72606.180
1644.421,100.100,54289.211,72606.180
1645.450,99.100,54289.211,72606.180
1646.479,100.000,54289.211,72606.180
1647.508,100.100,54289.211,72606.180
1648.537,100.100,54289.211,72606.180
1649.566,100.100,54289.211,72606.180
1650.596,100.100,54289.211,72606.180
1651.625,100.100,54289.211,72606.180
1652.654,100.100,54289.211,72606.180
1653.683,100.100,54289.211,72606.180
1654.712,100.100,54289.211,72606.180
1655.741,100.100,54289.211,72606.180
1656.769,99.200,54289.211,72606.180
1657.799,100.100,54289.211,72606.180
1658.828,100.100,54289.211,72606.180
1659.857,100.100,54289.211,72606.180
1660.886,100.100,54289.211,72606.180
1661.915,100.100,54289.211,72606.180
1662.943,100.100,54289.211,72606.180
1663.973,100.000,54289.211,72606.180
1665.002,100.100,54289.211,72606.180
1666.031,100.100,54289.211,72606.180
1667.060,100.100,54289.211,72606.180
1668.090,100.100,54289.211,72606.180
1669.119,100.100,54289.211,72606.180
1670.148,100.100,54289.211,72606.180
1671.176,99.100,54289.211,72606.180
1672.206,100.100,54289.211,72606.180
1673.235,100.100,54289.211,72606.180
1674.264,100.100,54289.211,72606.180
1675.292,100.100,54289.211,72606.180
1676.322,100.100,54289.211,72606.180
1677.351,100.000,54289.211,72606.180
1678.380,100.100,54289.211,72606.180
1679.409,100.100,54289.211,72606.180
1680.438,100.100,54289.211,72606.180
1681.467,100.100,54289.211,72606.180
1682.496,99.100,54289.211,72606.180
1683.524,100.100,54289.211,72606.180
1684.553,100.100,54289.211,72606.180
1685.582,100.100,54289.211,72606.180
1686.611,100.100,54289.211,72606.180
1687.640,100.100,54289.211,72606.180
1688.669,100.100,54289.211,72606.180
1689.698,100.100,54289.211,72606.180
1690.726,100.100,54289.211,72606.180
1691.755,100.100,54289.211,72606.180
1692.783,99.200,54289.211,72606.180
1693.812,100.100,54289.211,72606.180
1694.840,100.100,54289.211,72606.180
1695.869,100.100,54289.211,72606.180
1696.898,100.100,54289.211,72606.180
1697.927,100.100,54289.211,72606.180
1698.956,100.100,54289.211,72606.180
1699.984,100.100,54289.211,72606.180
1701.013,99.100,54289.211,72606.180
1702.042,100.100,54289.211,72606.180
1703.071,100.100,54289.211,72606.180
1704.099,100.100,54289.211,72606.180
1705.128,100.100,54289.211,72606.180
1706.157,100.100,54289.211,72606.180
1707.187,100.000,54289.211,72606.180
1708.216,100.100,54289.211,72606.180
1709.245,100.100,54289.211,72606.180
1710.273,100.100,54289.211,72606.180
1711.302,99.200,54289.211,72606.180
1712.331,100.100,54289.211,72606.180
1713.360,100.100,54289.211,72606.180
1714.388,100.100,54289.211,72606.180
1715.417,100.100,54289.211,72606.180
1716.446,100.100,54289.211,72606.180
1717.475,100.100,54289.211,72606.180
1718.504,99.200,54289.211,72606.180
1719.532,100.100,54289.211,72606.180
1720.561,100.100,54289.211,72606.180
1721.590,100.100,54289.211,72606.180
1722.620,100.100,54251.438,72568.406
1723.648,100.100,54251.438,72568.406
1724.677,100.100,54251.438,72568.406
1725.706,100.100,54251.438,72568.406
1726.735,101.100,54251.438,72568.406
1727.764,100.100,54251.438,72568.406
1728.790,99.400,54251.438,72568.406
1729.819,100.100,54251.438,72568.406
1730.848,100.100,54251.438,72568.406
1731.877,100.100,54251.438,72568.406
1732.906,100.100,54251.438,72568.406
1733.935,100.100,54251.438,72568.406
1734.964,100.100,54251.438,72568.406
1735.993,100.100,54251.438,72568.406
1737.022,100.100,54251.438,72568.406
1738.051,99.100,54251.438,72568.406
1739.080,100.100,54251.438,72568.406
1740.108,100.100,54251.438,72568.406
1741.137,100.100,54251.438,72568.406
1742.166,100.100,54251.438,72568.406
1743.195,100.100,54251.438,72568.406
1744.223,100.100,54251.438,72568.406
1745.252,100.100,54251.438,72568.406
1746.281,100.100,54251.438,72568.406
1747.310,100.100,54251.438,72568.406
1748.339,99.100,54251.438,72568.406
1749.368,100.100,54251.438,72568.406
1750.396,100.100,54251.438,72568.406
1751.425,100.100,54251.438,72568.406
1752.454,100.100,54251.438,72568.406
1753.482,100.100,54251.438,72568.406
1754.511,100.100,54251.438,72568.406
1755.540,100.100,54251.438,72568.406
1756.569,100.100,54251.438,72568.406
1757.598,99.100,54251.438,72568.406
1758.627,100.100,54251.438,72568.406
1759.656,100.100,54251.438,72568.406
1760.685,100.100,54251.438,72568.406
1761.714,100.100,54251.438,72568.406
1762.743,100.100,54251.438,72568.406
1763.771,100.200,54251.438,72568.406
1764.800,100.100,54251.438,72568.406
1765.829,100.100,54251.438,72568.406
1766.859,100.000,54251.438,72568.406
1767.888,99.100,54251.438,72568.406
1768.916,100.100,54251.438,72568.406
1769.945,100.100,54251.438,72568.406
1770.974,100.100,54251.438,72568.406
1772.003,100.100,54251.438,72568.406
1773.031,100.100,54251.438,72568.406
1774.060,100.100,54251.438,72568.406
1775.089,100.100,54251.438,72568.406
1776.118,99.200,54251.438,72568.406
1777.146,100.100,54251.438,72568.406
1778.175,100.100,54251.438,72568.406
1779.204,100.100,54251.438,72568.406
1780.233,100.100,54251.438,72568.406
1781.261,100.100,54251.438,72568.406
1782.290,100.100,54251.438,72568.406
1783.319,100.100,54251.438,72568.406
1784.348,100.100,54251.438,72568.406
1785.377,100.100,54251.438,72568.406
1786.406,99.100,54251.438,72568.406
1787.435,100.100,54251.438,72568.406
1788.464,100.100,54251.438,72568.406
1789.493,100.000,54251.438,72568.406
1790.522,100.100,54251.438,72568.406
1791.551,100.100,54251.438,72568.406
1792.580,100.100,54251.438,72568.406
1793.609,100.100,54251.438,72568.406
1794.638,100.100,54251.438,72568.406
1795.666,100.100,54251.438,72568.406
1796.696,100.000,54251.438,72568.406
1797.725,100.100,54251.438,72568.406
1798.754,99.200,54251.438,72568.406
1799.781,100.300,54251.438,72568.406
1800.810,100.100,54251.438,72568.406
1801.839,100.100,54251.438,72568.406
1802.868,100.100,54251.438,72568.406
1803.897,100.100,54251.438,72568.406
1804.926,100.100,54251.438,72568.406
1805.955,100.100,54251.438,72568.406
1806.984,99.100,54251.438,72568.406
1808.013,100.100,54251.438,72568.406
1809.041,101.100,54251.438,72568.406
1810.070,99.100,54251.438,72568.406
1811.099,100.100,54251.438,72568.406
1812.128,100.100,54251.438,72568.406
1813.156,100.100,54251.438,72568.406
1814.185,100.100,54251.438,72568.406
1815.214,100.100,54251.438,72568.406
1816.243,100.100,54251.438,72568.406
1817.271,100.100,54251.438,72568.406
1818.300,99.100,54251.438,72568.406
1819.329,100.100,54251.438,72568.406
1820.358,100.100,54251.438,72568.406
1821.387,100.100,54251.438,72568.406
1822.416,100.100,54251.438,72568.406
1823.444,100.100,54251.438,72568.406
1824.473,100.100,54251.438,72568.406
1825.502,100.100,54251.438,72568.406
1826.532,100.000,54251.438,72568.406
1827.561,100.100,54251.438,72568.406
1828.590,99.100,54251.438,72568.406
1829.619,100.100,54251.438,72568.406
1830.648,101.100,54251.438,72568.406
1831.677,100.100,54251.438,72568.406
1832.706,99.100,54251.438,72568.406
1833.735,100.100,54251.438,72568.406
1834.763,100.100,54251.438,72568.406
1835.791,100.200,54251.438,72568.406
1836.820,100.100,54251.438,72568.406
1837.849,99.100,54251.438,72568.406
1838.878,101.100,54251.438,72568.406
1839.906,99.100,54251.438,72568.406
1840.935,101.100,54251.438,72568.406
1841.964,100.100,54251.438,72568.406
1842.993,99.100,54251.438,72568.406
1844.022,100.100,54251.438,72568.406
1845.051,99.100,54251.438,72568.406
1846.079,101.100,54251.438,72568.406
1847.108,100.100,54251.438,72568.406
1848.137,99.200,54251.438,72568.406
1849.166,100.100,54251.438,72568.406
1850.195,101.000,54251.438,72568.406
1851.225,100.100,54251.438,72568.406
1852.254,99.100,54251.438,72568.406
1853.283,100.100,54251.438,72568.406
1854.312,100.100,54251.438,72568.406
1855.341,100.100,54251.438,72568.406
1856.369,100.100,54251.438,72568.406
1857.399,100.000,54251.438,72568.406
1858.428,100.100,54251.438,72568.406
1859.457,100.100,54251.438,72568.406
1860.486,100.100,54251.438,72568.406
1861.515,100.100,54251.438,72568.406
1862.544,100.100,54251.438,72568.406
1863.573,100.100,54251.438,72568.406
1864.602,99.200,54251.438,72568.406
1865.630,100.100,54251.438,72568.406
1866.660,100.100,54251.438,72568.406
1867.688,100.100,54251.438,72568.406
1868.717,100.100,54251.438,72568.406
1869.746,100.100,54251.438,72568.406
1870.774,99.300,54251.438,72568.406
1871.803,100.100,54251.438,72568.406
1872.831,100.100,54251.438,72568.406
1873.860,101.100,54251.438,72568.406
1874.889,100.100,54251.438,72568.406
1875.918,99.100,54251.438,72568.406
1876.947,100.100,54251.438,72568.406
1877.976,100.100,54251.438,72568.406
1879.004,100.100,54251.438,72568.406
1880.033,100.100,54251.438,72568.406
1881.062,99.100,54251.438,72568.406
1882.091,101.100,54251.438,72568.406
1883.120,99.100,54251.438,72568.406
1884.149,100.100,54251.438,72568.406
1885.178,101.100,54251.438,72568.406
1886.207,99.100,54251.438,72568.406
1887.236,100.000,54251.438,72568.406
1888.265,100.100,54251.438,72568.406
1889.294,100.100,54251.438,72568.406
1890.323,100.100,54251.438,72568.406
1891.352,99.200,54251.438,72568.406
1892.380,101.100,54251.438,72568.406
1893.409,99.100,54251.438,72568.406
1894.438,100.100,54251.438,72568.406
1895.467,100.100,54251.438,72568.406
1896.496,100.100,54251.438,72568.406
1897.525,101.100,54251.438,72568.406
1898.554,99.100,54251.438,72568.406
1899.583,100.100,54251.438,72568.406
1900.612,99.100,54251.438,72568.406
1901.640,100.100,54251.438,72568.406
1902.669,100.100,54251.438,72568.406
1903.698,100.100,54251.438,72568.406
1904.726,100.100,54251.438,72568.406
1905.755,100.100,54251.438,72568.406
1906.783,100.200,54251.438,72568.406
1907.812,100.100,54251.438,72568.406
1908.841,100.100,54251.438,72568.406
1909.870,99.100,54251.438,72568.406
1910.899,100.000,54251.438,72568.406
1911.928,101.100,54251.438,72568.406
1912.957,99.100,54251.438,72568.406
1913.986,100.100,54251.438,72568.406
1915.015,101.100,54251.438,72568.406
1916.044,99.100,54251.438,72568.406
1917.074,100.000,54251.438,72568.406
1918.103,100.100,54251.438,72568.406
1919.132,100.100,54251.438,72568.406
1920.161,100.100,54251.438,72568.406
1921.189,100.100,54251.438,72568.406
1922.218,100.100,54251.438,72568.406
1923.247,99.100,54251.438,72568.406
1924.276,100.100,54251.438,72568.406
1925.305,100.100,54251.438,72568.406
1926.334,100.100,54251.438,72568.406
1927.363,101.100,54251.438,72568.406
1928.392,99.100,54251.438,72568.406
1929.421,100.100,54251.438,72568.406
1930.449,100.100,54251.438,72568.406
1931.478,100.100,54251.438,72568.406
1932.507,100.100,54251.438,72568.406
1933.536,99.100,54251.438,72568.406
1934.565,101.100,54251.438,72568.406
1935.594,100.100,54251.438,72568.406
1936.623,100.100,54251.438,72568.406
1937.652,100.100,54251.438,72568.406
1938.681,99.100,54251.438,72568.406
1939.710,100.100,54251.438,72568.406
1940.739,100.100,54251.438,72568.406
1941.768,100.100,54251.438,72568.406
1942.797,100.100,54251.438,72568.406
1943.825,100.100,54251.438,72568.406
1944.854,99.100,54251.438,72568.406
1945.883,101.100,54251.438,72568.406
1946.913,99.100,54251.438,72568.406
1947.942,100.100,54251.438,72568.406
1948.970,101.100,54251.438,72568.406
1949.999,100.100,54251.438,72568.406
1951.028,99.100,54251.438,72568.406
1952.057,100.100,54251.438,72568.406
1953.086,100.100,54251.438,72568.406
1954.115,100.100,54251.438,72568.406
1955.144,100.100,54251.438,72568.406
1956.173,100.100,54251.438,72568.406
1957.201,100.100,54251.438,72568.406
1958.230,99.100,54251.438,72568.406
1959.259,101.100,54251.438,72568.406
1960.288,99.100,54251.438,72568.406
1961.317,101.100,54251.438,72568.406
1962.346,99.100,54251.438,72568.406
1963.375,100.100,54251.438,72568.406
1964.404,100.100,54251.438,72568.406
1965.433,100.100,54251.438,72568.406
1966.461,100.100,54251.438,72568.406
1967.490,100.100,54251.438,72568.406
1968.519,100.100,54251.438,72568.406
1969.548,99.100,54251.438,72568.406
1970.577,101.100,54251.438,72568.406
1971.606,100.100,54251.438,72568.406
1972.636,99.100,54251.438,72568.406
1973.664,100.100,54251.438,72568.406
1974.693,101.100,54251.438,72568.406
1975.722,99.200,54251.438,72568.406
1976.752,100.000,54251.438,72568.406
1977.780,100.200,54251.438,72568.406
1978.808,99.200,54251.438,72568.406
1979.837,101.100,54251.438,72568.406
1980.866,100.100,54251.438,72568.406
1981.895,99.100,54251.438,72568.406
1982.923,100.100,54251.438,72568.406
1983.952,100.100,54251.438,72568.406
1984.981,100.100,54251.438,72568.406
1986.010,100.100,54251.438,72568.406
1987.038,100.100,54251.438,72568.406
1988.067,100.100,54251.438,72568.406
1989.097,100.100,54251.438,72568.406
1990.126,100.100,54251.438,72568.406
1991.155,100.100,54252.566,72568.406
1992.184,100.100,54252.566,72568.406
1993.212,100.100,54252.566,72568.406
1994.241,99.100,54294.434,72600.410
1995.271,100.100,54262.430,72568.406
1996.300,100.100,54262.430,72568.406
1997.329,100.100,54262.430,72568.406
1998.358,100.100,54262.566,72568.406
1999.387,100.100,54262.566,72568.406
2000.416,100.100,54262.578,72568.406
2001.445,100.100,54321.988,72568.406
2002.474,100.100,54331.035,72568.406
2003.503,100.000,54350.367,72568.406
2004.533,99.100,54380.125,72568.406
2005.562,101.000,54460.926,72568.406
2006.592,99.100,54483.133,72590.734
2007.621,101.100,54483.168,72590.734
2008.650,99.100,54510.590,72635.391
2009.678,100.100,54511.617,72635.391
2010.707,100.100,54511.617,72635.391
2011.736,100.100,54511.617,72635.391
2012.765,100.100,54511.617,72635.391
2013.793,99.200,54511.617,72635.391
2014.822,100.100,54511.617,72635.391
2015.851,101.100,54521.473,72635.391
2016.880,99.100,54521.473,72635.391
2017.909,101.100,54521.473,72635.391
2018.937,100.100,54521.473,72635.391
2019.966,99.100,54521.473,72635.391
2020.995,101.100,54521.473,72635.391
2022.025,100.000,54521.473,72635.391
2023.054,99.100,54521.566,72635.391
2024.082,100.100,54521.566,72635.391
2025.111,100.100,54521.566,72635.391
2026.140,100.100,54521.566,72635.391
2027.169,100.100,54521.566,72635.391
2028.198,100.100,54521.566,72635.391
2029.227,99.100,54522.020,72635.391
2030.256,100.100,54522.020,72635.391
2031.285,100.100,54522.020,72635.391
2032.315,101.000,54533.016,72635.391
2033.344,99.100,54533.016,72635.391
2034.373,101.100,54533.016,72635.391
2035.402,99.200,54533.582,72635.391
2036.432,99.000,54566.086,72667.395
2037.462,101.000,54566.242,72667.395
2038.490,100.100,54566.242,72667.395
2039.519,99.200,54598.246,72699.398
2040.548,101.100,54598.262,72699.398
2041.577,100.100,54598.262,72699.398
2042.605,100.100,54598.262,72699.398
2043.635,99.100,54630.605,72721.727
2044.664,100.100,54630.605,72721.727
2045.692,100.100,54914.578,73006.508
2046.721,96.200,54916.000,73006.508
2047.750,100.100,54916.785,73006.508
2048.774,99.600,54916.785,73006.508
2049.803,100.100,54853.820,72942.500
2050.832,101.100,54853.836,72942.500
2051.861,99.100,54862.039,72942.500
2052.891,100.100,54862.184,72942.500
2053.920,100.100,54862.754,72942.500
2054.949,100.100,54866.668,72942.500
2055.978,99.100,54876.906,72942.500
2057.007,100.100,54882.348,72942.500
2058.036,100.100,54897.914,72942.500
2059.065,100.100,54964.277,72942.500
2060.094,101.000,55330.043,73273.711
2061.124,99.100,55339.414,73273.711
2062.153,100.100,55339.414,73273.711
2063.182,100.100,55588.047,73687.727
2064.211,100.100,55670.848,73687.727
2065.240,100.100,55671.945,73687.727
2066.269,100.100,55676.656,73687.727
2067.299,100.000,55789.520,73853.336
2068.328,100.100,55955.531,74018.941
2069.357,100.100,56016.895,74018.941
2070.386,100.100,56049.250,74018.941
2071.415,100.100,55746.352,73522.121
2072.444,99.100,55994.770,73853.340
2073.474,100.100,56332.180,74432.965
2074.503,101.000,56496.180,74432.965
2075.532,100.100,56582.055,74681.379
2076.561,99.100,56582.086,74681.379
2077.591,55.400,56582.348,74680.879
