Elapsed_time,CPU,Real_MB,Virtual_MB
0.000,0.000,42.242,12706.812
1.024,96.700,110.836,12707.594
2.055,99.900,141.574,12738.039
3.085,96.100,238.281,12835.867
4.115,97.100,279.242,12877.668
5.173,99.300,389.094,12987.703
6.203,99.900,412.746,13017.488
7.234,98.900,466.406,13071.176
8.266,98.900,504.152,13108.738
9.298,97.900,615.754,13222.090
10.328,93.100,687.023,13294.668
11.358,99.100,689.242,13297.125
12.389,92.200,695.070,13303.934
13.418,97.100,712.793,13322.199
14.447,98.200,713.930,13328.590
15.477,82.500,717.238,13334.859
16.508,79.600,747.441,13366.742
17.538,76.700,771.145,13391.367
18.568,77.600,814.414,13434.762
19.599,80.600,815.059,13436.758
20.627,89.500,818.055,13441.750
21.657,99.000,819.176,13442.750
22.688,82.500,846.230,13478.855
23.718,83.500,962.098,13601.059
24.748,79.600,974.215,13613.777
25.779,83.500,974.906,13614.344
26.807,77.800,975.137,13616.801
27.837,98.100,975.699,13616.301
28.868,75.700,977.824,13655.859
29.898,76.700,985.812,13663.359
30.928,78.600,1017.203,13695.359
31.959,95.100,1062.031,13741.684
32.989,80.600,1057.363,13736.148
34.020,99.000,1057.363,13736.148
35.050,100.000,1202.676,13901.250
36.080,74.800,1299.273,13978.480
37.111,100.000,1308.859,13988.270
38.141,99.900,1308.859,13988.270
39.173,99.900,1394.746,14075.246
40.203,99.000,1394.746,14075.246
41.234,100.000,1394.746,14075.246
42.264,99.000,1394.746,14075.246
43.294,100.000,1394.746,14075.246
44.325,99.900,1394.746,14075.246
45.355,100.000,1499.719,14181.551
46.386,98.100,1499.719,14181.551
47.416,100.900,1499.719,14181.551
48.447,99.000,1499.719,14181.551
49.478,98.900,1499.719,14181.551
50.508,99.000,1499.719,14181.551
51.538,100.000,1499.719,14181.551
52.569,99.000,1499.719,14181.551
53.599,99.900,1499.719,14181.551
54.630,100.000,1528.145,17985.672
55.660,100.000,1699.949,17985.672
56.690,100.000,1800.297,17985.672
57.721,99.900,1804.082,18084.672
58.751,99.900,1811.043,18264.672
59.781,100.000,1811.043,18264.672
60.812,99.900,1819.551,18481.672
61.843,99.900,1829.605,18741.672
62.874,99.900,1842.055,19054.672
63.904,99.900,1856.465,19429.672
64.935,99.900,1874.254,19878.672
65.966,100.900,1895.137,20418.672
66.998,98.900,1904.676,20657.672
68.028,100.000,1920.402,21066.672
69.060,99.800,1950.824,21843.672
70.091,100.900,1987.176,22775.672
71.122,99.900,2031.004,23895.672
72.152,100.000,2083.500,25238.672
73.183,99.900,2083.500,25238.672
74.214,1261.300,8904.008,34344.578
75.245,1251.200,15557.574,34344.578
76.276,604.300,8151.859,22942.055
77.306,99.900,8798.195,23588.055
78.338,99.900,8948.242,23738.055
79.369,100.900,9709.301,24499.055
80.400,99.900,10719.387,25509.055
81.430,99.900,10719.387,25509.055
82.462,99.900,11989.707,26780.055
83.493,100.900,12845.645,27636.055
84.523,99.900,12990.793,27781.055
85.554,98.900,14306.152,29096.055
86.586,88.200,14835.613,29622.812
87.617,90.200,14914.965,29710.078
88.648,100.000,15033.559,29712.078
89.678,100.000,15329.594,36347.828
90.709,99.900,16651.594,36347.828
91.740,99.900,18059.594,36347.828
92.771,99.900,19467.594,36347.828
93.800,100.000,20873.594,36347.828
94.831,99.900,21670.613,36347.832
95.861,100.000,21672.512,36347.832
96.892,99.900,22246.812,42983.582
97.923,99.900,23280.812,42983.582
98.954,99.900,24326.812,42983.582
99.986,100.800,25362.812,42983.582
101.016,99.000,26404.812,42983.582
102.047,100.000,27436.812,42983.582
103.077,100.900,28308.555,42983.582
104.107,145.600,28470.195,45395.910
105.138,99.900,29102.332,46052.812
106.168,100.000,29846.648,46760.770
107.199,99.900,30550.926,47520.703
108.229,99.900,31339.113,48341.734
109.260,100.900,29316.047,46329.039
110.290,99.900,29102.270,46009.070
111.321,100.000,29548.070,46459.766
112.352,99.000,30256.777,47229.113
113.382,100.900,30980.477,48126.859
114.413,99.000,31783.914,48721.555
115.443,99.900,29538.691,46445.043
116.474,100.000,30114.203,47114.930
117.505,100.900,30946.215,47858.047
118.536,99.000,31328.898,48230.336
119.566,100.900,31381.199,48298.117
120.597,99.900,31407.855,48298.117
121.628,99.900,31407.914,48298.117
122.659,99.900,29282.891,46173.094
123.690,100.000,29283.145,46173.094
124.721,99.900,29460.102,46395.973
125.751,99.900,29460.102,46395.973
126.781,100.100,29460.102,46395.973
127.811,100.900,30660.852,50663.121
128.843,98.900,32072.852,50663.121
129.874,100.900,33482.852,50663.121
130.905,99.000,34564.980,54930.359
131.935,100.900,36108.980,54930.359
132.966,99.000,37654.980,54930.359
133.997,99.900,37994.781,54930.359
135.028,99.900,37994.801,54930.359
136.059,100.900,39305.039,59197.508
137.089,99.900,40855.039,59197.508
138.120,99.000,42261.949,59197.508
139.150,146.600,42654.090,59615.699
140.181,99.000,43319.730,60262.480
141.211,99.900,44002.191,60937.711
142.241,101.000,44462.082,61397.945
143.272,99.000,44875.254,61780.711
144.303,100.900,45570.883,62462.457
145.333,99.000,46234.777,63125.500
146.363,100.900,46901.555,63794.102
147.394,100.000,43061.047,59938.281
148.424,99.900,43061.543,59938.281
149.455,99.900,42965.277,59841.133
150.485,100.000,42965.277,59841.133
151.516,99.900,42965.293,59841.133
152.547,99.900,42965.293,59841.133
153.578,99.900,42965.316,59841.133
154.609,100.900,44506.234,64108.281
155.640,98.900,46056.234,64108.281
156.672,99.900,47232.465,64108.281
157.702,100.000,47232.465,64108.281
158.734,99.800,48034.234,68375.430
159.765,99.900,48846.234,68375.430
160.794,100.100,49658.234,68375.430
161.825,99.900,50470.234,68375.430
162.856,99.900,51284.234,68375.430
163.886,100.900,51499.473,68375.430
164.917,100.000,51499.473,68375.430
165.947,99.000,52034.234,72642.578
166.978,99.900,52654.234,72642.578
168.008,100.000,53278.234,72642.578
169.039,100.900,53900.234,72642.578
170.070,99.900,54524.234,72642.578
171.100,100.000,55148.234,72642.578
172.130,99.000,55766.680,72642.578
173.161,100.900,52085.383,72642.578
174.191,99.900,52717.383,72642.578
175.222,100.000,53417.383,72642.578
176.252,100.000,54077.383,72642.578
177.283,99.900,54663.383,72642.578
178.313,100.900,55347.383,72642.578
179.343,99.000,55766.625,72642.578
180.374,100.000,55938.812,72814.859
181.404,100.000,56820.527,73696.602
182.435,100.000,57126.113,74001.930
183.465,100.900,47405.098,64281.074
184.496,98.900,48175.480,65086.539
185.527,99.900,49113.484,65988.645
186.557,100.900,49278.641,66148.191
187.588,99.000,49911.176,66804.797
188.619,99.900,50814.375,67680.336
189.650,99.900,51551.773,68416.621
190.681,100.900,52492.973,69419.520
191.712,99.000,52729.973,69579.066
192.742,100.000,52761.602,69579.066
193.772,100.000,52967.273,69763.188
194.801,100.100,47528.164,64324.016
195.831,100.000,47528.164,64324.016
196.862,100.000,47529.191,64324.016
197.892,100.000,47529.355,64324.016
198.922,100.000,47561.434,64356.020
199.953,100.000,47787.816,64589.117
200.983,99.900,47872.387,64666.801
202.014,100.900,47873.977,64666.801
203.045,99.000,48143.012,64996.238
204.075,100.900,48739.496,66617.152
205.106,98.900,49873.770,66737.430
206.137,99.900,50852.473,67738.012
207.168,98.900,51142.562,68005.449
208.198,99.000,51146.230,68005.449
209.228,100.000,51149.969,68006.035
210.259,99.000,51158.895,68006.035
211.289,100.000,51776.031,68622.379
212.320,99.000,48886.117,65732.242
213.350,99.900,48886.133,65732.242
214.380,100.000,48964.625,65810.320
215.410,100.000,48964.641,65810.320
216.440,100.000,48964.648,65810.320
217.471,100.000,48965.000,65810.320
218.501,100.000,49104.656,65943.621
219.532,98.900,49104.656,65943.621
220.562,100.000,49104.656,65943.621
221.592,100.000,49143.891,65982.852
222.622,100.000,49104.996,65943.941
223.652,100.000,49105.000,65943.941
224.682,100.000,49105.004,65944.059
225.712,99.000,49969.441,66808.637
226.742,101.000,50700.824,67539.934
227.772,99.000,49969.586,66808.637
228.802,100.000,50631.734,67909.742
229.833,99.000,51535.312,68469.070
230.863,100.900,52061.184,68900.219
231.894,99.000,52061.184,68900.219
232.924,100.000,52361.488,69217.191
233.955,99.900,50245.359,67084.395
234.985,100.000,50245.359,67084.395
236.015,100.000,51163.980,71351.543
237.046,99.900,52711.980,71351.543
238.077,99.900,54263.980,71351.543
239.108,60.100,54512.516,71351.559
240.139,92.100,54512.559,71351.543
241.169,99.900,50245.410,67084.395
242.200,100.000,50245.410,67084.395
243.230,100.000,50245.410,67084.395
244.260,100.000,50245.410,67084.395
245.291,100.000,50245.410,67084.395
246.321,99.900,50245.410,67084.395
247.352,100.900,50245.410,67084.395
248.382,99.900,50245.410,67084.395
249.413,98.900,50245.410,67084.395
250.444,99.900,50245.410,67084.395
251.474,100.000,50245.410,67084.395
252.504,100.000,50245.410,67084.395
253.535,100.000,50245.410,67084.395
254.565,100.900,50245.410,67084.395
255.595,99.000,50245.410,67084.395
256.626,100.000,50245.410,67084.395
257.656,100.900,50245.410,67084.395
258.686,100.000,50245.410,67084.395
259.716,100.000,50245.410,67084.395
260.746,100.000,50245.410,67084.395
261.776,100.000,50245.410,67084.395
262.807,99.900,50245.410,67084.395
263.837,100.000,50245.410,67084.395
264.867,100.000,50245.410,67084.395
265.898,100.000,50245.410,67084.395
266.928,100.000,50245.410,67084.395
267.958,100.000,50245.410,67084.395
268.988,100.000,50245.410,67084.395
270.018,99.900,50245.410,67084.395
271.050,100.900,50245.410,67084.395
272.080,100.000,50245.410,67084.395
273.110,100.000,50245.410,67084.395
274.140,100.000,50245.410,67084.395
275.171,99.000,50245.410,67084.395
276.201,100.000,50245.410,67084.395
277.231,100.000,48576.086,65415.066
278.262,100.900,48576.086,65415.066
279.293,98.900,48576.086,65415.066
280.324,100.900,48576.086,65415.066
281.354,100.000,48576.086,65415.066
282.384,100.000,48576.086,65415.066
283.414,100.000,48576.086,65415.066
284.444,100.000,48576.086,65415.066
285.475,100.900,48576.086,65415.066
286.505,100.000,48576.086,65415.066
287.535,100.000,48576.086,65415.066
288.565,99.000,48576.086,65415.066
289.596,100.000,48576.086,65415.066
290.626,100.000,48576.086,65415.066
291.656,100.000,48576.086,65415.066
292.686,100.000,48576.086,65415.066
293.716,100.000,48576.086,65415.066
294.746,100.000,48576.086,65415.066
295.776,100.100,48576.086,65415.066
296.806,100.000,48576.086,65415.066
297.836,100.000,48576.086,65415.066
298.866,100.000,48576.086,65415.066
299.897,100.000,48576.086,65415.066
300.927,100.000,48576.086,65415.066
301.957,100.000,48576.086,65415.066
302.988,100.000,48576.086,65415.066
304.018,100.000,48576.086,65415.066
305.048,100.000,48576.086,65415.066
306.079,99.900,48576.086,65415.066
307.109,100.000,48576.086,65415.066
308.139,100.000,48576.086,65415.066
309.170,99.900,48576.086,65415.066
310.201,100.000,48576.086,65415.066
311.231,100.900,48576.086,65415.066
312.261,100.000,48576.086,65415.066
313.291,100.000,48576.086,65415.066
314.322,100.000,48576.086,65415.066
315.352,100.000,48576.086,65415.066
316.382,100.000,48576.086,65415.066
317.412,100.000,48576.086,65415.066
318.443,100.000,48576.086,65415.066
319.473,100.000,48576.086,65415.066
320.503,100.000,48576.086,65415.066
321.533,100.000,48576.086,65415.066
322.563,100.000,48576.086,65415.066
323.594,100.900,48576.086,65415.066
324.624,100.000,48576.086,65415.066
325.654,100.000,48576.086,65415.066
326.685,100.000,48576.086,65415.066
327.715,100.000,48576.086,65415.066
328.746,99.900,48576.086,65415.066
329.775,100.000,48576.086,65415.066
330.806,100.000,48576.086,65415.066
331.837,99.900,48576.086,65415.066
332.867,100.000,48576.086,65415.066
333.897,100.000,48576.086,65415.066
334.928,100.000,48576.086,65415.066
335.958,100.000,48576.086,65415.066
336.989,99.900,48576.086,65415.066
338.019,100.000,48576.086,65415.066
339.050,99.900,48576.086,65415.066
340.081,100.000,48576.086,65415.066
341.111,100.000,48576.086,65415.066
342.142,100.000,48576.086,65415.066
343.172,100.000,48576.086,65415.066
344.202,101.000,48576.086,65415.066
345.232,100.000,48576.086,65415.066
346.262,100.000,48576.086,65415.066
347.293,100.000,48576.086,65415.066
348.323,100.000,48576.086,65415.066
349.353,99.000,48576.086,65415.066
350.383,100.000,48576.086,65415.066
351.413,100.000,48576.086,65415.066
352.444,100.000,48576.086,65415.066
353.474,100.000,48576.086,65415.066
354.504,100.000,48576.086,65415.066
355.534,100.000,48576.086,65415.066
356.565,100.000,48576.086,65415.066
357.595,100.000,48576.086,65415.066
358.626,100.900,48576.086,65415.066
359.656,100.000,48576.086,65415.066
360.686,100.000,48576.086,65415.066
361.716,99.900,48576.086,65415.066
362.747,100.000,48576.086,65415.066
363.776,100.000,48576.086,65415.066
364.807,100.000,48576.086,65415.066
365.837,100.000,48576.086,65415.066
366.867,101.000,48576.086,65415.066
367.898,100.000,48576.086,65415.066
368.929,98.900,48576.086,65415.066
369.960,100.900,48576.086,65415.066
370.990,100.000,48576.086,65415.066
372.020,100.000,48576.086,65415.066
373.050,100.000,48576.086,65415.066
374.081,100.000,48576.086,65415.066
375.111,100.000,48576.086,65415.066
376.141,99.900,48576.086,65415.066
377.172,100.000,48576.086,65415.066
378.202,100.000,48576.086,65415.066
379.232,100.000,48576.086,65415.066
380.262,100.000,48576.086,65415.066
381.292,100.000,48576.086,65415.066
382.323,100.000,48576.086,65415.066
383.353,100.000,48576.086,65415.066
384.383,100.000,48576.086,65415.066
385.413,100.000,48576.086,65415.066
386.443,100.000,48576.086,65415.066
387.473,100.000,48576.086,65415.066
388.503,100.000,48576.086,65415.066
389.534,100.000,48576.086,65415.066
390.564,100.000,48576.086,65415.066
391.594,100.000,48576.086,65415.066
392.625,99.900,48576.086,65415.066
393.656,100.900,48576.086,65415.066
394.686,100.000,48576.086,65415.066
395.716,100.000,48576.086,65415.066
396.746,99.000,48576.086,65415.066
397.776,100.100,48576.086,65415.066
398.807,99.900,48576.086,65415.066
399.837,100.000,48576.086,65415.066
400.867,100.000,48576.086,65415.066
401.898,101.000,48576.086,65415.066
402.928,99.900,48576.086,65415.066
403.958,100.000,48576.086,65415.066
404.989,100.000,48576.086,65415.066
406.019,100.000,48576.086,65415.066
407.050,99.900,48576.086,65415.066
408.080,100.900,48576.086,65415.066
409.111,99.900,48576.086,65415.066
410.141,100.000,48576.086,65415.066
411.171,99.000,48576.086,65415.066
412.202,100.000,48576.086,65415.066
413.233,100.900,48576.086,65415.066
414.263,99.900,48576.086,65415.066
415.294,100.000,48576.086,65415.066
416.324,100.000,48576.086,65415.066
417.354,100.000,48576.086,65415.066
418.385,100.000,48576.086,65415.066
419.415,100.000,48623.828,65462.809
420.446,100.000,48623.828,65462.809
421.476,100.000,48623.828,65462.809
422.506,100.000,48624.082,65462.809
423.537,99.900,48624.082,65462.809
424.567,100.000,48624.168,65462.809
425.598,99.900,48624.172,65462.809
426.628,100.900,48624.172,65462.809
427.659,99.000,48624.215,65462.809
428.690,100.900,48624.215,65462.809
429.720,99.000,48624.215,65462.809
430.750,100.000,48624.273,65462.809
431.779,100.100,48624.273,65462.809
432.810,101.000,48624.277,65462.809
433.840,99.000,48624.305,65462.809
434.870,100.000,48624.305,65462.809
435.901,100.900,48624.352,65462.809
436.931,99.000,48624.352,65462.809
437.961,99.900,48624.352,65462.809
438.991,100.000,48624.379,65462.809
440.022,100.000,48624.379,65462.809
441.052,100.000,48624.379,65462.809
442.082,100.900,48624.379,65462.809
443.113,99.900,48624.379,65462.809
444.143,100.000,48624.398,65462.809
445.173,100.000,48624.398,65462.809
446.203,100.000,48624.398,65462.809
447.233,100.000,48624.410,65462.809
448.264,100.000,48624.410,65462.809
449.294,100.000,48624.418,65462.809
450.325,100.000,48624.422,65462.809
451.355,100.000,48624.422,65462.809
452.385,100.000,48624.422,65462.809
453.416,99.900,48624.422,65462.809
454.447,100.000,48624.422,65462.809
455.477,100.000,48624.445,65462.809
456.507,99.900,48624.445,65462.809
457.537,101.000,48624.449,65462.809
458.568,100.000,48624.449,65462.809
459.599,99.900,48624.449,65462.809
460.629,99.000,48624.449,65462.809
461.659,100.000,48624.449,65462.809
462.689,100.000,48624.453,65462.809
463.720,101.000,48624.469,65462.809
464.750,100.000,48624.469,65462.809
465.779,100.100,48624.469,65462.809
466.809,100.000,48624.469,65462.809
467.840,100.000,48624.469,65462.809
468.870,100.000,48624.527,65462.809
469.900,100.000,48624.527,65462.809
470.931,99.900,48624.570,65462.809
471.961,100.000,48624.570,65462.809
472.992,99.900,44357.422,61195.660
474.022,100.000,44357.422,61195.660
475.052,100.000,44357.422,61195.660
476.083,100.000,44357.422,61195.660
477.113,100.000,44357.422,61195.660
478.143,100.000,44357.422,61195.660
479.174,100.000,44357.422,61195.660
480.204,100.900,44357.422,61195.660
481.235,100.000,44357.422,61195.660
482.265,100.000,44357.422,61195.660
483.295,100.000,44357.422,61195.660
484.325,100.000,44357.422,61195.660
485.356,100.000,44357.422,61195.660
486.386,99.900,44357.422,61195.660
487.416,100.000,44357.422,61195.660
488.447,100.000,44357.422,61195.660
489.478,99.900,44357.422,61195.660
490.509,99.900,44357.422,61195.660
491.539,100.000,44357.422,61195.660
492.569,100.000,44357.422,61195.660
493.599,99.900,44357.422,61195.660
494.629,100.000,44357.422,61195.660
495.660,100.000,44357.422,61195.660
496.690,100.000,44357.422,61195.660
497.720,99.900,44357.422,61195.660
498.751,100.000,44357.422,61195.660
499.780,101.100,44357.477,61195.660
500.810,99.900,44357.477,61195.660
501.841,100.000,44357.477,61195.660
502.871,100.000,44357.492,61195.660
503.902,100.000,44357.492,61195.660
504.932,100.000,44357.492,61195.660
505.962,99.000,44357.492,61195.660
506.993,100.000,44357.492,61195.660
508.023,100.900,44357.492,61195.660
509.053,100.000,44357.492,61195.660
510.083,99.000,44357.504,61195.660
511.114,99.900,44357.520,61195.660
512.144,100.000,44357.520,61195.660
513.174,100.000,44357.520,61195.660
514.205,100.800,44357.520,61195.660
515.236,100.000,44357.520,61195.660
516.266,100.000,44357.520,61195.660
517.296,100.900,44357.520,61195.660
518.327,100.000,44357.520,61195.660
519.358,99.900,44357.520,61195.660
520.388,99.900,44357.520,61195.660
521.418,100.000,44357.520,61195.660
522.449,100.000,44357.520,61195.660
523.479,99.000,44357.551,61195.660
524.509,100.900,44357.551,61195.660
525.540,100.000,44357.594,61195.660
526.570,100.000,44357.594,61195.660
527.600,100.000,44357.598,61195.660
528.630,99.000,44357.609,61195.660
529.661,101.000,44357.609,61195.660
530.691,99.900,44357.609,61195.660
531.721,100.000,44357.609,61195.660
532.752,100.000,44357.609,61195.660
533.781,99.100,44357.609,61195.660
534.811,100.900,44357.609,61195.660
535.842,100.000,44357.609,61195.660
536.872,100.000,44357.609,61195.660
537.902,100.000,44357.609,61195.660
538.932,100.000,44357.609,61195.660
539.963,100.900,44357.609,61195.660
540.993,99.000,44357.609,61195.660
542.023,100.900,44357.609,61195.660
543.054,100.000,44357.609,61195.660
544.084,100.000,44357.609,61195.660
545.114,100.000,44357.609,61195.660
546.144,100.000,44357.609,61195.660
547.175,100.000,44357.609,61195.660
548.205,99.000,44357.609,61195.660
549.236,100.800,44357.609,61195.660
550.267,99.000,44357.609,61195.660
551.297,100.000,44357.609,61195.660
552.327,100.000,44357.609,61195.660
553.358,100.000,44357.609,61195.660
554.388,101.000,44357.609,61195.660
555.418,100.000,44357.609,61195.660
556.448,100.000,44357.609,61195.660
557.478,100.000,44357.609,61195.660
558.508,100.000,44357.617,61195.660
559.538,100.000,44357.617,61195.660
560.568,100.000,44357.617,61195.660
561.599,100.000,44357.621,61195.660
562.629,100.000,44357.621,61195.660
563.659,100.000,44357.633,61195.660
564.690,100.000,44357.633,61195.660
565.720,100.000,44357.633,61195.660
566.750,100.000,44357.633,61195.660
567.778,101.100,44357.633,61195.660
568.808,99.000,44357.660,61195.660
569.839,100.000,44357.676,61195.660
570.869,100.000,44357.676,61195.660
571.900,100.000,44357.703,61195.660
572.930,100.000,44357.703,61195.660
573.960,99.900,44357.703,61195.660
574.992,100.900,44357.703,61195.660
576.022,100.000,44357.703,61195.660
577.052,100.000,44357.707,61195.660
578.083,100.000,44357.707,61195.660
579.114,99.900,44357.707,61195.660
580.145,99.900,44357.711,61195.660
581.175,100.000,44357.711,61195.660
582.205,100.000,44357.711,61195.660
583.235,100.000,44357.711,61195.660
584.265,100.000,44357.711,61195.660
585.296,100.900,44357.711,61195.660
586.326,100.000,44357.711,61195.660
587.356,100.000,44357.711,61195.660
588.386,100.000,44357.711,61195.660
589.417,100.000,44357.711,61195.660
590.447,100.000,44357.711,61195.660
591.477,100.000,44357.711,61195.660
592.508,100.000,44357.711,61195.660
593.538,100.000,44357.711,61195.660
594.568,100.000,44357.711,61195.660
595.599,100.000,44357.711,61195.660
596.629,100.000,44357.711,61195.660
597.659,100.000,44357.711,61195.660
598.689,100.000,44357.711,61195.660
599.719,100.000,44357.711,61195.660
600.750,100.000,44357.711,61195.660
601.779,100.100,44357.711,61195.660
602.809,100.000,44357.711,61195.660
603.839,100.000,44357.711,61195.660
604.870,99.900,44357.711,61195.660
605.900,100.000,44357.711,61195.660
606.931,100.000,44357.711,61195.660
607.961,100.000,44357.711,61195.660
608.992,100.900,44357.711,61195.660
610.023,99.900,44357.711,61195.660
611.053,100.000,44357.711,61195.660
612.083,100.000,44357.711,61195.660
613.113,100.000,44357.711,61195.660
614.143,100.000,44357.711,61195.660
615.174,100.000,44357.711,61195.660
616.204,100.000,44357.711,61195.660
617.234,100.000,44357.711,61195.660
618.264,100.000,44357.711,61195.660
619.294,100.000,44357.711,61195.660
620.325,100.000,44357.711,61195.660
621.355,100.000,44357.711,61195.660
622.386,100.000,44357.711,61195.660
623.416,100.000,44357.711,61195.660
624.446,100.000,44357.711,61195.660
625.476,100.000,44357.711,61195.660
626.507,100.000,44357.711,61195.660
627.537,100.000,44357.711,61195.660
628.567,100.000,44357.711,61195.660
629.598,100.000,44357.711,61195.660
630.629,100.900,44357.711,61195.660
631.659,100.000,44357.711,61195.660
632.689,100.000,44357.711,61195.660
633.720,100.000,44357.711,61195.660
634.750,99.900,44357.711,61195.660
635.780,100.000,44357.711,61195.660
636.811,100.000,44409.461,61247.465
637.841,100.000,44409.461,61247.465
638.873,99.900,44409.516,61247.465
639.903,99.900,44409.516,61247.465
640.934,100.000,44409.516,61247.465
641.964,100.000,44409.520,61247.465
642.994,100.000,44409.520,61247.465
644.025,100.000,44409.520,61247.465
645.055,100.000,44409.520,61247.465
646.085,100.000,44409.520,61247.465
647.116,100.000,44409.520,61247.465
648.146,100.000,44409.520,61247.465
649.176,100.000,44409.520,61247.465
650.207,100.000,44409.520,61247.465
651.237,100.000,44409.520,61247.465
652.267,100.000,44409.520,61247.465
653.298,100.900,44409.520,61247.465
654.328,99.900,44409.520,61247.465
655.358,100.000,44409.520,61247.465
656.388,99.000,44409.520,61247.465
657.419,100.000,44409.520,61247.465
658.449,100.000,44409.520,61247.465
659.479,100.000,44409.520,61247.465
660.510,100.000,44409.520,61247.465
661.540,100.000,44409.520,61247.465
662.571,100.000,44409.520,61247.465
663.601,100.000,44409.520,61247.465
664.631,100.900,44409.520,61247.465
665.661,100.000,44409.520,61247.465
666.692,100.000,44409.520,61247.465
667.722,100.000,44409.520,61247.465
668.753,99.900,44409.520,61247.465
669.782,100.100,44409.520,61247.465
670.813,100.000,44409.520,61247.465
671.843,100.000,44409.520,61247.465
672.873,100.900,44409.539,61247.465
673.904,100.000,44409.539,61247.465
674.934,99.000,44409.539,61247.465
675.964,100.000,44409.539,61247.465
676.995,100.000,44409.539,61247.465
678.025,100.900,44409.539,61247.465
679.056,99.900,44409.539,61247.465
680.086,100.000,44409.539,61247.465
681.116,99.000,44409.539,61247.465
682.147,100.000,44409.539,61247.465
683.177,100.000,44409.539,61247.465
684.208,100.900,44409.539,61247.465
685.238,100.000,44409.539,61247.465
686.268,100.000,44409.543,61247.465
687.298,100.000,44409.543,61247.465
688.329,100.000,44409.547,61247.465
689.359,100.000,44409.551,61247.465
690.389,100.000,44409.551,61247.465
691.419,100.000,44409.551,61247.465
692.449,100.000,44409.551,61247.465
693.480,100.000,44409.551,61247.465
694.510,100.000,44409.551,61247.465
695.540,99.900,44409.551,61247.465
696.571,100.900,44409.551,61247.465
697.602,100.000,44409.551,61247.465
698.632,99.900,44409.551,61247.465
699.663,99.900,44409.551,61247.465
700.694,100.000,44409.551,61247.465
701.724,100.000,44409.551,61247.465
702.755,100.000,44409.551,61247.465
703.784,100.100,44409.551,61247.465
704.814,100.000,44409.551,61247.465
705.844,100.000,44409.551,61247.465
706.875,100.000,44409.551,61247.465
707.905,100.000,44409.551,61247.465
708.935,100.000,44409.551,61247.465
709.966,100.000,44409.551,61247.465
710.996,100.000,44409.551,61247.465
712.026,99.900,44409.551,61247.465
713.057,100.000,44409.551,61247.465
714.087,100.000,44409.551,61247.465
715.117,100.000,44409.551,61247.465
716.148,99.900,44409.551,61247.465
717.178,100.000,44409.551,61247.465
718.209,100.000,44409.551,61247.465
719.239,100.900,44409.551,61247.465
720.270,100.000,44409.551,61247.465
721.300,100.000,44409.551,61247.465
722.330,100.000,44409.551,61247.465
723.361,100.000,44409.551,61247.465
724.391,100.000,44409.551,61247.465
725.422,100.000,44409.551,61247.465
726.452,100.000,44409.551,61247.465
727.482,99.900,44409.551,61247.465
728.513,100.000,44409.551,61247.465
729.544,99.900,44409.551,61247.465
730.575,99.900,44409.551,61247.465
731.605,100.000,44409.551,61247.465
732.635,100.000,44409.551,61247.465
733.666,100.000,44409.551,61247.465
734.696,100.900,44409.551,61247.465
735.726,100.000,44409.551,61247.465
736.757,99.900,44409.551,61247.465
737.786,100.100,44409.551,61247.465
738.816,100.000,44409.551,61247.465
739.846,100.000,44409.551,61247.465
740.877,100.000,44409.551,61247.465
741.907,100.000,44409.551,61247.465
742.937,100.000,44409.551,61247.465
743.968,100.000,44409.551,61247.465
744.998,100.000,44409.551,61247.465
746.028,100.000,44409.551,61247.465
747.059,100.000,44409.551,61247.465
748.089,100.000,44409.551,61247.465
749.119,100.000,44409.551,61247.465
750.150,100.000,44409.551,61247.465
751.180,100.000,44409.551,61247.465
752.210,100.000,44409.551,61247.465
753.241,100.000,44409.551,61247.465
754.271,99.900,44409.551,61247.465
755.302,100.000,44409.551,61247.465
756.332,100.000,44409.551,61247.465
757.363,100.800,44409.551,61247.465
758.394,99.900,44409.551,61247.465
759.425,99.900,44409.551,61247.465
760.456,99.900,44409.551,61247.465
761.486,100.000,44409.551,61247.465
762.516,100.000,44409.551,61247.465
763.547,99.900,44409.551,61247.465
764.577,100.000,44409.551,61247.465
765.607,100.000,44409.551,61247.465
766.638,100.000,44409.551,61247.465
767.668,100.000,44409.551,61247.465
768.698,100.000,44409.551,61247.465
769.729,100.000,44409.551,61247.465
770.759,100.000,44409.551,61247.465
771.788,100.100,44409.551,61247.465
772.818,100.000,44409.551,61247.465
773.849,100.000,44409.551,61247.465
774.879,100.000,44409.551,61247.465
775.910,100.000,44409.551,61247.465
776.940,100.000,44409.551,61247.465
777.970,100.000,44409.551,61247.465
779.001,100.900,44409.551,61247.465
780.031,100.000,44409.551,61247.465
781.061,100.000,44409.551,61247.465
782.092,99.900,44409.551,61247.465
783.123,100.000,44409.551,61247.465
784.153,100.000,44409.551,61247.465
785.183,100.000,44409.551,61247.465
786.214,100.000,44409.551,61247.465
787.244,100.000,44409.555,61247.465
788.274,100.000,44409.555,61247.465
789.305,99.900,44409.555,61247.465
790.336,99.900,44409.555,61247.465
791.366,100.000,44409.555,61247.465
792.396,100.000,44409.555,61247.465
793.427,100.000,44409.555,61247.465
794.457,100.000,44409.555,61247.465
795.487,100.000,44409.555,61247.465
796.518,100.000,44409.555,61247.465
797.548,100.900,44409.555,61247.465
798.578,100.000,44409.555,61247.465
799.608,100.000,44409.555,61247.465
800.639,100.000,44409.555,61247.465
801.668,100.000,44409.555,61247.465
802.699,99.900,44409.555,61247.465
803.729,100.000,44409.555,61247.465
804.760,99.900,44409.555,61247.465
805.789,100.100,44409.555,61247.465
806.819,100.000,44409.555,61247.465
807.850,100.000,44409.555,61247.465
808.880,99.900,44409.555,61247.465
809.911,100.000,44409.555,61247.465
810.941,99.900,44409.555,61247.465
811.972,100.000,44409.570,61247.465
813.003,99.900,44409.570,61247.465
814.034,100.900,44361.828,61199.723
815.064,100.000,44361.828,61199.723
816.094,100.000,44361.828,61199.723
817.125,99.900,44361.828,61199.723
818.156,99.900,44361.828,61199.723
819.188,99.900,44361.828,61199.723
820.218,100.000,44361.828,61199.723
821.248,100.000,44361.828,61199.723
822.279,100.000,44361.828,61199.723
823.309,100.000,44361.828,61199.723
824.339,100.000,44361.828,61199.723
825.369,100.000,44361.828,61199.723
826.400,100.000,44361.828,61199.723
827.430,100.000,44361.828,61199.723
828.460,100.000,44361.828,61199.723
829.490,100.000,44361.828,61199.723
830.521,100.000,44361.828,61199.723
831.551,100.000,44361.828,61199.723
832.581,100.900,44361.828,61199.723
833.611,100.000,44361.828,61199.723
834.641,100.000,44361.828,61199.723
835.671,100.000,44361.828,61199.723
836.701,100.000,44361.828,61199.723
837.732,100.000,44361.828,61199.723
838.762,100.000,44361.828,61199.723
839.791,100.100,44361.828,61199.723
840.821,100.000,44361.828,61199.723
841.851,100.000,44361.828,61199.723
842.881,100.000,44361.828,61199.723
843.912,100.000,44361.828,61199.723
844.942,100.000,44361.828,61199.723
845.972,100.000,44361.828,61199.723
847.003,100.000,44361.828,61199.723
848.033,100.000,44361.828,61199.723
849.064,99.900,44361.828,61199.723
850.094,100.000,44361.828,61199.723
851.124,100.000,44361.828,61199.723
852.154,100.000,44361.828,61199.723
853.185,100.000,44361.828,61199.723
854.215,100.000,44361.828,61199.723
855.245,100.000,44361.828,61199.723
856.275,100.000,44361.828,61199.723
857.305,100.000,44361.828,61199.723
858.336,100.000,44396.758,61234.652
859.366,100.000,44396.758,61234.652
860.396,100.000,44396.758,61234.652
861.426,100.000,44396.758,61234.652
862.456,100.000,44396.758,61234.652
863.486,100.000,44396.758,61234.652
864.517,100.000,44396.758,61234.652
865.547,100.000,44396.758,61234.652
866.577,100.000,44396.758,61234.652
867.608,99.900,44396.758,61234.652
868.638,100.000,44396.758,61234.652
869.668,100.000,44396.758,61234.652
870.699,100.000,44396.758,61234.652
871.729,100.000,44396.758,61234.652
872.759,100.000,44396.758,61234.652
873.789,100.100,44396.758,61234.652
874.819,99.900,44396.758,61234.652
875.850,100.900,44396.758,61234.652
876.880,100.000,44396.758,61234.652
877.910,99.900,44396.758,61234.652
878.942,99.900,44396.758,61234.652
879.973,99.900,44396.758,61234.652
881.003,100.000,44396.758,61234.652
882.034,100.000,44396.758,61234.652
883.064,100.000,44396.758,61234.652
884.094,100.000,44396.758,61234.652
885.125,100.000,44396.758,61234.652
886.155,100.000,44396.758,61234.652
887.185,100.000,44396.758,61234.652
888.215,100.000,44396.758,61234.652
889.246,100.000,44396.758,61234.652
890.276,100.000,44396.758,61234.652
891.306,100.000,44396.758,61234.652
892.337,100.000,44396.758,61234.652
893.367,100.000,44396.758,61234.652
894.397,100.900,44396.758,61234.652
895.428,100.000,44396.758,61234.652
896.458,100.000,44396.758,61234.652
897.488,100.000,44396.758,61234.652
898.518,100.000,44396.758,61234.652
899.549,100.000,44396.758,61234.652
900.579,100.000,44396.758,61234.652
901.609,100.000,44396.758,61234.652
902.639,100.000,44396.758,61234.652
903.670,100.000,44396.758,61234.652
904.700,100.000,44396.758,61234.652
905.730,100.000,44396.758,61234.652
906.761,100.000,44396.758,61234.652
907.788,100.200,44396.758,61234.652
908.819,99.900,44396.758,61234.652
909.850,99.900,44396.758,61234.652
910.880,100.000,44396.758,61234.652
911.910,100.000,44396.758,61234.652
912.941,100.000,44396.758,61234.652
913.971,99.900,44396.758,61234.652
915.001,100.000,44396.758,61234.652
916.032,100.000,44396.758,61234.652
917.062,100.000,44396.758,61234.652
918.092,100.000,44396.758,61234.652
919.122,100.000,44396.758,61234.652
920.153,100.000,44396.758,61234.652
921.183,101.000,44396.758,61234.652
922.213,100.000,44396.758,61234.652
923.243,100.000,44396.758,61234.652
924.273,100.000,44396.758,61234.652
925.303,100.000,44396.758,61234.652
926.334,100.000,44396.758,61234.652
927.364,100.000,44396.758,61234.652
928.394,100.000,44396.758,61234.652
929.424,100.000,44396.758,61234.652
930.455,100.000,44396.758,61234.652
931.484,100.000,44396.758,61234.652
932.515,100.000,44396.758,61234.652
933.545,100.000,44396.758,61234.652
934.575,100.000,44396.758,61234.652
935.605,100.000,44396.758,61234.652
936.636,100.000,44396.758,61234.652
937.666,100.000,44396.758,61234.652
938.697,99.900,44396.758,61234.652
939.728,99.900,44396.758,61234.652
940.759,100.000,44396.758,61234.652
941.787,100.200,44396.758,61234.652
942.817,100.000,44396.758,61234.652
943.847,100.000,44396.758,61234.652
944.877,100.000,44396.758,61234.652
945.907,100.000,44396.758,61234.652
946.937,100.000,44396.758,61234.652
947.968,100.000,44396.758,61234.652
948.998,100.000,44396.758,61234.652
950.028,100.900,44396.758,61234.652
951.059,100.000,44396.758,61234.652
952.089,100.000,44396.758,61234.652
953.119,99.900,44396.758,61234.652
954.149,100.000,44396.758,61234.652
955.180,100.000,44396.758,61234.652
956.210,100.000,44396.758,61234.652
957.240,100.000,44396.758,61234.652
958.270,100.000,44396.758,61234.652
959.301,100.000,44396.758,61234.652
960.331,100.000,44396.758,61234.652
961.361,100.000,44396.758,61234.652
962.391,100.000,44396.758,61234.652
963.422,100.000,44396.758,61234.652
964.452,100.000,44396.758,61234.652
965.482,100.000,44396.758,61234.652
966.513,100.000,44396.758,61234.652
967.543,100.000,44396.758,61234.652
968.573,100.000,44396.758,61234.652
969.604,99.900,44396.758,61234.652
970.634,100.000,44396.758,61234.652
971.664,100.000,44396.758,61234.652
972.694,100.000,44396.758,61234.652
973.725,100.900,44396.758,61234.652
974.755,100.000,44396.758,61234.652
975.784,100.100,44396.758,61234.652
976.815,100.000,44396.758,61234.652
977.845,100.000,44396.758,61234.652
978.875,100.000,44396.758,61234.652
979.906,100.000,44396.758,61234.652
980.936,100.000,44396.758,61234.652
981.966,100.000,44396.758,61234.652
982.997,100.000,44396.758,61234.652
984.027,99.900,44396.758,61234.652
985.057,100.000,44396.758,61234.652
986.088,100.000,44396.758,61234.652
987.118,101.000,44396.758,61234.652
988.148,100.000,44396.758,61234.652
989.179,100.000,44396.758,61234.652
990.209,99.900,44396.758,61234.652
991.240,100.000,44396.758,61234.652
992.270,100.000,44396.758,61234.652
993.300,100.000,44396.758,61234.652
994.331,100.000,44396.758,61234.652
995.361,100.000,44396.758,61234.652
996.391,100.000,44396.758,61234.652
997.421,100.900,44396.758,61234.652
998.452,100.000,44396.758,61234.652
999.482,99.900,44396.758,61234.652
1000.514,99.900,44396.758,61234.652
1001.544,100.000,44396.758,61234.652
1002.574,100.000,44396.758,61234.652
1003.605,100.000,44396.758,61234.652
1004.635,100.000,44396.758,61234.652
1005.666,100.000,44396.758,61234.652
1006.696,100.000,44396.758,61234.652
1007.726,100.000,44396.758,61234.652
1008.757,99.900,44396.758,61234.652
1009.786,100.100,44396.758,61234.652
1010.817,99.900,44396.758,61234.652
1011.847,100.000,44396.758,61234.652
1012.878,100.000,44396.758,61234.652
1013.908,100.000,44396.758,61234.652
1014.939,100.900,44396.758,61234.652
1015.969,99.900,44396.758,61234.652
1017.000,100.000,44396.758,61234.652
1018.030,100.000,44396.758,61234.652
1019.061,99.900,44396.758,61234.652
1020.091,100.000,44396.758,61234.652
1021.122,100.000,44396.758,61234.652
1022.152,100.000,44396.758,61234.652
1023.183,100.000,44396.758,61234.652
1024.213,100.000,44396.758,61234.652
1025.244,99.900,44396.758,61234.652
1026.274,100.000,44396.758,61234.652
1027.305,99.900,44396.758,61234.652
1028.336,99.900,44396.758,61234.652
1029.367,99.900,44396.758,61234.652
1030.397,100.900,44396.758,61234.652
1031.427,100.000,44396.758,61234.652
1032.458,100.000,44396.758,61234.652
1033.488,100.000,44396.758,61234.652
1034.518,100.000,44396.758,61234.652
1035.548,100.000,44396.758,61234.652
1036.579,100.000,44396.758,61234.652
1037.610,99.900,44396.758,61234.652
1038.640,100.000,44396.758,61234.652
1039.670,100.000,44396.758,61234.652
1040.700,100.000,44396.758,61234.652
1041.731,100.000,44396.758,61234.652
1042.761,100.000,44396.758,61234.652
1043.790,100.100,44396.758,61234.652
1044.820,100.000,44396.758,61234.652
1045.850,100.000,44396.758,61234.652
1046.881,99.900,44396.758,61234.652
1047.911,100.000,44396.758,61234.652
1048.941,100.000,44396.758,61234.652
1049.971,100.000,44396.758,61234.652
1051.001,100.000,44396.758,61234.652
1052.032,100.000,44396.758,61234.652
1053.062,100.000,44396.758,61234.652
1054.092,100.000,44396.758,61234.652
1055.123,100.000,44396.758,61234.652
1056.153,100.000,44396.758,61234.652
1057.183,100.000,44396.758,61234.652
1058.214,100.000,44396.758,61234.652
1059.245,99.900,44396.758,61234.652
1060.275,99.900,44396.758,61234.652
1061.306,99.900,44396.758,61234.652
1062.337,100.000,44396.758,61234.652
1063.367,100.000,44396.758,61234.652
1064.397,100.000,44396.758,61234.652
1065.427,100.000,44396.758,61234.652
1066.458,100.000,44396.758,61234.652
1067.488,101.000,44396.758,61234.652
1068.518,100.000,44396.758,61234.652
1069.548,100.000,44396.758,61234.652
1070.579,100.000,44396.758,61234.652
1071.609,100.000,44396.758,61234.652
1072.639,100.000,44396.758,61234.652
1073.670,100.000,44396.758,61234.652
1074.700,100.000,44396.758,61234.652
1075.730,100.000,44396.758,61234.652
1076.760,100.000,44396.758,61234.652
1077.789,100.100,44396.758,61234.652
1078.820,100.000,44396.758,61234.652
1079.850,100.000,44396.758,61234.652
1080.881,100.000,44396.758,61234.652
1081.911,100.000,44396.758,61234.652
1082.941,100.000,44396.758,61234.652
1083.972,100.000,44396.758,61234.652
1085.002,100.000,44396.758,61234.652
1086.032,100.000,44396.758,61234.652
1087.063,99.900,44396.758,61234.652
1088.093,100.000,44396.758,61234.652
1089.124,99.900,44396.758,61234.652
1090.155,99.900,44396.758,61234.652
1091.185,100.000,44396.758,61234.652
1092.216,100.900,44396.758,61234.652
1093.246,100.000,44396.758,61234.652
1094.276,100.000,44396.758,61234.652
1095.306,100.000,44396.758,61234.652
1096.337,100.000,44396.758,61234.652
1097.367,99.900,44396.758,61234.652
1098.397,100.000,44396.758,61234.652
1099.428,100.000,44396.758,61234.652
1100.458,100.000,44396.758,61234.652
1101.488,100.000,44396.758,61234.652
1102.519,100.900,44396.758,61234.652
1103.549,100.000,44396.758,61234.652
1104.579,100.000,44396.758,61234.652
1105.609,100.000,44396.758,61234.652
1106.640,100.000,44396.758,61234.652
1107.670,100.000,44396.758,61234.652
1108.700,100.000,44396.758,61234.652
1109.731,100.000,44396.758,61234.652
1110.761,100.000,44396.758,61234.652
1111.790,100.100,44396.758,61234.652
1112.821,99.900,44310.023,61147.918
1113.851,100.000,44310.023,61147.918
1114.882,100.000,44310.023,61147.918
1115.912,100.000,44310.023,61147.918
1116.942,100.000,44310.023,61147.918
1117.973,99.900,44310.023,61147.918
1119.004,99.900,44310.023,61147.918
1120.035,99.900,44310.023,61147.918
1121.065,100.000,44310.023,61147.918
1122.096,99.900,44310.023,61147.918
1123.127,100.000,44310.023,61147.918
1124.157,100.000,44310.023,61147.918
1125.187,100.000,44310.023,61147.918
1126.218,100.000,44310.023,61147.918
1127.248,100.000,44310.023,61147.918
1128.278,100.900,44310.023,61147.918
1129.308,100.000,44310.023,61147.918
1130.338,100.000,44310.023,61147.918
1131.368,100.000,44310.023,61147.918
1132.399,100.000,44310.023,61147.918
1133.429,100.000,44310.023,61147.918
1134.459,100.000,44310.023,61147.918
1135.490,100.000,44310.023,61147.918
1136.520,100.000,44310.023,61147.918
1137.550,100.000,44310.023,61147.918
1138.580,100.000,44310.023,61147.918
1139.611,100.000,44310.023,61147.918
1140.641,100.000,44310.023,61147.918
1141.671,100.000,44310.023,61147.918
1142.701,100.000,44310.023,61147.918
1143.732,100.000,44310.023,61147.918
1144.762,99.900,44310.023,61147.918
1145.791,100.100,44310.023,61147.918
1146.821,100.000,44310.023,61147.918
1147.851,100.000,44310.023,61147.918
1148.882,99.900,44310.023,61147.918
1149.913,99.900,44310.023,61147.918
1150.943,100.000,44310.023,61147.918
1151.974,100.000,44310.023,61147.918
1153.004,100.000,44310.023,61147.918
1154.034,100.000,44310.023,61147.918
1155.064,100.000,44310.023,61147.918
1156.095,100.900,44310.023,61147.918
1157.125,100.000,44310.023,61147.918
1158.155,100.000,44310.023,61147.918
1159.186,100.000,44310.023,61147.918
1160.216,100.000,44310.023,61147.918
1161.246,100.000,44310.023,61147.918
1162.276,100.000,44310.023,61147.918
1163.306,100.000,44310.023,61147.918
1164.337,100.000,44310.023,61147.918
1165.367,100.000,44310.023,61147.918
1166.397,100.000,44310.023,61147.918
1167.428,100.000,44310.023,61147.918
1168.458,100.000,44310.023,61147.918
1169.488,100.000,44310.023,61147.918
1170.519,100.000,44310.023,61147.918
1171.549,99.900,44310.023,61147.918
1172.580,100.000,44310.023,61147.918
1173.610,100.000,44310.023,61147.918
1174.641,99.900,44310.023,61147.918
1175.671,100.000,44310.023,61147.918
1176.701,100.900,44310.023,61147.918
1177.732,100.000,44310.023,61147.918
1178.763,99.900,44310.023,61147.918
1179.792,100.100,44310.023,61147.918
1180.823,99.900,44310.023,61147.918
1181.853,99.900,44310.023,61147.918
1182.884,99.900,44310.023,61147.918
1183.915,100.000,44310.023,61147.918
1184.945,100.000,44310.023,61147.918
1185.975,100.000,44310.023,61147.918
1187.006,100.000,44310.023,61147.918
1188.036,100.000,44310.023,61147.918
1189.066,100.000,44310.023,61147.918
1190.097,100.000,44310.023,61147.918
1191.127,100.000,44310.023,61147.918
1192.157,100.000,44310.023,61147.918
1193.188,100.000,44310.023,61147.918
1194.218,100.000,44310.023,61147.918
1195.248,100.000,44310.023,61147.918
1196.278,100.900,44310.023,61147.918
1197.309,100.000,44310.023,61147.918
1198.339,100.000,44310.023,61147.918
1199.369,100.000,44310.023,61147.918
1200.399,100.000,44310.023,61147.918
1201.429,100.000,44310.023,61147.918
1202.460,100.000,44310.023,61147.918
1203.490,100.000,44310.023,61147.918
1204.521,100.000,44310.023,61147.918
1205.551,100.000,44310.023,61147.918
1206.582,100.000,44310.023,61147.918
1207.612,100.000,44310.023,61147.918
1208.643,99.900,44310.023,61147.918
1209.674,99.900,44310.023,61147.918
1210.704,100.000,44310.023,61147.918
1211.734,100.000,44310.023,61147.918
1212.764,100.000,44310.023,61147.918
1213.793,100.100,44310.023,61147.918
1214.824,100.000,44310.023,61147.918
1215.854,100.000,44310.023,61147.918
1216.884,100.000,44310.023,61147.918
1217.914,100.000,44310.023,61147.918
1218.945,100.900,44310.023,61147.918
1219.975,100.000,44310.023,61147.918
1221.005,100.000,44310.023,61147.918
1222.035,100.900,44310.023,61147.918
1223.065,100.000,44310.023,61147.918
1224.096,100.000,44310.023,61147.918
1225.126,100.000,44310.023,61147.918
1226.156,100.000,44310.023,61147.918
1227.187,100.000,44310.023,61147.918
1228.217,100.000,44310.023,61147.918
1229.247,100.000,44310.023,61147.918
1230.277,100.000,44310.023,61147.918
1231.307,100.000,44310.023,61147.918
1232.338,100.000,44310.023,61147.918
1233.368,100.000,44310.023,61147.918
1234.398,100.000,44310.023,61147.918
1235.429,100.000,44310.023,61147.918
1236.459,100.000,44310.023,61147.918
1237.489,99.900,44310.023,61147.918
1238.520,100.000,44310.023,61147.918
1239.551,99.900,44310.023,61147.918
1240.582,99.900,44310.023,61147.918
1241.612,100.000,44310.023,61147.918
1242.642,100.000,44310.023,61147.918
1243.673,100.900,44310.023,61147.918
1244.703,100.000,44310.023,61147.918
1245.734,100.000,44310.023,61147.918
1246.764,100.000,44310.023,61147.918
1247.793,100.100,44310.023,61147.918
1248.823,100.000,44310.023,61147.918
1249.854,100.000,44310.023,61147.918
1250.884,100.000,44310.023,61147.918
1251.914,100.000,44310.023,61147.918
1252.944,100.000,44310.023,61147.918
1253.975,100.000,44310.023,61147.918
1255.005,100.000,44310.023,61147.918
1256.036,100.000,44310.023,61147.918
1257.066,100.000,44310.023,61147.918
1258.097,100.000,44310.023,61147.918
1259.127,100.000,44310.023,61147.918
1260.158,99.900,44310.023,61147.918
1261.188,100.000,44310.023,61147.918
1262.218,100.000,44310.023,61147.918
1263.248,100.000,44310.023,61147.918
1264.279,100.000,44310.023,61147.918
1265.309,99.900,44310.023,61147.918
1266.339,100.000,44310.023,61147.918
1267.370,100.900,44310.023,61147.918
1268.400,100.000,44310.023,61147.918
1269.431,99.900,44310.023,61147.918
1270.462,99.900,44310.023,61147.918
1271.492,100.000,44310.023,61147.918
1272.522,100.000,44310.023,61147.918
1273.553,100.000,44310.023,61147.918
1274.583,100.000,44310.023,61147.918
1275.613,100.000,44310.023,61147.918
1276.643,100.000,44310.023,61147.918
1277.674,100.000,44310.023,61147.918
1278.704,100.000,44310.023,61147.918
1279.734,100.000,44310.023,61147.918
1280.765,100.000,44310.023,61147.918
1281.793,100.200,44310.023,61147.918
1282.823,99.900,44310.023,61147.918
1283.854,100.000,44310.023,61147.918
1284.884,100.000,44310.023,61147.918
1285.915,99.900,44310.023,61147.918
1286.945,100.000,44310.023,61147.918
1287.975,100.000,44310.023,61147.918
1289.005,100.000,44310.023,61147.918
1290.036,100.000,44310.023,61147.918
1291.066,100.000,44310.023,61147.918
1292.096,100.000,44310.023,61147.918
1293.126,100.000,44310.023,61147.918
1294.156,101.000,44310.023,61147.918
1295.187,100.000,44310.023,61147.918
1296.217,100.000,44310.023,61147.918
1297.247,100.000,44310.023,61147.918
1298.277,100.000,44310.023,61147.918
1299.309,99.900,44310.023,61147.918
1300.339,100.000,44310.023,61147.918
1301.369,100.000,44310.023,61147.918
1302.400,100.000,44310.023,61147.918
1303.430,99.900,44310.023,61147.918
1304.461,99.900,44310.023,61147.918
1305.491,100.000,44310.023,61147.918
1306.521,100.000,44310.023,61147.918
1307.552,100.000,44310.023,61147.918
1308.582,100.000,44310.023,61147.918
1309.612,99.900,44310.023,61147.918
1310.643,100.000,44310.023,61147.918
1311.673,100.000,44310.023,61147.918
1312.703,100.900,44310.023,61147.918
1313.734,100.000,44310.023,61147.918
1314.764,99.900,44310.023,61147.918
1315.793,100.100,44310.023,61147.918
1316.823,100.000,44310.023,61147.918
1317.854,100.000,44310.023,61147.918
1318.884,100.000,44310.023,61147.918
1319.914,100.000,44310.023,61147.918
1320.944,100.000,44310.023,61147.918
1321.975,100.000,44310.023,61147.918
1323.005,99.900,44310.023,61147.918
1324.035,100.000,44310.023,61147.918
1325.066,100.000,44310.023,61147.918
1326.096,100.000,44310.023,61147.918
1327.126,100.000,44310.023,61147.918
1328.156,100.000,44310.023,61147.918
1329.188,99.900,44310.023,61147.918
1330.218,99.900,44310.023,61147.918
1331.249,100.000,44310.023,61147.918
1332.279,100.000,44310.023,61147.918
1333.309,100.000,44310.023,61147.918
1334.340,100.000,44310.023,61147.918
1335.370,100.000,44310.023,61147.918
1336.400,100.000,44310.023,61147.918
1337.430,101.000,44310.023,61147.918
1338.460,100.000,44310.023,61147.918
1339.490,100.000,44310.023,61147.918
1340.520,100.000,44310.023,61147.918
1341.550,100.000,44310.023,61147.918
1342.581,100.000,44310.023,61147.918
1343.611,100.000,44310.023,61147.918
1344.641,100.000,44310.023,61147.918
1345.672,99.900,44310.023,61147.918
1346.702,100.000,44310.023,61147.918
1347.732,100.000,44310.023,61147.918
1348.763,100.000,44310.023,61147.918
1349.790,100.300,44310.023,61147.918
1350.820,100.000,44310.023,61147.918
1351.850,100.000,44310.023,61147.918
1352.880,100.000,44310.023,61147.918
1353.911,100.000,44310.023,61147.918
1354.941,100.000,44310.023,61147.918
1355.971,100.000,44310.023,61147.918
1357.001,100.000,44310.023,61147.918
1358.031,100.000,44310.023,61147.918
1359.062,99.900,44310.023,61147.918
1360.093,99.900,44310.023,61147.918
1361.123,100.000,44310.023,61147.918
1362.153,100.000,44310.023,61147.918
1363.184,100.000,44310.023,61147.918
1364.214,100.000,44310.023,61147.918
1365.245,99.900,44310.023,61147.918
1366.275,99.900,44310.023,61147.918
1367.306,100.000,44310.023,61147.918
1368.336,100.000,44310.023,61147.918
1369.366,100.900,44310.023,61147.918
1370.396,100.000,44310.023,61147.918
1371.426,100.000,44310.023,61147.918
1372.457,100.000,44310.023,61147.918
1373.487,100.000,44310.023,61147.918
1374.517,100.000,44310.023,61147.918
1375.548,100.000,44310.023,61147.918
1376.578,100.000,44310.023,61147.918
1377.608,100.000,44310.023,61147.918
1378.638,100.000,44310.023,61147.918
1379.668,100.000,44310.023,61147.918
1380.698,100.000,44310.023,61147.918
1381.728,100.000,44310.023,61147.918
1382.759,99.900,44310.023,61147.918
1383.788,100.100,44310.023,61147.918
1384.818,100.000,44310.023,61147.918
1385.849,100.000,44310.023,61147.918
1386.879,100.000,44310.023,61147.918
1387.909,100.000,44310.023,61147.918
1388.940,99.900,44310.023,61147.918
1389.970,100.000,44310.023,61147.918
1391.000,100.000,44310.023,61147.918
1392.031,100.000,44310.023,61147.918
1393.061,100.000,44310.023,61147.918
1394.091,100.900,44345.965,61184.113
1395.121,100.000,44345.965,61184.113
1396.151,100.000,44345.965,61184.113
1397.182,100.000,44345.965,61184.113
1398.212,100.000,44345.965,61184.113
1399.242,100.000,44346.219,61184.113
1400.273,100.000,44346.219,61184.113
1401.303,100.000,44346.219,61184.113
1402.334,99.900,44346.219,61184.113
1403.364,100.000,44346.219,61184.113
1404.394,100.000,44346.219,61184.113
1405.425,100.000,44346.219,61184.113
1406.455,100.000,44346.219,61184.113
1407.485,100.000,44346.219,61184.113
1408.515,100.000,44346.219,61184.113
1409.546,100.000,44346.219,61184.113
1410.576,99.900,44346.219,61184.113
1411.607,99.900,44346.219,61184.113
1412.638,99.900,44346.219,61184.113
1413.668,99.900,44346.219,61184.113
1414.699,100.000,44346.219,61184.113
1415.729,100.000,44346.219,61184.113
1416.760,100.900,44346.219,61184.113
1417.789,99.100,44346.219,61184.113
1418.820,100.800,44346.219,61184.113
1419.851,99.900,44346.219,61184.113
1420.881,100.000,44346.219,61184.113
1421.911,100.000,44346.219,61184.113
1422.942,99.900,44346.219,61184.113
1423.972,100.000,44346.219,61184.113
1425.002,99.900,44346.219,61184.113
1426.033,100.000,44346.219,61184.113
1427.063,100.000,44346.219,61184.113
1428.094,100.000,44346.219,61184.113
1429.124,100.000,44346.219,61184.113
1430.154,100.000,44346.219,61184.113
1431.185,100.000,44346.219,61184.113
1432.215,100.000,44346.219,61184.113
1433.245,99.900,44346.219,61184.113
1434.275,100.000,44346.219,61184.113
1435.306,100.000,44346.219,61184.113
1436.336,99.900,44346.219,61184.113
1437.367,99.900,44346.219,61184.113
1438.397,100.000,44346.219,61184.113
1439.428,100.000,44346.219,61184.113
1440.458,100.900,44346.219,61184.113
1441.489,99.900,44346.219,61184.113
1442.519,100.000,44346.219,61184.113
1443.549,100.000,44346.219,61184.113
1444.580,100.000,44346.219,61184.113
1445.610,100.900,44346.219,61184.113
1446.640,99.900,44346.219,61184.113
1447.671,100.000,44346.219,61184.113
1448.702,99.900,44346.219,61184.113
1449.733,99.900,44346.219,61184.113
1450.764,99.900,44346.219,61184.113
1451.793,100.100,44346.219,61184.113
1452.823,100.000,44346.219,61184.113
1453.854,99.900,44346.219,61184.113
1454.884,100.000,44346.219,61184.113
1455.914,100.000,44346.219,61184.113
1456.944,100.000,44346.219,61184.113
1457.975,100.000,44346.219,61184.113
1459.005,100.000,44346.219,61184.113
1460.036,100.900,44346.219,61184.113
1461.066,100.000,44346.219,61184.113
1462.096,100.000,44346.219,61184.113
1463.127,100.000,44346.219,61184.113
1464.157,100.000,44346.219,61184.113
1465.187,99.900,44346.219,61184.113
1466.218,100.000,44346.219,61184.113
1467.248,100.000,44346.219,61184.113
1468.278,100.000,44346.219,61184.113
1469.309,100.000,44346.219,61184.113
1470.339,100.000,44346.219,61184.113
1471.369,99.900,44346.219,61184.113
1472.400,99.900,44346.219,61184.113
1473.430,100.000,44346.219,61184.113
1474.460,100.000,44346.219,61184.113
1475.491,100.000,44346.219,61184.113
1476.521,100.000,44346.219,61184.113
1477.551,100.000,44346.219,61184.113
1478.582,100.000,44346.219,61184.113
1479.613,100.900,44346.219,61184.113
1480.643,99.900,44346.219,61184.113
1481.674,100.000,44346.219,61184.113
1482.704,100.000,44346.219,61184.113
1483.734,100.000,44346.219,61184.113
1484.765,99.900,44346.219,61184.113
1485.794,100.100,44346.219,61184.113
1486.825,99.900,44346.219,61184.113
1487.855,100.000,44346.219,61184.113
1488.886,100.000,44346.219,61184.113
1489.916,99.900,44346.219,61184.113
1490.947,100.000,44346.219,61184.113
1491.977,100.000,44346.219,61184.113
1493.007,100.000,44346.219,61184.113
1494.038,100.000,44346.219,61184.113
1495.068,100.000,44346.219,61184.113
1496.099,99.900,44346.219,61184.113
1497.129,99.900,44346.219,61184.113
1498.160,100.000,44346.219,61184.113
1499.190,100.900,44346.219,61184.113
1500.220,100.000,44346.219,61184.113
1501.251,100.000,44346.219,61184.113
1502.281,99.900,44346.219,61184.113
1503.312,100.000,44346.219,61184.113
1504.342,100.000,44346.219,61184.113
1505.373,99.900,44346.219,61184.113
1506.403,100.000,44346.219,61184.113
1507.434,100.000,44346.219,61184.113
1508.464,100.000,44346.219,61184.113
1509.495,99.900,44346.219,61184.113
1510.526,99.900,44346.219,61184.113
1511.556,100.000,44346.219,61184.113
1512.587,100.000,44346.219,61184.113
1513.617,100.000,44346.219,61184.113
1514.647,100.000,44346.219,61184.113
1515.678,100.900,44346.219,61184.113
1516.708,100.000,44346.219,61184.113
1517.738,100.000,44346.219,61184.113
1518.769,99.900,44346.219,61184.113
1519.798,100.100,44346.219,61184.113
1520.828,99.900,44346.219,61184.113
1521.859,100.000,44346.219,61184.113
1522.889,100.000,44346.219,61184.113
1523.920,99.900,44346.219,61184.113
1524.950,100.000,44346.219,61184.113
1525.981,99.900,44346.219,61184.113
1527.011,100.000,44346.219,61184.113
1528.042,100.000,44346.219,61184.113
1529.072,100.000,44346.219,61184.113
1530.103,100.000,44346.219,61184.113
1531.133,99.900,44346.219,61184.113
1532.163,100.000,44346.219,61184.113
1533.194,100.000,44346.219,61184.113
1534.224,100.900,44346.219,61184.113
1535.255,100.000,44346.219,61184.113
1536.285,100.000,44346.219,61184.113
1537.316,100.000,44346.219,61184.113
1538.346,100.000,44346.219,61184.113
1539.377,99.900,44346.219,61184.113
1540.408,99.900,44346.219,61184.113
1541.438,100.000,44346.219,61184.113
1542.469,100.000,44346.219,61184.113
1543.499,99.900,44346.219,61184.113
1544.530,100.000,44346.219,61184.113
1545.560,99.900,44346.219,61184.113
1546.591,100.000,44346.219,61184.113
1547.622,99.900,44346.219,61184.113
1548.652,100.000,44346.219,61184.113
1549.683,99.900,44346.219,61184.113
1550.714,100.900,44346.219,61184.113
1551.745,99.900,44346.219,61184.113
1552.775,100.000,44346.219,61184.113
1553.805,99.900,44346.219,61184.113
1554.836,99.900,44346.219,61184.113
1555.866,100.000,44346.219,61184.113
1556.897,100.000,44346.219,61184.113
1557.927,100.000,44346.219,61184.113
1558.958,99.900,44346.219,61184.113
1559.988,99.900,44346.219,61184.113
1561.019,100.000,44346.219,61184.113
1562.049,99.900,44346.219,61184.113
1563.080,100.000,44346.219,61184.113
1564.110,100.000,44346.219,61184.113
1565.141,99.900,44346.219,61184.113
1566.171,100.900,44346.219,61184.113
1567.202,100.000,44346.219,61184.113
1568.232,100.000,44346.219,61184.113
1569.263,99.900,44346.219,61184.113
1570.294,99.900,44346.219,61184.113
1571.324,100.000,44346.219,61184.113
1572.355,100.000,44346.219,61184.113
1573.385,99.900,44346.219,61184.113
1574.416,100.000,44346.219,61184.113
1575.446,100.000,44346.219,61184.113
1576.476,100.000,44346.219,61184.113
1577.507,100.000,44346.219,61184.113
1578.537,100.000,44346.219,61184.113
1579.567,100.900,44346.219,61184.113
1580.598,100.000,44346.219,61184.113
1581.628,99.000,44346.219,61184.113
1582.658,100.000,44346.219,61184.113
1583.689,100.900,44346.219,61184.113
1584.719,99.000,44346.219,61184.113
1585.750,100.000,44346.219,61184.113
1586.779,101.000,44346.219,61184.113
1587.810,100.000,44346.219,61184.113
1588.840,99.900,44346.219,61184.113
1589.871,99.000,44346.219,61184.113
1590.901,100.900,44346.219,61184.113
1591.931,100.000,44346.219,61184.113
1592.962,100.000,44346.219,61184.113
1593.992,100.000,44346.219,61184.113
1595.023,99.900,44346.219,61184.113
1596.053,100.000,44346.219,61184.113
1597.084,99.900,44346.219,61184.113
1598.114,100.000,44346.219,61184.113
1599.146,99.900,44346.219,61184.113
1600.176,99.900,44346.219,61184.113
1601.207,100.900,44346.219,61184.113
1602.237,99.000,44346.219,61184.113
1603.268,100.000,44346.219,61184.113
1604.299,100.900,44346.219,61184.113
1605.329,99.000,44346.219,61184.113
1606.360,100.900,44346.219,61184.113
1607.391,99.900,44346.219,61184.113
1608.422,99.900,44346.219,61184.113
1609.452,100.000,44346.219,61184.113
1610.483,99.900,44346.219,61184.113
1611.513,99.900,44346.219,61184.113
1612.544,99.900,44346.219,61184.113
1613.574,100.900,44346.219,61184.113
1614.605,99.000,44346.219,61184.113
1615.635,100.900,44346.219,61184.113
1616.666,99.900,44346.219,61184.113
1617.696,99.000,44346.219,61184.113
1618.727,99.900,44346.219,61184.113
1619.758,100.900,44346.219,61184.113
1620.787,100.100,44346.219,61184.113
1621.818,99.900,44346.219,61184.113
1622.849,99.900,44346.219,61184.113
1623.880,99.900,44346.219,61184.113
1624.910,99.900,44346.219,61184.113
1625.941,99.900,44346.219,61184.113
1626.972,100.900,44346.219,61184.113
1628.002,99.000,44346.219,61184.113
1629.033,99.900,44346.219,61184.113
1630.064,100.900,44346.219,61184.113
1631.094,99.000,44346.219,61184.113
1632.125,101.000,44346.219,61184.113
1633.155,99.000,44346.219,61184.113
1634.186,100.000,44346.219,61184.113
1635.216,100.000,44346.219,61184.113
1636.246,100.900,44346.219,61184.113
1637.277,100.000,44346.219,61184.113
1638.307,100.000,44346.219,61184.113
1639.337,100.000,44346.219,61184.113
1640.367,100.000,44346.219,61184.113
1641.398,100.000,44346.219,61184.113
1642.428,100.000,44346.219,61184.113
1643.459,99.900,44346.219,61184.113
1644.489,100.900,44346.219,61184.113
1645.520,99.900,44346.219,61184.113
1646.550,99.000,44346.219,61184.113
1647.581,100.900,44346.219,61184.113
1648.611,100.000,44346.219,61184.113
1649.641,100.000,44346.219,61184.113
1650.672,99.000,44346.219,61184.113
1651.702,101.000,44346.219,61184.113
1652.732,99.000,44346.219,61184.113
1653.763,100.900,44346.219,61184.113
1654.792,99.100,44346.219,61184.113
1655.822,100.900,44346.219,61184.113
1656.853,99.900,44346.219,61184.113
1657.883,100.000,44346.219,61184.113
1658.914,99.900,44346.219,61184.113
1659.945,100.000,44346.219,61184.113
1660.975,100.900,44346.219,61184.113
1662.006,100.000,44346.219,61184.113
1663.036,100.000,44346.219,61184.113
1664.066,99.000,44346.219,61184.113
1665.096,100.000,44346.219,61184.113
1666.127,100.000,44346.219,61184.113
1667.157,100.900,44346.219,61184.113
1668.187,99.900,44346.219,61184.113
1669.218,100.000,44346.219,61184.113
1670.249,100.000,44346.219,61184.113
1671.279,99.900,44346.219,61184.113
1672.309,100.000,44346.219,61184.113
1673.340,100.000,44346.219,61184.113
1674.370,100.000,44346.219,61184.113
1675.400,100.000,44346.219,61184.113
1676.430,100.000,44346.219,61184.113
1677.461,100.000,44346.219,61184.113
1678.491,100.000,44346.219,61184.113
1679.522,100.000,44346.219,61184.113
1680.552,100.000,44346.219,61184.113
1681.582,100.000,44346.219,61184.113
1682.613,100.900,44310.023,61147.918
1683.644,99.900,44310.023,61147.918
1684.674,99.000,44310.023,61147.918
1685.705,100.900,44310.023,61147.918
1686.735,100.000,44310.023,61147.918
1687.765,99.000,44310.023,61147.918
1688.795,100.000,44310.023,61147.918
1689.825,100.000,44310.023,61147.918
1690.855,100.000,44310.023,61147.918
1691.886,100.000,44310.023,61147.918
1692.916,100.000,44310.023,61147.918
1693.946,100.000,44310.023,61147.918
1694.976,100.900,44310.023,61147.918
1696.007,100.000,44310.023,61147.918
1697.037,100.000,44310.023,61147.918
1698.068,100.000,44310.023,61147.918
1699.098,100.000,44310.023,61147.918
1700.128,100.000,44310.023,61147.918
1701.159,100.000,44310.023,61147.918
1702.189,100.000,44310.023,61147.918
1703.219,100.000,44310.023,61147.918
1704.249,100.000,44310.023,61147.918
1705.280,100.000,44310.023,61147.918
1706.310,100.000,44310.023,61147.918
1707.340,100.900,44310.023,61147.918
1708.370,100.000,44310.023,61147.918
1709.401,99.000,44310.023,61147.918
1710.431,100.900,44310.023,61147.918
1711.461,100.000,44310.023,61147.918
1712.492,100.000,44310.023,61147.918
1713.522,100.000,44310.023,61147.918
1714.552,99.000,44310.023,61147.918
1715.583,100.900,44310.023,61147.918
1716.613,100.000,44310.023,61147.918
1717.643,99.900,44310.023,61147.918
1718.674,100.000,44310.023,61147.918
1719.705,99.900,44310.023,61147.918
1720.736,99.900,44310.023,61147.918
1721.766,100.000,44310.023,61147.918
1722.795,100.100,44310.023,61147.918
1723.825,100.900,44310.023,61147.918
1724.855,99.000,44310.023,61147.918
1725.885,100.000,44310.023,61147.918
1726.915,101.000,44310.023,61147.918
1727.946,99.000,44310.023,61147.918
1728.976,100.900,44310.023,61147.918
1730.007,98.900,44310.023,61147.918
1731.038,101.000,44310.023,61147.918
1732.068,100.000,44310.023,61147.918
1733.098,99.000,44310.023,61147.918
1734.128,100.900,44310.023,61147.918
1735.159,100.000,44310.023,61147.918
1736.189,99.900,44310.023,61147.918
1737.220,100.000,44310.023,61147.918
1738.250,100.000,44310.023,61147.918
1739.280,100.000,44310.023,61147.918
1740.311,100.000,44310.023,61147.918
1741.341,100.000,44310.023,61147.918
1742.371,100.000,44310.023,61147.918
1743.401,100.000,44310.023,61147.918
1744.432,100.000,44310.023,61147.918
1745.462,100.000,44310.023,61147.918
1746.492,100.000,44310.023,61147.918
1747.523,101.000,44310.023,61147.918
1748.553,99.000,44310.023,61147.918
1749.584,100.900,44310.023,61147.918
1750.615,99.000,44310.023,61147.918
1751.645,100.000,44310.023,61147.918
1752.675,100.000,44310.023,61147.918
1753.706,99.900,44310.023,61147.918
1754.736,100.000,44310.023,61147.918
1755.766,100.900,44310.023,61147.918
1756.795,100.100,44310.023,61147.918
1757.825,100.000,44310.023,61147.918
1758.856,100.000,44310.023,61147.918
1759.886,100.000,44310.023,61147.918
1760.916,100.000,44310.023,61147.918
1761.947,100.000,44310.023,61147.918
1762.977,99.900,44310.023,61147.918
1764.008,100.000,44310.023,61147.918
1765.038,99.900,44310.023,61147.918
1766.069,100.000,44310.023,61147.918
1767.100,100.900,44310.023,61147.918
1768.130,99.900,44310.023,61147.918
1769.161,99.000,44310.023,61147.918
1770.191,100.900,44310.023,61147.918
1771.222,99.000,44310.023,61147.918
1772.252,99.900,44310.023,61147.918
1773.283,100.000,44310.023,61147.918
1774.313,100.900,44310.023,61147.918
1775.343,100.000,44310.023,61147.918
1776.374,100.000,44310.023,61147.918
1777.404,100.000,44310.023,61147.918
1778.434,100.000,44310.023,61147.918
1779.465,99.900,44310.023,61147.918
1780.496,100.000,44310.023,61147.918
1781.526,100.000,44310.023,61147.918
1782.557,100.000,44310.023,61147.918
1783.587,100.900,44310.023,61147.918
1784.618,99.900,44310.023,61147.918
1785.648,99.900,44310.023,61147.918
1786.679,100.000,44310.023,61147.918
1787.709,99.000,44310.023,61147.918
1788.739,100.000,44310.023,61147.918
1789.770,99.900,44310.023,61147.918
1790.799,100.100,44310.023,61147.918
1791.829,100.000,44310.023,61147.918
1792.860,100.000,44310.023,61147.918
1793.890,100.900,44310.023,61147.918
1794.921,100.000,44310.023,61147.918
1795.951,100.000,44310.023,61147.918
1796.981,100.000,44310.023,61147.918
1798.012,100.000,44310.023,61147.918
1799.042,100.000,44310.023,61147.918
1800.073,100.000,44310.023,61147.918
1801.103,100.000,44310.023,61147.918
1802.134,99.900,44310.023,61147.918
1803.165,99.900,44310.023,61147.918
1804.195,100.900,44310.023,61147.918
1805.226,99.900,44310.023,61147.918
1806.257,99.900,44310.023,61147.918
1807.288,99.900,44310.023,61147.918
1808.318,100.000,44310.023,61147.918
1809.349,99.900,44310.023,61147.918
1810.380,99.900,44310.023,61147.918
1811.410,100.000,44310.023,61147.918
1812.441,100.000,44310.023,61147.918
1813.471,100.000,44310.023,61147.918
1814.501,100.900,44310.023,61147.918
1815.532,100.000,44310.023,61147.918
1816.562,99.000,44310.023,61147.918
1817.592,100.000,44310.023,61147.918
1818.622,100.000,44310.023,61147.918
1819.653,100.000,44310.023,61147.918
1820.683,100.900,44310.023,61147.918
1821.714,99.000,44310.023,61147.918
1822.744,100.900,44310.023,61147.918
1823.774,100.000,44310.023,61147.918
1824.805,99.900,44310.023,61147.918
1825.835,99.000,44310.023,61147.918
1826.866,100.900,44310.023,61147.918
1827.896,99.900,44310.023,61147.918
1828.927,100.000,44310.023,61147.918
1829.957,99.900,44310.023,61147.918
1830.988,100.000,44310.023,61147.918
1832.018,100.000,44310.023,61147.918
1833.049,100.900,44310.023,61147.918
1834.079,100.000,44310.023,61147.918
1835.109,99.000,44310.023,61147.918
1836.140,100.000,44310.023,61147.918
1837.170,99.900,44310.023,61147.918
1838.201,100.000,44310.023,61147.918
1839.232,100.800,44310.023,61147.918
1840.263,100.000,44310.023,61147.918
1841.293,99.000,44310.023,61147.918
1842.323,101.000,44310.023,61147.918
1843.354,100.000,44310.023,61147.918
1844.384,100.000,44310.023,61147.918
1845.414,100.000,44310.023,61147.918
1846.444,100.000,44310.023,61147.918
1847.475,100.900,44310.023,61147.918
1848.505,99.000,44310.023,61147.918
1849.535,100.000,44310.023,61147.918
1850.565,100.900,44310.023,61147.918
1851.596,99.000,44310.023,61147.918
1852.626,101.000,44310.023,61147.918
1853.657,99.900,44310.023,61147.918
1854.687,100.000,44310.023,61147.918
1855.717,100.000,44310.023,61147.918
1856.747,100.000,44310.023,61147.918
1857.777,100.100,44310.023,61147.918
1858.807,100.000,44310.023,61147.918
1859.837,99.000,44310.023,61147.918
1860.868,100.000,44310.023,61147.918
1861.898,100.000,44310.023,61147.918
1862.929,100.900,44310.023,61147.918
1863.959,99.000,44310.023,61147.918
1864.989,100.900,44310.023,61147.918
1866.019,100.000,44310.023,61147.918
1867.050,99.900,44310.023,61147.918
1868.080,100.000,44310.023,61147.918
1869.111,99.900,44310.023,61147.918
1870.141,100.000,44310.023,61147.918
1871.172,100.000,44310.023,61147.918
1872.202,100.900,44310.023,61147.918
1873.232,99.000,44310.023,61147.918
1874.262,100.000,44310.023,61147.918
1875.292,100.000,44310.023,61147.918
1876.323,101.000,44310.023,61147.918
1877.353,100.000,44310.023,61147.918
1878.383,99.000,44310.023,61147.918
1879.414,100.900,44310.023,61147.918
1880.444,100.000,44310.023,61147.918
1881.475,100.000,44310.023,61147.918
1882.505,100.000,44310.023,61147.918
1883.535,100.000,44310.023,61147.918
1884.566,100.000,44310.023,61147.918
1885.596,100.000,44310.023,61147.918
1886.626,99.000,44310.023,61147.918
1887.656,100.900,44310.023,61147.918
1888.687,100.000,44310.023,61147.918
1889.717,100.000,44310.023,61147.918
1890.747,100.000,44310.023,61147.918
1891.776,100.100,44310.023,61147.918
1892.806,100.000,44310.023,61147.918
1893.837,100.000,44310.023,61147.918
1894.867,100.000,44310.023,61147.918
1895.898,100.000,44310.023,61147.918
1896.928,100.000,44310.023,61147.918
1897.958,100.900,44310.023,61147.918
1898.989,99.900,44310.023,61147.918
1900.020,99.900,44310.023,61147.918
1901.050,100.000,44310.023,61147.918
1902.081,99.000,44310.023,61147.918
1903.112,99.900,44310.023,61147.918
1904.142,100.000,44310.023,61147.918
1905.172,100.900,44310.023,61147.918
1906.203,99.000,44310.023,61147.918
1907.233,100.900,44310.023,61147.918
1908.263,100.000,44310.023,61147.918
1909.294,100.000,44310.023,61147.918
1910.324,100.000,44310.023,61147.918
1911.354,100.000,44310.023,61147.918
1912.385,99.900,44310.023,61147.918
1913.416,100.000,44310.023,61147.918
1914.446,101.000,44310.023,61147.918
1915.476,99.000,44310.023,61147.918
1916.506,101.000,44310.023,61147.918
1917.537,99.000,44310.023,61147.918
1918.567,100.000,44310.023,61147.918
1919.597,100.000,44310.023,61147.918
1920.628,99.900,44310.023,61147.918
1921.658,101.000,44310.023,61147.918
1922.688,100.000,44310.023,61147.918
1923.719,99.000,44310.152,61147.918
1924.749,100.900,44318.668,61147.918
1925.778,99.100,44319.055,61147.918
1926.809,100.900,44408.426,61179.922
1927.840,99.000,44376.422,61147.918
1928.871,100.900,44376.422,61147.918
1929.901,99.900,44376.516,61147.918
1930.932,100.000,44376.516,61147.918
1931.962,100.000,44376.516,61147.918
1932.993,99.900,44376.598,61147.918
1934.024,99.900,44376.598,61147.918
1935.055,99.900,44376.598,61147.918
1936.085,99.900,44659.137,61440.418
1937.116,100.900,45120.715,61953.168
1938.147,99.000,45138.988,61971.449
1939.177,100.900,45181.594,62026.418
1940.207,100.000,45181.594,62026.418
1941.238,100.000,45181.594,62026.418
1942.269,100.900,45181.594,62026.418
1943.299,99.000,45181.594,62026.418
1944.329,100.900,45181.594,62026.418
1945.360,100.000,45181.594,62026.418
1946.390,99.000,45181.594,62026.418
1947.421,100.000,45181.594,62026.418
1948.451,100.000,45181.594,62026.418
1949.481,100.900,45181.594,62026.418
1950.512,100.000,45181.594,62026.418
1951.542,100.000,45181.594,62026.418
1952.572,99.000,45181.594,62026.418
1953.603,99.900,45181.594,62026.418
1954.633,100.900,45181.594,62026.418
1955.664,100.000,45181.594,62026.418
1956.694,100.000,45181.594,62026.418
1957.724,100.000,45181.594,62026.418
1958.756,99.900,45181.594,62026.418
1959.785,100.100,45181.594,62026.418
1960.815,100.000,45181.594,62026.418
1961.845,100.000,45181.594,62026.418
1962.876,99.900,45246.922,62026.418
1963.907,100.900,45246.922,62026.418
1964.938,99.000,45246.922,62026.418
1965.967,100.000,45248.043,62026.418
1966.997,100.000,45342.328,62113.266
1968.027,100.000,45360.488,62131.547
1969.057,100.000,45425.234,62218.395
1970.088,100.000,45661.559,62456.051
1971.118,100.000,45679.719,62474.332
1972.148,99.900,45948.395,62766.957
1973.179,99.900,45966.613,62785.238
1974.210,100.000,46350.977,63166.926
1975.240,100.000,46393.648,63213.301
1976.271,100.900,46346.441,63162.512
1977.301,100.000,46346.734,63162.512
1978.331,100.000,46347.066,63162.512
1979.362,100.000,46347.289,63162.512
1980.392,100.000,46347.289,63162.512
1981.422,99.000,46347.305,63162.512
1982.453,100.900,46347.305,63162.512
1983.483,99.900,46347.629,63162.512
1984.513,100.000,46347.824,63162.512
1985.544,100.000,46389.801,63162.512
1986.574,99.900,46726.086,63493.723
1987.605,100.000,46726.086,63493.723
1988.635,100.000,46726.086,63493.723
1989.666,100.900,47057.680,63907.738
1990.697,99.000,47057.680,63907.738
1991.727,100.000,47073.473,63907.738
1992.757,100.000,47109.434,63907.738
1993.786,100.100,47216.305,64073.348
1994.817,100.900,47383.270,64238.953
1995.847,99.900,47442.965,64238.953
1996.878,100.000,47487.297,64238.953
1997.908,100.000,47530.414,64238.953
1998.939,99.900,47279.711,63824.938
1999.970,99.900,47699.613,64487.371
2001.000,99.000,47865.613,64652.977
2002.031,100.900,48030.754,64901.391
2003.062,99.900,48030.754,64901.391
