Elapsed_time,CPU,Real_MB,Virtual_MB
0.000,0.000,36.023,12703.812
1.023,96.800,102.434,12696.594
2.051,98.200,143.359,12738.039
3.080,97.200,239.039,12833.867
4.109,96.300,275.250,12871.668
5.137,100.100,390.879,12987.703
6.166,99.100,413.746,13017.488
7.195,100.100,471.273,13075.176
8.223,99.200,505.152,13108.738
9.252,96.200,621.016,13226.113
10.280,94.300,688.027,13294.668
11.309,99.100,690.242,13297.125
12.338,92.400,697.008,13304.934
13.366,97.200,714.086,13322.363
14.395,97.200,714.930,13328.090
15.423,74.900,718.180,13334.840
16.452,82.600,748.082,13365.934
17.480,74.900,759.465,13379.367
18.509,78.800,815.305,13434.555
19.537,80.700,816.059,13437.258
20.566,88.500,817.574,13441.250
21.595,98.200,820.207,13442.750
22.624,84.500,845.578,13478.855
23.652,81.700,961.289,13601.059
24.681,81.700,973.270,13613.777
25.709,82.600,974.215,13614.844
26.738,76.800,974.273,13616.301
27.766,100.100,974.891,13616.301
28.795,74.900,977.383,13655.859
29.823,76.800,990.883,13669.859
30.852,78.800,1016.586,13695.398
31.880,97.200,1054.980,13734.520
32.909,80.700,1055.707,13735.020
33.938,99.200,1055.203,13734.516
34.967,98.100,1212.934,13900.121
35.995,68.100,1278.477,13958.023
37.024,99.200,1307.270,13987.141
38.053,101.000,1307.324,13987.141
39.083,99.100,1393.215,14074.117
40.111,99.200,1393.453,14074.117
41.140,99.200,1393.453,14074.117
42.169,100.100,1393.453,14074.117
43.198,99.200,1393.453,14074.117
44.225,100.200,1393.453,14074.117
45.254,99.200,1404.395,15595.473
46.282,100.200,1515.977,15659.473
47.311,100.100,1521.625,15809.473
48.340,100.100,1528.844,15990.473
49.369,100.100,1528.844,15990.473
50.398,100.100,1537.094,16206.473
51.427,99.100,1547.406,16465.473
52.456,100.100,1559.523,16776.473
53.485,101.100,1574.203,17150.473
54.514,99.100,1591.582,17598.473
55.543,100.100,1612.715,18136.473
56.572,100.100,1612.715,18136.473
57.601,1175.500,7562.773,22500.812
58.631,204.900,4052.828,18019.621
59.660,100.100,4348.023,18314.621
60.690,100.100,4764.391,18730.621
61.719,100.100,5436.508,19403.621
62.748,99.100,5619.176,19585.621
63.777,101.100,6511.367,20477.621
64.806,80.700,6644.918,20610.621
65.835,100.100,6644.918,20610.621
66.864,100.100,7623.297,23257.199
67.894,99.000,9031.297,23257.199
68.924,99.100,9292.816,23257.203
69.953,101.000,9406.227,25903.781
70.982,99.100,10468.262,25903.781
72.012,100.100,11530.262,25903.781
73.041,114.700,11945.211,25971.879
74.070,100.100,12645.234,26773.668
75.099,99.100,13414.117,27391.730
76.129,101.000,12436.020,26398.539
77.158,100.100,13141.984,27127.379
78.187,100.100,12674.707,26731.492
79.214,99.300,12935.023,26882.566
80.244,99.100,12977.184,26882.566
81.273,100.000,12985.531,26882.566
82.302,101.100,12217.781,26114.816
83.331,100.100,12218.289,26114.816
84.360,99.100,12230.000,26114.816
85.388,100.100,12232.406,26114.816
86.417,100.100,12973.000,28004.188
87.446,100.100,14122.273,28004.277
88.475,99.100,14122.273,28004.277
89.505,101.000,15211.484,29893.648
90.534,99.100,16275.586,31783.020
91.563,100.100,17829.586,31783.020
92.592,112.700,18120.355,32046.145
93.622,100.100,18472.859,32351.430
94.651,100.100,18472.859,32351.430
95.680,100.100,18401.930,32325.723
96.709,99.100,19142.203,33075.723
97.738,101.100,19361.039,33241.898
98.767,100.100,18201.863,32079.660
99.796,99.200,18209.785,32079.660
100.825,100.100,18209.855,32079.660
101.854,100.100,18103.641,31973.445
102.883,100.100,18525.863,33862.816
103.912,100.100,19993.012,33862.816
104.941,99.200,20356.496,35752.188
105.970,100.100,21252.496,35752.188
106.999,100.100,21882.773,35752.188
108.028,100.100,22234.496,37641.559
109.057,100.100,22984.496,37641.559
110.086,99.100,23734.496,37641.559
111.114,101.100,22479.867,37641.559
112.144,99.100,23155.867,37641.559
113.172,101.100,23772.223,37641.559
114.202,99.100,24241.090,38259.805
115.229,99.300,22186.176,36055.488
116.259,101.000,22574.145,36434.523
117.287,99.100,23475.180,37332.980
118.316,100.100,24237.160,38093.473
119.345,100.100,24287.969,38093.473
120.374,99.100,24288.207,38093.473
121.403,101.100,18168.496,31973.445
122.431,99.200,18168.496,31973.445
123.460,100.100,18168.949,31973.445
124.489,100.100,18168.949,31973.445
125.518,100.100,18397.582,32201.852
126.547,100.100,18926.797,32749.137
127.576,99.100,19374.523,33237.121
128.605,101.000,20411.871,34264.965
129.635,98.100,20658.105,34503.754
130.663,96.200,20668.270,34505.547
131.692,97.200,20045.172,33873.441
132.721,99.200,20168.164,33995.785
133.750,99.100,20180.277,33995.785
134.779,100.100,20064.773,33873.441
135.807,100.100,20064.773,33873.441
136.836,100.100,20201.660,34001.898
137.865,100.100,20212.910,34001.898
138.894,99.100,20096.016,33873.441
139.922,99.100,20096.203,33873.441
140.951,100.100,20096.320,33873.441
141.980,100.100,20571.617,34348.848
143.009,99.100,21022.551,34799.781
144.038,100.100,21367.273,35144.496
145.067,100.100,20407.430,34183.312
146.096,99.200,20665.188,34440.922
147.124,100.100,20888.914,34664.648
148.153,99.100,21310.422,36554.020
149.183,100.100,22787.047,36554.020
150.210,71.000,20419.672,34183.312
151.239,100.100,20419.676,34183.312
152.268,100.100,20419.992,34183.312
153.297,99.100,20420.004,34183.312
154.326,100.100,20420.008,34183.312
155.355,100.100,20420.008,34183.312
156.383,101.100,20420.008,34183.312
157.412,100.100,20420.008,34183.312
158.443,99.100,20420.008,34183.312
159.472,100.100,20420.008,34183.312
160.498,100.400,20420.008,34183.312
161.527,100.100,20420.008,34183.312
162.556,100.100,20420.008,34183.312
163.585,100.100,20420.008,34183.312
164.614,100.100,20420.051,34183.312
165.643,100.100,20420.051,34183.312
166.672,99.100,19476.996,33240.258
167.700,101.100,19476.996,33240.258
168.729,99.100,19478.562,33240.258
169.758,100.100,19478.613,33240.258
170.787,100.100,19478.676,33240.258
171.816,100.100,19479.336,33240.258
172.845,100.100,19479.336,33240.258
173.874,100.100,19480.371,33240.258
174.903,100.100,19480.371,33240.258
175.931,100.100,19481.391,33240.258
176.960,99.100,19481.398,33240.258
177.989,101.100,19482.250,33240.258
179.018,99.200,19482.262,33240.258
180.047,100.100,19482.363,33240.258
181.076,100.100,19482.891,33240.258
182.104,100.100,19482.891,33240.258
183.133,100.100,19484.133,33240.258
184.162,99.100,19484.195,33240.258
185.191,101.100,19485.215,33240.258
186.218,99.300,19485.215,33240.258
187.247,100.100,19486.398,33240.258
188.277,100.000,19486.402,33240.258
189.306,100.100,19486.406,33240.258
190.335,100.100,19487.059,33240.258
191.363,100.100,19487.074,33240.258
192.392,99.200,19489.270,33240.258
193.421,100.100,19489.273,33240.258
194.450,100.100,19489.969,33240.258
195.478,100.100,19489.969,33240.258
196.507,101.100,19491.086,33240.258
197.536,100.100,19491.086,33240.258
198.565,99.100,19491.090,33240.258
199.593,100.100,19492.836,33240.258
200.622,99.200,19492.836,33240.258
201.651,100.100,19493.941,33240.258
202.679,101.100,19493.941,33240.258
203.708,99.200,19495.102,33240.258
204.737,100.100,19495.102,33240.258
205.765,100.100,19495.105,33240.258
206.794,100.100,19495.105,33240.258
207.823,100.100,19495.500,33240.258
208.852,100.100,19496.285,33240.258
209.880,100.100,19496.285,33240.258
210.909,99.200,19496.922,33240.258
211.938,101.100,19496.957,33240.258
212.967,100.000,19497.477,33240.258
213.996,100.100,19497.477,33240.258
215.025,99.200,19498.535,33240.258
216.053,100.100,19498.535,33240.258
217.082,100.100,19498.637,33240.258
218.112,100.100,19498.637,33240.258
219.141,100.100,19498.637,33240.258
220.170,100.100,19498.637,33240.258
221.198,100.100,19498.637,33240.258
222.226,100.300,19498.637,33240.258
223.254,100.100,19498.637,33240.258
224.283,99.200,19498.637,33240.258
225.312,100.100,19498.637,33240.258
226.340,100.100,19498.637,33240.258
227.369,100.100,19498.637,33240.258
228.398,100.100,19498.637,33240.258
229.427,100.100,19498.637,33240.258
230.456,100.100,19498.637,33240.258
231.484,99.200,19498.637,33240.258
232.513,100.200,19498.637,33240.258
233.541,100.100,19498.637,33240.258
234.570,100.100,19498.637,33240.258
235.599,100.100,19498.637,33240.258
236.627,100.100,19498.637,33240.258
237.656,99.200,19498.637,33240.258
238.684,100.100,19498.637,33240.258
239.713,100.100,19498.637,33240.258
240.742,100.100,19498.637,33240.258
241.771,100.100,19498.637,33240.258
242.800,100.100,19498.637,33240.258
243.829,100.100,19498.637,33240.258
244.857,100.100,19498.637,33240.258
245.886,100.100,19498.637,33240.258
246.915,100.100,19498.637,33240.258
247.945,100.100,19498.637,33240.258
248.974,100.100,19498.637,33240.258
250.002,100.100,19498.637,33240.258
251.031,99.200,19498.637,33240.258
252.060,100.100,19498.637,33240.258
253.089,100.100,19498.637,33240.258
254.117,100.100,19498.637,33240.258
255.146,100.100,19498.637,33240.258
256.175,99.100,19498.637,33240.258
257.203,100.200,19498.637,33240.258
258.232,100.100,19498.637,33240.258
259.261,101.100,19498.637,33240.258
260.289,100.100,19498.637,33240.258
261.318,100.100,19498.637,33240.258
262.347,99.200,19498.637,33240.258
263.375,100.100,19498.637,33240.258
264.404,100.100,19498.637,33240.258
265.433,100.100,19498.637,33240.258
266.462,100.100,19498.637,33240.258
267.490,100.100,19498.637,33240.258
268.519,100.100,19498.637,33240.258
269.548,100.100,19498.637,33240.258
270.577,100.100,19498.637,33240.258
271.606,99.200,19498.637,33240.258
272.635,100.100,19498.637,33240.258
273.664,100.000,19498.637,33240.258
274.693,100.100,19498.637,33240.258
275.722,100.100,19498.637,33240.258
276.751,100.100,19498.637,33240.258
277.779,100.100,19498.637,33240.258
278.809,100.000,19498.637,33240.258
279.838,99.100,19498.637,33240.258
280.867,100.100,19498.637,33240.258
281.896,100.100,19498.637,33240.258
282.925,100.100,19498.637,33240.258
283.954,100.100,19498.637,33240.258
284.983,100.100,19498.637,33240.258
286.011,100.100,19498.637,33240.258
287.040,100.100,19498.637,33240.258
288.069,100.100,19498.637,33240.258
289.098,100.100,19498.637,33240.258
290.127,99.100,19498.637,33240.258
291.156,100.100,19498.637,33240.258
292.184,100.100,19498.637,33240.258
293.212,100.200,19498.637,33240.258
294.241,100.100,19498.637,33240.258
295.270,100.100,19498.637,33240.258
296.299,100.100,19498.637,33240.258
297.327,100.100,19498.637,33240.258
298.356,100.100,19498.637,33240.258
299.385,99.100,19498.637,33240.258
300.414,100.100,19498.637,33240.258
301.443,100.100,19498.637,33240.258
302.472,100.100,19498.637,33240.258
303.500,100.100,19498.801,33240.258
304.529,100.100,19498.801,33240.258
305.558,100.100,19499.469,33240.258
306.587,100.100,19499.480,33240.258
307.616,100.100,19499.484,33240.258
308.645,100.000,19499.484,33240.258
309.674,100.100,19499.484,33240.258
310.703,100.100,19499.484,33240.258
311.732,100.100,19499.484,33240.258
312.761,99.100,19499.484,33240.258
313.789,100.100,19499.484,33240.258
314.818,100.200,19499.484,33240.258
315.846,100.100,19499.484,33240.258
316.875,100.100,19499.484,33240.258
317.904,100.100,19499.484,33240.258
318.932,100.100,19499.484,33240.258
319.961,100.100,19499.484,33240.258
320.989,99.200,19499.484,33240.258
322.018,100.100,19499.484,33240.258
323.047,100.100,19499.484,33240.258
324.076,100.100,19499.484,33240.258
325.105,100.100,19499.484,33240.258
326.133,100.100,19499.484,33240.258
327.162,100.100,19499.484,33240.258
328.191,100.100,19499.484,33240.258
329.218,99.300,19499.484,33240.258
330.247,100.100,19499.484,33240.258
331.275,100.100,19552.727,33293.500
332.304,99.100,19560.121,33293.500
333.333,100.100,19572.012,33293.500
334.363,101.100,19572.191,33293.500
335.391,100.100,19593.410,33293.500
336.420,99.100,19606.211,33293.500
337.449,101.100,19606.609,33293.500
338.478,100.100,19621.426,33293.500
339.508,100.100,19633.660,33293.500
340.536,99.100,19633.867,33293.500
341.565,100.100,19644.699,33293.500
342.594,100.100,19655.629,33293.500
343.623,100.100,19655.750,33293.500
344.652,99.100,19664.070,33293.500
345.680,101.100,19672.055,33293.500
346.709,100.100,19672.164,33293.500
347.738,99.100,19681.449,33293.500
348.767,100.100,19687.469,33293.500
349.796,100.100,19687.523,33293.500
350.824,100.100,19696.328,33293.500
351.853,100.100,19698.816,33293.500
352.882,100.100,19698.859,33293.500
353.911,100.100,19706.754,33293.500
354.939,100.100,19706.754,33293.500
355.968,100.100,19706.918,33293.500
356.997,99.200,19712.801,33293.500
358.026,100.100,19712.801,33293.500
359.055,100.100,19712.926,33293.500
360.083,100.100,19717.715,33293.500
361.113,100.100,19717.715,33293.500
362.141,100.100,19717.828,33293.500
363.171,100.100,19721.961,33293.500
364.200,100.100,19721.961,33293.500
365.227,100.200,19721.965,33293.500
366.256,100.100,19722.082,33293.500
367.285,100.100,19737.383,33293.500
368.315,100.000,19737.488,33293.500
369.344,99.100,19737.652,33293.500
370.373,101.100,19749.523,33293.500
371.402,99.100,19749.527,33293.500
372.430,100.100,19749.688,33293.500
373.459,99.100,19751.680,33293.500
374.488,100.100,19751.680,33293.500
375.517,101.100,19751.699,33293.500
376.545,99.200,19751.734,33293.500
377.574,100.100,19751.734,33293.500
378.603,100.100,19751.887,33293.500
379.632,100.100,19751.887,33293.500
380.660,100.100,19751.887,33293.500
381.689,100.100,19751.887,33293.500
382.718,100.100,19751.887,33293.500
383.747,100.100,19751.887,33293.500
384.776,100.100,19751.887,33293.500
385.804,100.100,19751.887,33293.500
386.833,100.100,19751.887,33293.500
387.862,99.200,19752.121,33293.500
388.891,100.100,19752.121,33293.500
389.919,100.100,19752.121,33293.500
390.948,100.100,19752.230,33293.500
391.977,100.100,19752.230,33293.500
393.006,100.100,19752.230,33293.500
394.035,100.100,19752.230,33293.500
395.064,99.100,19752.230,33293.500
396.093,101.100,19752.230,33293.500
397.122,100.100,19752.230,33293.500
398.151,100.000,19752.230,33293.500
399.180,99.100,19752.230,33293.500
400.207,100.300,19752.230,33293.500
401.236,100.100,19752.230,33293.500
402.265,100.100,19752.230,33293.500
403.293,100.100,19752.230,33293.500
404.322,100.100,19752.230,33293.500
405.351,99.200,19752.230,33293.500
406.380,100.100,19752.230,33293.500
407.408,101.100,19752.262,33293.500
408.437,99.100,19752.262,33293.500
409.466,100.100,19752.262,33293.500
410.495,100.100,19752.344,33293.500
411.524,100.100,19752.344,33293.500
412.552,100.100,19752.344,33293.500
413.581,99.200,19752.383,33293.500
414.610,100.100,19752.383,33293.500
415.638,101.100,19752.430,33293.500
416.667,99.100,19752.430,33293.500
417.696,100.100,19752.430,33293.500
418.725,100.100,19752.449,33293.500
419.753,100.100,19752.449,33293.500
420.782,100.100,19752.449,33293.500
421.811,99.200,19752.449,33293.500
422.839,100.100,19752.449,33293.500
423.868,101.100,19752.449,33293.500
424.897,99.200,19752.449,33293.500
425.926,100.100,19752.465,33293.500
426.955,100.100,19752.555,33293.500
427.984,100.000,19752.555,33293.500
429.013,100.100,19752.555,33293.500
430.042,100.200,19752.555,33293.500
431.070,99.200,19752.555,33293.500
432.099,101.100,19752.555,33293.500
433.128,100.100,19752.555,33293.500
434.157,100.100,19752.555,33293.500
435.185,100.100,19752.555,33293.500
436.212,100.300,19752.555,33293.500
437.241,99.100,19752.555,33293.500
438.270,100.100,19752.555,33293.500
439.299,100.100,19752.555,33293.500
440.328,100.100,19752.602,33293.500
441.356,100.100,19752.602,33293.500
442.385,100.100,19752.602,33293.500
443.414,100.100,19752.723,33293.500
444.443,100.100,19752.723,33293.500
445.472,100.100,19752.723,33293.500
446.500,99.100,19752.871,33293.500
447.529,100.100,19752.883,33293.500
448.558,100.100,19752.883,33293.500
449.587,99.100,19752.957,33293.500
450.615,100.100,19752.957,33293.500
451.644,100.100,19753.137,33293.500
452.673,100.100,19753.137,33293.500
453.701,100.100,19753.137,33293.500
454.730,100.100,19753.230,33293.500
455.760,100.000,19753.230,33293.500
456.789,100.100,19753.230,33293.500
457.818,100.100,19753.238,33293.500
458.847,100.000,19753.238,33293.500
459.876,100.100,19753.238,33293.500
460.905,100.100,19753.293,33293.500
461.934,100.100,19753.293,33293.500
462.963,100.100,19753.418,33293.500
463.991,100.100,19753.418,33293.500
465.020,100.100,19753.418,33293.500
466.049,100.100,19753.480,33293.500
467.077,100.100,19753.480,33293.500
468.106,100.100,19753.480,33293.500
469.135,99.200,19753.480,33293.500
470.164,100.100,19753.480,33293.500
471.192,100.100,19753.480,33293.500
472.219,99.300,19753.480,33293.500
473.248,100.100,19753.480,33293.500
474.277,100.100,19753.480,33293.500
475.306,100.100,19753.480,33293.500
476.335,100.100,19753.480,33293.500
477.363,100.100,19753.480,33293.500
478.392,100.100,19753.480,33293.500
479.421,100.100,19753.480,33293.500
480.449,99.200,19753.480,33293.500
481.479,100.100,19753.480,33293.500
482.507,100.100,19753.480,33293.500
483.536,101.100,19753.480,33293.500
484.566,100.100,19753.480,33293.500
485.594,100.100,19753.480,33293.500
486.623,99.100,19753.480,33293.500
487.652,100.100,19753.480,33293.500
488.682,100.000,19753.480,33293.500
489.711,100.100,19753.480,33293.500
490.740,100.100,19753.480,33293.500
491.768,100.100,19753.480,33293.500
492.797,100.100,19753.480,33293.500
493.826,100.100,19753.480,33293.500
494.855,100.100,19753.480,33293.500
495.884,99.100,19753.480,33293.500
496.912,100.100,19753.480,33293.500
497.941,100.100,19753.480,33293.500
498.970,100.100,19753.480,33293.500
499.999,100.100,19753.480,33293.500
501.028,100.100,19753.480,33293.500
502.057,100.100,19753.480,33293.500
503.086,100.100,19753.480,33293.500
504.114,100.100,19753.480,33293.500
505.143,100.100,19753.480,33293.500
506.172,99.200,19753.480,33293.500
507.201,100.100,19753.480,33293.500
508.230,100.100,19753.480,33293.500
509.259,100.100,19753.480,33293.500
510.287,100.100,19753.480,33293.500
511.317,100.100,19753.480,33293.500
512.345,100.100,19753.480,33293.500
513.374,100.100,19753.480,33293.500
514.403,100.100,19753.480,33293.500
515.432,99.100,19753.480,33293.500
516.461,100.000,19753.480,33293.500
517.490,100.100,19753.480,33293.500
518.520,100.000,19753.480,33293.500
519.549,100.100,19753.613,33293.500
520.578,100.100,19753.613,33293.500
521.606,99.200,19753.613,33293.500
522.635,101.100,19753.613,33293.500
523.664,100.100,19753.613,33293.500
524.693,100.100,19753.613,33293.500
525.722,99.100,19753.613,33293.500
526.751,100.100,19753.613,33293.500
527.780,100.100,19753.734,33293.500
528.808,100.100,19753.734,33293.500
529.837,100.100,19753.734,33293.500
530.866,100.200,19753.734,33293.500
531.895,100.100,19753.734,33293.500
532.924,100.100,19753.742,33293.500
533.953,100.100,19753.742,33293.500
534.981,99.100,19753.742,33293.500
536.010,100.100,19753.742,33293.500
537.039,100.100,19753.742,33293.500
538.068,100.100,19753.742,33293.500
539.097,100.100,19753.742,33293.500
540.126,100.100,19753.742,33293.500
541.154,100.100,19753.742,33293.500
542.183,100.100,19753.742,33293.500
543.210,99.300,19753.742,33293.500
544.239,100.100,19753.742,33293.500
545.268,100.100,19753.742,33293.500
546.296,100.100,19753.742,33293.500
547.325,100.100,19753.742,33293.500
548.355,100.100,19753.742,33293.500
549.384,100.100,19753.742,33293.500
550.412,100.100,19753.742,33293.500
551.441,100.100,19753.742,33293.500
552.470,100.100,19753.742,33293.500
553.499,99.200,19753.742,33293.500
554.527,100.100,19753.742,33293.500
555.556,100.100,19753.742,33293.500
556.585,101.100,19811.828,33351.605
557.613,100.100,19811.828,33351.605
558.642,99.200,19811.828,33351.605
559.671,100.100,19811.828,33351.605
560.700,99.100,19812.223,33351.605
561.729,100.100,19812.234,33351.605
562.758,100.100,19812.246,33351.605
563.787,101.100,19812.438,33351.605
564.816,100.100,19812.438,33351.605
565.845,100.100,19812.438,33351.605
566.874,99.100,19813.285,33351.605
567.903,100.100,19813.285,33351.605
568.932,100.100,19813.375,33351.605
569.961,100.100,19813.547,33351.605
570.990,100.100,19813.547,33351.605
572.019,100.100,19813.547,33351.605
573.048,99.100,19813.555,33351.605
574.077,100.100,19813.555,33351.605
575.106,100.100,19813.555,33351.605
576.135,100.100,19813.570,33351.605
577.165,100.000,19813.570,33351.605
578.194,101.000,19813.570,33351.605
579.222,99.200,19813.570,33351.605
580.251,100.100,19813.570,33351.605
581.280,100.100,19813.570,33351.605
582.309,100.100,19813.641,33351.605
583.337,100.100,19813.641,33351.605
584.366,100.100,19813.641,33351.605
585.395,100.100,19813.664,33351.605
586.424,100.100,19813.664,33351.605
587.452,100.100,19813.664,33351.605
588.481,100.100,19813.695,33351.605
589.510,100.100,19813.695,33351.605
590.539,100.100,19813.695,33351.605
591.568,99.100,19813.695,33351.605
592.596,100.100,19813.695,33351.605
593.625,100.100,19813.734,33351.605
594.654,100.100,19813.734,33351.605
595.683,100.100,19813.734,33351.605
596.712,99.100,19813.738,33351.605
597.741,100.100,19813.738,33351.605
598.769,100.100,19813.738,33351.605
599.798,101.100,19813.773,33351.605
600.827,99.200,19813.773,33351.605
601.856,100.100,19813.777,33351.605
602.884,100.100,19813.777,33351.605
603.913,100.100,19813.777,33351.605
604.942,100.100,19813.777,33351.605
605.971,100.100,19813.777,33351.605
607.000,100.100,19813.777,33351.605
608.029,99.000,19813.824,33351.605
609.059,100.100,19813.824,33351.605
610.088,100.100,19813.824,33351.605
611.116,100.100,19813.863,33351.605
612.145,100.100,19813.863,33351.605
613.174,100.100,19813.863,33351.605
614.203,100.200,19813.883,33351.605
615.231,100.100,19813.883,33351.605
616.260,99.100,19813.883,33351.605
617.289,100.100,19813.891,33351.605
618.318,100.100,19813.891,33351.605
619.347,100.100,19813.891,33351.605
620.375,100.100,19813.961,33351.605
621.404,100.100,19813.961,33351.605
622.433,100.100,19813.961,33351.605
623.462,100.100,19813.961,33351.605
624.491,100.100,19813.961,33351.605
625.519,99.200,19813.961,33351.605
626.548,100.100,19813.961,33351.605
627.577,100.100,19813.961,33351.605
628.606,100.100,19813.973,33351.605
629.635,100.100,19813.973,33351.605
630.664,100.100,19813.973,33351.605
631.692,100.100,19814.023,33351.605
632.721,100.100,19814.023,33351.605
633.750,100.100,19814.023,33351.605
634.779,100.100,19814.078,33351.605
635.808,100.100,19814.078,33351.605
636.836,100.100,19814.078,33351.605
637.866,99.100,19814.086,33351.605
638.896,100.000,19814.086,33351.605
639.925,100.100,19814.094,33351.605
640.954,101.100,19814.129,33351.605
641.983,99.200,19814.129,33351.605
643.011,100.100,19814.129,33351.605
644.040,100.100,19814.129,33351.605
645.069,100.100,19814.129,33351.605
646.098,99.200,19814.160,33351.605
647.126,101.100,19814.160,33351.605
648.155,100.100,19814.160,33351.605
649.184,100.100,19814.160,33351.605
650.211,100.300,19814.160,33351.605
651.240,100.100,19814.160,33351.605
652.269,99.200,19814.211,33351.605
653.297,100.100,19814.211,33351.605
654.326,100.100,19814.211,33351.605
655.355,100.100,19814.211,33351.605
656.383,99.200,19814.211,33351.605
657.412,100.100,19814.211,33351.605
658.441,100.100,19814.211,33351.605
659.470,100.100,19814.211,33351.605
660.498,100.100,19814.211,33351.605
661.527,100.100,19814.211,33351.605
662.555,100.100,19814.211,33351.605
663.584,100.100,19814.211,33351.605
664.613,100.100,19814.211,33351.605
665.642,99.200,19814.211,33351.605
666.671,100.100,19814.211,33351.605
667.700,100.100,19814.211,33351.605
668.729,101.000,19814.234,33351.605
669.758,100.100,19814.234,33351.605
670.787,99.200,19814.234,33351.605
671.816,100.100,19814.402,33351.605
672.845,100.100,19814.402,33351.605
673.873,100.100,19814.410,33351.605
674.902,100.100,19814.410,33351.605
675.931,99.200,19814.410,33351.605
676.960,100.100,19814.418,33351.605
677.988,100.100,19814.418,33351.605
679.017,100.100,19814.418,33351.605
680.046,101.100,19814.660,33351.605
681.075,100.100,19814.660,33351.605
682.104,99.200,19814.660,33351.605
683.132,100.100,19814.977,33351.605
684.161,100.100,19815.055,33351.605
685.190,100.100,19815.055,33351.605
686.218,99.200,19815.180,33351.605
687.247,100.100,19815.180,33351.605
688.275,100.100,19815.180,33351.605
689.304,100.100,19815.277,33351.605
690.333,100.100,19815.277,33351.605
691.361,100.100,19815.277,33351.605
692.390,100.100,19815.277,33351.605
693.419,99.100,19815.277,33351.605
694.448,100.100,19815.277,33351.605
695.477,100.100,19815.289,33351.605
696.506,100.100,19815.289,33351.605
697.535,100.100,19815.301,33351.605
698.565,100.000,19815.301,33351.605
699.594,100.100,19815.301,33351.605
700.623,100.100,19815.332,33351.605
701.652,100.100,19815.332,33351.605
702.681,100.100,19815.332,33351.605
703.710,100.100,19815.387,33351.605
704.739,99.100,19815.387,33351.605
705.768,100.100,19815.387,33351.605
706.796,101.100,19815.426,33351.605
707.825,99.200,19815.434,33351.605
708.854,101.100,19815.434,33351.605
709.882,99.200,19815.453,33351.605
710.911,100.100,19815.453,33351.605
711.940,100.100,19815.453,33351.605
712.969,100.100,19815.453,33351.605
713.998,100.100,19815.453,33351.605
715.027,99.100,19817.891,33351.605
716.055,101.100,19817.898,33351.605
717.085,100.100,19817.898,33351.605
718.114,100.100,19819.691,33351.605
719.143,100.100,19819.691,33351.605
720.172,99.100,19819.691,33351.605
721.201,100.100,19819.711,33351.605
722.230,100.100,19766.469,33298.363
723.259,100.000,19766.469,33298.363
724.288,100.100,19766.469,33298.363
725.317,100.100,19766.469,33298.363
726.346,99.100,19766.469,33298.363
727.375,101.100,19766.469,33298.363
728.405,100.000,19766.469,33298.363
729.434,100.100,19766.469,33298.363
730.463,99.100,19766.469,33298.363
731.491,100.100,19766.469,33298.363
732.520,100.100,19766.469,33298.363
733.549,100.100,19766.469,33298.363
734.578,100.100,19766.469,33298.363
735.607,100.100,19766.469,33298.363
736.635,100.100,19766.469,33298.363
737.664,100.100,19766.469,33298.363
738.693,100.100,19766.469,33298.363
739.722,100.100,19766.469,33298.363
740.750,99.100,19766.469,33298.363
741.779,101.100,19766.469,33298.363
742.808,99.200,19766.469,33298.363
743.836,100.100,19766.469,33298.363
744.865,100.100,19766.469,33298.363
745.894,100.100,19766.469,33298.363
746.923,100.100,19766.469,33298.363
747.952,100.100,19766.469,33298.363
748.981,99.100,19766.469,33298.363
750.010,100.100,19766.469,33298.363
751.039,100.100,19766.469,33298.363
752.068,101.100,19766.480,33298.363
753.097,99.100,19766.480,33298.363
754.126,100.100,19766.480,33298.363
755.154,100.100,19766.480,33298.363
756.184,100.100,19766.480,33298.363
757.211,99.300,19766.480,33298.363
758.241,101.000,19766.480,33298.363
759.271,100.000,19766.480,33298.363
760.300,99.100,19766.547,33298.363
761.329,100.100,19766.547,33298.363
762.358,101.000,19766.547,33298.363
763.387,99.100,19766.547,33298.363
764.416,100.100,19766.547,33298.363
765.445,100.100,19766.547,33298.363
766.474,100.100,19766.547,33298.363
767.503,100.100,19766.547,33298.363
768.532,99.100,19766.547,33298.363
769.561,101.100,19766.547,33298.363
770.590,100.100,19766.547,33298.363
771.619,100.100,19766.547,33298.363
772.648,99.100,19766.547,33298.363
773.677,100.100,19766.547,33298.363
774.706,101.100,19766.547,33298.363
775.735,100.100,19766.547,33298.363
776.764,99.100,19766.547,33298.363
777.793,100.100,19766.547,33298.363
778.822,100.100,19766.547,33298.363
779.851,100.100,19766.547,33298.363
780.880,100.100,19766.547,33298.363
781.909,100.100,19766.547,33298.363
782.938,99.100,19766.547,33298.363
783.967,100.100,19766.547,33298.363
784.996,100.100,19766.547,33298.363
786.025,100.100,19766.547,33298.363
787.054,100.100,19766.547,33298.363
788.083,100.000,19766.547,33298.363
789.112,100.100,19806.875,33338.691
790.141,101.100,19806.875,33338.691
791.170,99.200,19806.875,33338.691
792.199,100.100,19806.875,33338.691
793.227,100.200,19806.875,33338.691
794.255,100.100,19806.875,33338.691
795.284,100.100,19806.875,33338.691
796.313,99.100,19806.875,33338.691
797.342,101.100,19806.875,33338.691
798.371,99.200,19806.875,33338.691
799.400,100.100,19806.875,33338.691
800.428,100.100,19806.875,33338.691
801.457,100.100,19806.875,33338.691
802.486,100.100,19806.875,33338.691
803.515,100.100,19806.875,33338.691
804.544,100.100,19806.875,33338.691
805.573,100.100,19806.875,33338.691
806.601,100.100,19806.875,33338.691
807.630,99.100,19806.875,33338.691
808.659,100.100,19806.875,33338.691
809.688,100.100,19806.875,33338.691
810.717,100.200,19806.875,33338.691
811.746,100.100,19806.875,33338.691
812.775,100.100,19806.875,33338.691
813.803,100.100,19806.875,33338.691
814.832,99.200,19806.875,33338.691
815.861,100.100,19806.875,33338.691
816.890,100.100,19806.875,33338.691
817.920,101.000,19806.875,33338.691
818.949,100.100,19806.875,33338.691
819.978,100.100,19806.875,33338.691
821.007,100.100,19806.875,33338.691
822.036,99.200,19806.875,33338.691
823.065,100.100,19806.875,33338.691
824.094,100.100,19806.875,33338.691
825.122,100.100,19806.875,33338.691
826.151,100.100,19806.875,33338.691
827.180,99.100,19806.875,33338.691
828.208,100.200,19806.875,33338.691
829.237,101.100,19806.875,33338.691
830.266,100.100,19806.875,33338.691
831.294,99.100,19806.875,33338.691
832.323,100.100,19806.875,33338.691
833.352,100.100,19806.875,33338.691
834.381,99.200,19806.875,33338.691
835.409,101.100,19806.875,33338.691
836.438,100.100,19806.875,33338.691
837.467,100.100,19806.875,33338.691
838.495,99.200,19806.875,33338.691
839.524,101.100,19806.875,33338.691
840.553,99.200,19806.875,33338.691
841.582,100.100,19806.875,33338.691
842.610,100.100,19806.875,33338.691
843.639,99.100,19806.875,33338.691
844.668,101.100,19806.875,33338.691
845.697,100.100,19806.875,33338.691
846.725,99.200,19806.875,33338.691
847.754,100.100,19806.875,33338.691
848.784,100.100,19806.875,33338.691
849.813,100.100,19806.875,33338.691
850.841,100.100,19806.875,33338.691
851.870,100.100,19806.875,33338.691
852.899,100.100,19806.875,33338.691
853.928,100.100,19806.875,33338.691
854.956,100.100,19806.875,33338.691
855.985,100.100,19806.875,33338.691
857.014,100.200,19806.875,33338.691
858.043,99.100,19806.875,33338.691
859.071,101.100,19806.875,33338.691
860.100,99.200,19806.875,33338.691
861.128,100.100,19806.875,33338.691
862.157,99.100,19806.875,33338.691
863.186,100.100,19806.875,33338.691
864.213,101.200,19806.875,33338.691
865.242,100.100,19806.875,33338.691
866.271,99.100,19806.875,33338.691
867.300,100.100,19806.875,33338.691
868.328,100.100,19806.875,33338.691
869.358,100.100,19806.875,33338.691
870.386,100.100,19806.875,33338.691
871.415,100.100,19806.875,33338.691
872.444,99.200,19806.875,33338.691
873.473,100.100,19806.875,33338.691
874.501,100.100,19806.875,33338.691
875.530,101.100,19806.875,33338.691
876.559,99.100,19806.875,33338.691
877.587,100.100,19806.875,33338.691
878.617,100.000,19806.875,33338.691
879.646,100.100,19806.875,33338.691
880.675,100.000,19806.875,33338.691
881.704,100.100,19806.875,33338.691
882.733,99.200,19806.875,33338.691
883.761,101.100,19806.875,33338.691
884.790,100.100,19806.875,33338.691
885.819,100.100,19806.875,33338.691
886.847,99.100,19806.875,33338.691
887.876,100.100,19806.875,33338.691
888.905,100.100,19806.875,33338.691
889.934,100.100,19806.875,33338.691
890.963,100.100,19806.875,33338.691
891.992,100.100,19806.875,33338.691
893.020,99.100,19806.875,33338.691
894.049,101.100,19806.875,33338.691
895.078,99.200,19806.875,33338.691
896.107,100.100,19806.875,33338.691
897.136,100.100,19806.875,33338.691
898.164,100.100,19806.875,33338.691
899.193,100.100,19806.875,33338.691
900.221,100.200,19806.875,33338.691
901.250,100.100,19806.875,33338.691
902.278,100.100,19806.875,33338.691
903.307,99.100,19806.875,33338.691
904.336,101.100,19806.875,33338.691
905.365,100.100,19806.875,33338.691
906.394,99.100,19806.875,33338.691
907.423,100.100,19806.875,33338.691
908.453,100.000,19806.875,33338.691
909.482,100.100,19806.875,33338.691
910.511,100.100,19806.875,33338.691
911.539,99.100,19806.875,33338.691
912.568,101.100,19806.875,33338.691
913.597,100.100,19806.875,33338.691
914.626,100.100,19806.875,33338.691
915.655,99.100,19806.875,33338.691
916.683,101.100,19806.875,33338.691
917.712,99.200,19806.875,33338.691
918.741,100.100,19806.875,33338.691
919.769,100.100,19806.875,33338.691
920.798,100.200,19806.875,33338.691
921.826,100.100,19806.875,33338.691
922.855,100.100,19806.875,33338.691
923.884,100.100,19806.875,33338.691
924.913,99.100,19806.875,33338.691
925.942,100.100,19806.875,33338.691
926.971,100.100,19806.875,33338.691
928.000,101.100,19806.875,33338.691
929.029,99.100,19806.875,33338.691
930.057,100.100,19806.875,33338.691
931.086,100.100,19806.875,33338.691
932.115,100.100,19806.875,33338.691
933.144,99.200,19806.875,33338.691
934.173,101.100,19806.875,33338.691
935.201,100.100,19806.875,33338.691
936.229,100.200,19806.875,33338.691
937.258,99.100,19806.875,33338.691
938.287,100.000,19806.875,33338.691
939.316,100.100,19806.875,33338.691
940.345,100.100,19806.875,33338.691
941.375,100.100,19806.875,33338.691
942.403,100.100,19806.875,33338.691
943.432,99.100,19806.875,33338.691
944.461,101.100,19806.875,33338.691
945.490,99.200,19806.875,33338.691
946.519,100.100,19806.875,33338.691
947.547,100.100,19806.875,33338.691
948.576,100.100,19806.875,33338.691
949.605,100.100,19806.875,33338.691
950.634,100.100,19806.875,33338.691
951.662,100.100,19806.875,33338.691
952.691,100.100,19806.875,33338.691
953.720,100.100,19806.875,33338.691
954.749,100.100,19806.875,33338.691
955.778,100.100,19806.875,33338.691
956.806,99.100,19806.875,33338.691
957.835,100.100,19806.875,33338.691
958.864,100.100,19806.875,33338.691
959.893,100.100,19806.875,33338.691
960.922,100.100,19806.875,33338.691
961.951,100.100,19806.875,33338.691
962.980,99.100,19806.875,33338.691
964.009,100.100,19806.875,33338.691
965.038,100.100,19806.875,33338.691
966.067,100.100,19806.875,33338.691
967.096,101.100,19806.875,33338.691
968.125,100.000,19806.875,33338.691
969.154,100.100,19806.875,33338.691
970.183,99.200,19806.875,33338.691
971.210,100.300,19806.875,33338.691
972.239,100.100,19806.875,33338.691
973.268,99.100,19806.875,33338.691
974.296,101.100,19806.875,33338.691
975.325,99.200,19806.875,33338.691
976.353,100.100,19806.875,33338.691
977.382,101.100,19806.875,33338.691
978.411,99.200,19806.875,33338.691
979.440,100.100,19806.875,33338.691
980.468,100.100,19806.875,33338.691
981.497,100.100,19806.875,33338.691
982.525,100.200,19806.875,33338.691
983.554,100.100,19806.875,33338.691
984.583,99.200,19806.875,33338.691
985.611,100.100,19806.875,33338.691
986.640,100.100,19806.875,33338.691
987.669,100.100,19806.875,33338.691
988.697,100.100,19806.875,33338.691
989.726,100.100,19806.875,33338.691
990.755,100.100,19806.875,33338.691
991.784,100.100,19806.875,33338.691
992.813,99.200,19806.875,33338.691
993.841,101.100,19806.875,33338.691
994.870,99.200,19806.875,33338.691
995.899,100.100,19806.875,33338.691
996.928,100.100,19806.875,33338.691
997.957,100.000,19806.875,33338.691
998.986,100.100,19806.875,33338.691
1000.015,99.200,19806.875,33338.691
1001.043,100.100,19806.875,33338.691
1002.073,101.000,19806.875,33338.691
1003.101,99.100,19806.875,33338.691
1004.130,101.100,19806.875,33338.691
1005.159,100.100,19806.875,33338.691
1006.187,99.100,19806.875,33338.691
1007.215,100.200,19806.875,33338.691
1008.244,100.100,19806.875,33338.691
1009.273,100.100,19806.875,33338.691
1010.301,100.100,19806.875,33338.691
1011.330,100.100,19806.875,33338.691
1012.359,100.100,19806.875,33338.691
1013.388,100.100,19806.875,33338.691
1014.417,99.200,19806.875,33338.691
1015.445,101.100,19806.875,33338.691
1016.474,100.100,19806.875,33338.691
1017.503,99.100,19806.875,33338.691
1018.532,100.100,19806.875,33338.691
1019.561,100.100,19806.875,33338.691
1020.589,100.100,19806.875,33338.691
1021.618,99.100,19806.875,33338.691
1022.647,100.100,19806.875,33338.691
1023.676,100.100,19806.875,33338.691
1024.705,100.100,19806.875,33338.691
1025.733,100.100,19806.875,33338.691
1026.762,100.100,19806.875,33338.691
1027.791,100.100,19806.875,33338.691
1028.820,100.100,19806.875,33338.691
1029.850,100.100,19806.875,33338.691
1030.878,100.100,19806.875,33338.691
1031.907,100.100,19806.875,33338.691
1032.936,100.100,19806.875,33338.691
1033.964,99.200,19806.875,33338.691
1034.993,100.100,19806.875,33338.691
1036.022,100.100,19806.875,33338.691
1037.051,100.100,19806.875,33338.691
1038.080,100.100,19806.875,33338.691
1039.108,100.100,19806.875,33338.691
1040.137,100.100,19806.875,33338.691
1041.166,99.200,19708.441,33240.258
1042.195,100.000,19708.441,33240.258
1043.223,101.200,19708.441,33240.258
1044.252,99.100,19708.441,33240.258
1045.281,100.100,19708.441,33240.258
1046.309,101.100,19708.441,33240.258
1047.338,99.100,19708.441,33240.258
1048.367,100.100,19708.441,33240.258
1049.397,100.100,19708.441,33240.258
1050.425,99.100,19708.441,33240.258
1051.454,101.100,19708.441,33240.258
1052.483,100.100,19708.441,33240.258
1053.511,100.100,19708.441,33240.258
1054.540,100.100,19708.441,33240.258
1055.569,100.100,19708.441,33240.258
1056.598,99.100,19708.441,33240.258
1057.627,100.100,19708.441,33240.258
1058.657,100.100,19708.441,33240.258
1059.686,100.100,19708.441,33240.258
1060.714,100.100,19708.441,33240.258
1061.743,99.100,19708.441,33240.258
1062.773,101.100,19708.441,33240.258
1063.801,100.100,19708.441,33240.258
1064.830,99.100,19708.441,33240.258
1065.859,100.100,19708.441,33240.258
1066.888,101.100,19708.441,33240.258
1067.917,99.100,19708.441,33240.258
1068.946,100.100,19708.441,33240.258
1069.974,100.100,19708.441,33240.258
1071.003,100.100,19708.441,33240.258
1072.032,100.100,19708.441,33240.258
1073.061,100.100,19708.441,33240.258
1074.089,100.100,19708.441,33240.258
1075.118,100.100,19708.441,33240.258
1076.147,99.200,19708.441,33240.258
1077.176,100.100,19708.441,33240.258
1078.204,100.200,19708.441,33240.258
1079.233,100.100,19708.441,33240.258
1080.262,100.100,19708.441,33240.258
1081.291,100.100,19708.441,33240.258
1082.320,99.100,19708.441,33240.258
1083.348,101.100,19708.441,33240.258
1084.377,100.100,19708.441,33240.258
1085.406,100.100,19708.441,33240.258
1086.435,100.100,19708.441,33240.258
1087.464,99.100,19708.441,33240.258
1088.493,100.000,19708.441,33240.258
1089.522,100.100,19708.441,33240.258
1090.551,100.100,19708.441,33240.258
1091.580,100.100,19708.441,33240.258
1092.608,100.100,19708.441,33240.258
1093.637,100.100,19708.441,33240.258
1094.666,100.100,19708.441,33240.258
1095.695,100.100,19708.441,33240.258
1096.723,100.100,19708.441,33240.258
1097.752,99.200,19708.441,33240.258
1098.781,100.100,19708.441,33240.258
1099.810,100.100,19708.441,33240.258
1100.838,100.100,19708.441,33240.258
1101.867,99.200,19708.441,33240.258
1102.896,100.100,19708.441,33240.258
1103.924,101.100,19708.441,33240.258
1104.953,99.100,19708.441,33240.258
1105.982,101.100,19708.441,33240.258
1107.010,100.100,19708.441,33240.258
1108.039,99.200,19708.441,33240.258
1109.068,100.100,19708.441,33240.258
1110.096,100.100,19708.441,33240.258
1111.125,100.100,19708.441,33240.258
1112.154,100.100,19708.441,33240.258
1113.183,99.200,19708.441,33240.258
1114.210,101.200,19708.441,33240.258
1115.239,99.100,19708.441,33240.258
1116.268,100.100,19708.441,33240.258
1117.296,100.100,19708.441,33240.258
1118.326,100.000,19708.441,33240.258
1119.355,100.100,19708.441,33240.258
1120.384,100.100,19708.441,33240.258
1121.412,100.100,19708.441,33240.258
1122.441,99.100,19708.441,33240.258
1123.471,100.100,19708.441,33240.258
1124.499,101.100,19708.441,33240.258
1125.528,100.100,19708.441,33240.258
1126.557,99.200,19708.441,33240.258
1127.585,100.100,19708.441,33240.258
1128.615,100.100,19708.441,33240.258
1129.643,100.100,19708.441,33240.258
1130.672,100.100,19708.441,33240.258
1131.701,100.100,19708.441,33240.258
1132.729,100.100,19708.441,33240.258
1133.758,100.100,19708.441,33240.258
1134.787,100.100,19708.441,33240.258
1135.816,100.100,19708.441,33240.258
1136.845,99.100,19708.441,33240.258
1137.873,100.100,19708.441,33240.258
1138.902,100.100,19708.441,33240.258
1139.931,100.100,19708.441,33240.258
1140.959,100.100,19708.441,33240.258
1141.988,100.100,19708.441,33240.258
1143.017,99.200,19708.441,33240.258
1144.046,101.100,19708.441,33240.258
1145.074,99.100,19708.441,33240.258
1146.103,100.100,19708.441,33240.258
1147.133,100.000,19708.441,33240.258
1148.162,100.100,19708.441,33240.258
1149.191,100.100,19708.441,33240.258
1150.218,100.300,19708.441,33240.258
1151.247,100.100,19708.441,33240.258
1152.275,100.100,19708.441,33240.258
1153.304,100.100,19708.441,33240.258
1154.333,99.200,19708.441,33240.258
1155.362,100.100,19708.441,33240.258
1156.390,100.100,19708.441,33240.258
1157.419,100.100,19708.441,33240.258
1158.448,100.100,19708.441,33240.258
1159.477,100.100,19708.441,33240.258
1160.505,99.200,19708.441,33240.258
1161.534,100.100,19708.441,33240.258
1162.563,101.100,19708.441,33240.258
1163.592,99.100,19708.441,33240.258
1164.621,101.100,19708.441,33240.258
1165.650,99.100,19708.441,33240.258
1166.678,101.100,19708.441,33240.258
1167.707,99.100,19708.441,33240.258
1168.736,100.100,19708.441,33240.258
1169.765,100.100,19708.441,33240.258
1170.794,100.100,19708.441,33240.258
1171.823,99.100,19708.441,33240.258
1172.852,101.100,19708.441,33240.258
1173.881,99.100,19708.441,33240.258
1174.909,100.100,19708.441,33240.258
1175.938,100.100,19708.441,33240.258
1176.968,100.100,19708.441,33240.258
1177.997,100.100,19708.441,33240.258
1179.025,100.100,19708.441,33240.258
1180.054,100.100,19708.441,33240.258
1181.083,100.100,19708.441,33240.258
1182.112,100.100,19708.441,33240.258
1183.141,100.100,19708.441,33240.258
1184.170,100.000,19708.441,33240.258
1185.199,99.100,19708.441,33240.258
1186.227,100.300,19708.441,33240.258
1187.256,100.100,19708.441,33240.258
1188.284,100.100,19708.441,33240.258
1189.313,99.200,19708.441,33240.258
1190.342,101.100,19708.441,33240.258
1191.370,100.100,19708.441,33240.258
1192.399,99.200,19708.441,33240.258
1193.428,100.100,19708.441,33240.258
1194.457,101.100,19708.441,33240.258
1195.485,100.100,19708.441,33240.258
1196.514,99.100,19708.441,33240.258
1197.543,100.100,19708.441,33240.258
1198.572,100.100,19708.441,33240.258
1199.601,100.100,19708.441,33240.258
1200.629,100.100,19708.441,33240.258
1201.658,100.100,19708.441,33240.258
1202.687,99.100,19708.441,33240.258
1203.716,101.100,19708.441,33240.258
1204.745,99.100,19708.441,33240.258
1205.773,100.100,19708.441,33240.258
1206.802,101.100,19708.441,33240.258
1207.832,100.000,19708.441,33240.258
1208.861,99.100,19708.441,33240.258
1209.890,100.100,19708.441,33240.258
1210.918,100.100,19708.441,33240.258
1211.947,100.100,19708.441,33240.258
1212.976,99.200,19708.441,33240.258
1214.005,100.100,19708.441,33240.258
1215.033,100.100,19708.441,33240.258
1216.062,101.100,19708.441,33240.258
1217.091,99.200,19708.441,33240.258
1218.120,100.100,19708.441,33240.258
1219.148,100.100,19708.441,33240.258
1220.177,100.100,19708.441,33240.258
1221.205,99.200,19708.441,33240.258
1222.234,100.100,19708.441,33240.258
1223.263,101.100,19708.441,33240.258
1224.291,99.100,19708.441,33240.258
1225.320,100.200,19708.441,33240.258
1226.348,100.100,19708.441,33240.258
1227.377,100.100,19708.441,33240.258
1228.407,100.100,19708.441,33240.258
1229.435,100.100,19708.441,33240.258
1230.464,99.100,19708.441,33240.258
1231.493,101.100,19708.441,33240.258
1232.522,99.200,19708.441,33240.258
1233.551,100.100,19708.441,33240.258
1234.579,100.100,19708.441,33240.258
1235.608,100.100,19708.441,33240.258
1236.637,100.100,19708.441,33240.258
1237.666,100.000,19708.441,33240.258
1238.695,99.100,19708.441,33240.258
1239.724,101.100,19708.441,33240.258
1240.752,100.100,19708.441,33240.258
1241.781,100.100,19708.441,33240.258
1242.810,100.100,19708.441,33240.258
1243.838,99.200,19708.441,33240.258
1244.868,100.000,19708.441,33240.258
1245.897,101.100,19708.441,33240.258
1246.925,99.200,19708.441,33240.258
1247.954,100.100,19708.441,33240.258
1248.983,100.100,19708.441,33240.258
1250.011,100.100,19708.441,33240.258
1251.040,100.100,19708.441,33240.258
1252.069,99.100,19708.441,33240.258
1253.098,101.100,19708.441,33240.258
1254.126,99.100,19708.441,33240.258
1255.155,100.100,19708.441,33240.258
1256.184,100.100,19708.441,33240.258
1257.211,100.300,19708.441,33240.258
1258.240,100.100,19708.441,33240.258
1259.269,99.100,19708.441,33240.258
1260.298,101.100,19708.441,33240.258
1261.326,99.100,19708.441,33240.258
1262.355,100.100,19708.441,33240.258
1263.384,100.100,19708.441,33240.258
1264.413,100.100,19708.441,33240.258
1265.441,100.100,19708.441,33240.258
1266.470,100.100,19708.441,33240.258
1267.500,100.000,19708.441,33240.258
1268.529,100.100,19708.441,33240.258
1269.558,100.100,19708.441,33240.258
1270.587,100.100,19708.441,33240.258
1271.615,100.100,19708.441,33240.258
1272.645,99.100,19708.441,33240.258
1273.673,100.100,19708.441,33240.258
1274.702,100.100,19708.441,33240.258
1275.731,101.100,19708.441,33240.258
1276.760,99.100,19708.441,33240.258
1277.789,99.200,19708.441,33240.258
1278.817,101.100,19708.441,33240.258
1279.846,100.100,19708.441,33240.258
1280.875,99.100,19708.441,33240.258
1281.904,101.100,19708.441,33240.258
1282.933,99.200,19708.441,33240.258
1283.962,101.100,19708.441,33240.258
1284.991,99.100,19708.441,33240.258
1286.020,100.100,19708.441,33240.258
1287.048,100.100,19708.441,33240.258
1288.077,100.100,19708.441,33240.258
1289.106,100.100,19708.441,33240.258
1290.135,99.100,19708.441,33240.258
1291.164,101.100,19708.441,33240.258
1292.193,99.100,19708.441,33240.258
1293.221,100.200,19708.441,33240.258
1294.249,100.100,19708.441,33240.258
1295.278,100.100,19708.441,33240.258
1296.307,100.100,19708.441,33240.258
1297.337,100.100,19708.441,33240.258
1298.366,100.100,19708.441,33240.258
1299.395,100.100,19708.441,33240.258
1300.423,100.100,19708.441,33240.258
1301.452,100.100,19708.441,33240.258
1302.481,100.100,19708.441,33240.258
1303.510,100.100,19708.441,33240.258
1304.539,99.100,19708.441,33240.258
1305.568,100.000,19708.441,33240.258
1306.597,100.100,19708.441,33240.258
1307.626,101.100,19708.441,33240.258
1308.655,99.100,19708.441,33240.258
1309.683,100.100,19708.441,33240.258
1310.712,100.100,19708.441,33240.258
1311.740,99.200,19708.441,33240.258
1312.769,101.100,19708.441,33240.258
1313.798,99.200,19708.441,33240.258
1314.827,100.100,19708.441,33240.258
1315.855,100.100,19708.441,33240.258
1316.885,100.100,19708.441,33240.258
1317.913,100.100,19708.441,33240.258
1318.942,100.100,19708.441,33240.258
1319.971,99.200,19708.441,33240.258
1321.000,100.100,19708.441,33240.258
1322.029,100.100,19708.441,33240.258
1323.058,101.100,19708.441,33240.258
1324.086,100.100,19708.441,33240.258
1325.115,100.100,19708.441,33240.258
1326.144,99.200,19708.441,33240.258
1327.173,100.000,19708.441,33240.258
1328.202,100.100,19708.441,33240.258
1329.231,100.100,19708.441,33240.258
1330.260,100.100,19708.441,33240.258
1331.288,100.100,19708.441,33240.258
1332.317,100.100,19708.441,33240.258
1333.346,100.100,19708.441,33240.258
1334.374,100.200,19708.441,33240.258
1335.403,100.100,19708.441,33240.258
1336.432,100.100,19708.441,33240.258
1337.461,99.100,19708.441,33240.258
1338.489,100.100,19708.441,33240.258
1339.518,100.100,19708.441,33240.258
1340.547,100.100,19708.441,33240.258
1341.576,100.100,19708.441,33240.258
1342.604,100.100,19748.652,33280.469
1343.633,99.100,19748.652,33280.469
1344.662,100.100,19748.652,33280.469
1345.691,100.100,19748.652,33280.469
1346.720,100.100,19748.652,33280.469
1347.749,100.100,19748.652,33280.469
1348.778,100.100,19748.652,33280.469
1349.807,100.100,19748.652,33280.469
1350.835,100.100,19748.652,33280.469
1351.864,100.100,19748.652,33280.469
1352.893,99.100,19748.652,33280.469
1353.922,100.100,19748.652,33280.469
1354.951,100.100,19748.652,33280.469
1355.980,100.100,19748.652,33280.469
1357.009,100.100,19748.652,33280.469
1358.038,100.100,19748.652,33280.469
1359.067,100.100,19748.652,33280.469
1360.095,100.100,19748.652,33280.469
1361.124,99.100,19748.652,33280.469
1362.153,101.100,19748.652,33280.469
1363.182,100.100,19748.652,33280.469
1364.210,100.200,19748.652,33280.469
1365.239,100.100,19748.652,33280.469
1366.269,100.000,19748.652,33280.469
1367.298,100.100,19748.652,33280.469
1368.327,99.100,19748.652,33280.469
1369.356,100.100,19748.652,33280.469
1370.385,100.100,19748.652,33280.469
1371.414,100.100,19748.652,33280.469
1372.443,100.100,19748.652,33280.469
1373.472,100.100,19748.652,33280.469
1374.501,99.100,19748.652,33280.469
1375.530,101.100,19748.652,33280.469
1376.559,99.100,19748.652,33280.469
1377.588,101.100,19748.652,33280.469
1378.617,99.100,19748.652,33280.469
1379.646,100.100,19748.652,33280.469
1380.675,100.100,19748.652,33280.469
1381.704,100.100,19748.652,33280.469
1382.733,100.100,19748.652,33280.469
1383.762,100.100,19748.652,33280.469
1384.791,100.100,19748.652,33280.469
1385.820,99.100,19748.652,33280.469
1386.849,100.100,19748.652,33280.469
1387.878,100.000,19748.652,33280.469
1388.908,100.100,19748.652,33280.469
1389.937,101.100,19748.652,33280.469
1390.965,99.100,19748.652,33280.469
1391.994,101.100,19748.652,33280.469
1393.023,99.200,19748.652,33280.469
1394.052,100.100,19748.652,33280.469
1395.080,100.100,19748.652,33280.469
1396.109,100.100,19748.652,33280.469
1397.138,99.200,19748.652,33280.469
1398.166,101.100,19748.652,33280.469
1399.195,100.100,19748.652,33280.469
1400.221,99.500,19748.652,33280.469
1401.250,100.100,19748.652,33280.469
1402.279,99.100,19748.652,33280.469
1403.308,101.100,19748.652,33280.469
1404.336,99.100,19748.652,33280.469
1405.365,101.100,19748.652,33280.469
1406.394,99.100,19748.652,33280.469
1407.423,100.100,19748.652,33280.469
1408.452,100.100,19748.652,33280.469
1409.481,100.100,19748.652,33280.469
1410.509,100.100,19748.652,33280.469
1411.538,100.100,19748.652,33280.469
1412.567,100.100,19748.652,33280.469
1413.596,100.100,19748.652,33280.469
1414.625,100.100,19748.652,33280.469
1415.654,100.100,19748.652,33280.469
1416.682,100.100,19748.652,33280.469
1417.712,100.000,19748.652,33280.469
1418.741,100.100,19748.715,33280.469
1419.770,100.100,19748.715,33280.469
1420.798,100.100,19748.719,33280.469
1421.827,99.100,19748.719,33280.469
1422.856,100.200,19748.719,33280.469
1423.885,99.100,19748.719,33280.469
1424.914,101.100,19748.719,33280.469
1425.943,100.100,19748.719,33280.469
1426.972,100.000,19748.719,33280.469
1428.001,100.100,19748.719,33280.469
1429.030,100.100,19748.719,33280.469
1430.059,99.100,19748.719,33280.469
1431.087,100.100,19748.719,33280.469
1432.116,100.100,19748.719,33280.469
1433.145,100.100,19748.719,33280.469
1434.174,100.100,19748.719,33280.469
1435.202,100.200,19748.719,33280.469
1436.231,99.100,19748.719,33280.469
1437.260,101.100,19748.719,33280.469
1438.289,99.100,19748.719,33280.469
1439.318,100.100,19748.719,33280.469
1440.347,101.100,19748.719,33280.469
1441.376,99.100,19748.719,33280.469
1442.405,100.100,19748.719,33280.469
1443.434,100.100,19748.719,33280.469
1444.463,100.100,19748.719,33280.469
1445.492,100.100,19748.719,33280.469
1446.521,100.100,19748.719,33280.469
1447.550,100.000,19748.719,33280.469
1448.579,100.100,19748.719,33280.469
1449.608,99.200,19748.719,33280.469
1450.637,100.100,19748.719,33280.469
1451.665,100.100,19748.719,33280.469
1452.694,100.100,19748.719,33280.469
1453.723,100.100,19748.719,33280.469
1454.751,100.100,19748.719,33280.469
1455.780,100.100,19748.719,33280.469
1456.809,100.100,19748.719,33280.469
1457.838,100.100,19748.719,33280.469
1458.866,99.100,19748.719,33280.469
1459.895,100.100,19748.719,33280.469
1460.924,101.100,19748.719,33280.469
1461.952,100.100,19748.719,33280.469
1462.981,99.200,19748.719,33280.469
1464.010,100.100,19748.719,33280.469
1465.038,100.100,19748.719,33280.469
1466.067,100.100,19748.719,33280.469
1467.096,100.100,19748.719,33280.469
1468.125,99.100,19748.719,33280.469
1469.154,100.100,19748.719,33280.469
1470.183,100.100,19748.730,33280.469
1471.210,100.300,19748.730,33280.469
1472.239,100.100,19748.730,33280.469
1473.268,100.100,19748.730,33280.469
1474.297,100.100,19748.730,33280.469
1475.325,99.100,19748.730,33280.469
1476.354,101.100,19748.730,33280.469
1477.384,100.000,19748.730,33280.469
1478.413,100.100,19748.730,33280.469
1479.442,100.200,19748.730,33280.469
1480.470,99.100,19748.730,33280.469
1481.499,100.100,19748.730,33280.469
1482.527,100.100,19748.730,33280.469
1483.556,100.100,19748.730,33280.469
1484.585,100.100,19748.730,33280.469
1485.614,100.100,19748.730,33280.469
1486.643,100.100,19748.730,33280.469
1487.672,100.000,19748.730,33280.469
1488.701,99.100,19748.730,33280.469
1489.730,101.100,19748.730,33280.469
1490.759,99.200,19748.730,33280.469
1491.788,100.100,19748.730,33280.469
1492.816,101.100,19748.730,33280.469
1493.845,99.200,19748.730,33280.469
1494.874,100.100,19748.730,33280.469
1495.902,99.100,19748.730,33280.469
1496.931,100.100,19748.730,33280.469
1497.960,100.100,19748.730,33280.469
1498.989,100.100,19748.730,33280.469
1500.018,100.100,19748.730,33280.469
1501.047,101.100,19748.730,33280.469
1502.076,99.100,19748.730,33280.469
1503.104,100.100,19748.730,33280.469
1504.134,100.100,19748.730,33280.469
1505.162,100.100,19748.730,33280.469
1506.191,100.100,19748.730,33280.469
1507.220,100.200,19748.730,33280.469
1508.249,100.100,19748.730,33280.469
1509.277,99.200,19748.730,33280.469
1510.306,100.100,19748.730,33280.469
1511.335,100.100,19748.730,33280.469
1512.364,100.100,19748.730,33280.469
1513.392,100.100,19748.730,33280.469
1514.421,100.100,19748.730,33280.469
1515.450,100.100,19748.730,33280.469
1516.479,100.100,19748.730,33280.469
1517.508,100.100,19748.730,33280.469
1518.536,100.100,19748.730,33280.469
1519.565,100.100,19748.730,33280.469
1520.594,99.100,19748.730,33280.469
1521.623,100.100,19748.730,33280.469
1522.652,100.100,19748.730,33280.469
1523.680,100.100,19748.730,33280.469
1524.709,100.100,19748.730,33280.469
1525.738,100.100,19748.730,33280.469
1526.767,100.100,19748.730,33280.469
1527.795,100.100,19748.730,33280.469
1528.824,99.100,19748.730,33280.469
1529.853,101.100,19748.730,33280.469
1530.881,100.100,19748.730,33280.469
1531.910,99.100,19748.730,33280.469
1532.939,100.100,19748.730,33280.469
1533.968,99.100,19748.730,33280.469
1534.997,100.100,19748.730,33280.469
1536.026,100.100,19748.730,33280.469
1537.055,101.000,19748.730,33280.469
1538.084,100.100,19748.730,33280.469
1539.113,100.100,19748.730,33280.469
1540.141,100.100,19748.730,33280.469
1541.170,100.100,19748.730,33280.469
1542.199,99.100,19748.730,33280.469
1543.226,100.300,19748.730,33280.469
1544.255,100.100,19748.730,33280.469
1545.284,99.200,19748.730,33280.469
1546.312,101.100,19778.734,33310.594
1547.341,99.200,19778.734,33310.594
1548.370,101.000,19778.734,33310.594
1549.399,99.200,19778.734,33310.594
1550.428,100.100,19778.734,33310.594
1551.457,100.100,19778.734,33310.594
1552.485,100.100,19778.734,33310.594
1553.514,100.200,19778.734,33310.594
1554.542,99.200,19778.734,33310.594
1555.571,100.100,19778.734,33310.594
1556.600,100.100,19778.734,33310.594
1557.629,101.100,19778.734,33310.594
1558.657,99.100,19778.734,33310.594
1559.686,100.100,19778.734,33310.594
1560.715,100.100,19778.734,33310.594
1561.744,100.100,19778.734,33310.594
1562.773,100.100,19778.734,33310.594
1563.801,100.100,19778.734,33310.594
1564.831,100.100,19778.734,33310.594
1565.860,100.100,19778.734,33310.594
1566.889,99.100,19778.734,33310.594
1567.918,100.000,19778.734,33310.594
1568.947,100.100,19778.734,33310.594
1569.976,100.100,19778.734,33310.594
1571.004,100.100,19778.734,33310.594
1572.033,100.100,19778.734,33310.594
1573.062,99.100,19778.734,33310.594
1574.091,101.100,19778.734,33310.594
1575.120,99.100,19778.734,33310.594
1576.148,101.100,19778.734,33310.594
1577.177,99.100,19778.734,33310.594
1578.205,101.200,19778.734,33310.594
1579.232,99.300,19778.734,33310.594
1580.261,100.100,19778.734,33310.594
1581.290,99.200,19778.734,33310.594
1582.319,101.100,19778.734,33310.594
1583.348,100.100,19778.734,33310.594
1584.376,100.100,19778.734,33310.594
1585.405,100.100,19778.734,33310.594
1586.434,99.200,19778.734,33310.594
1587.463,100.100,19778.734,33310.594
1588.491,100.100,19778.734,33310.594
1589.520,100.100,19778.734,33310.594
1590.549,100.100,19778.734,33310.594
1591.578,100.100,19778.734,33310.594
1592.607,100.100,19778.734,33310.594
1593.635,100.100,19778.734,33310.594
1594.664,100.100,19778.734,33310.594
1595.693,100.100,19778.734,33310.594
1596.722,100.100,19778.734,33310.594
1597.751,100.000,19778.734,33310.594
1598.780,99.100,19778.734,33310.594
1599.809,100.100,19778.734,33310.594
1600.838,100.100,19778.734,33310.594
1601.866,100.100,19778.734,33310.594
1602.895,100.100,19778.734,33310.594
1603.924,100.100,19778.734,33310.594
1604.953,100.100,19778.734,33310.594
1605.982,99.200,19778.734,33310.594
1607.011,100.100,19778.734,33310.594
1608.040,100.100,19778.734,33310.594
1609.069,101.000,19778.734,33310.594
1610.098,99.200,19778.734,33310.594
1611.126,100.100,19778.734,33310.594
1612.155,100.100,19778.734,33310.594
1613.184,99.100,19778.734,33310.594
1614.211,101.300,19778.734,33310.594
1615.240,100.100,19778.734,33310.594
1616.269,99.100,19778.734,33310.594
1617.298,100.100,19778.734,33310.594
1618.327,100.100,19778.734,33310.594
1619.356,100.100,19778.734,33310.594
1620.384,100.100,19778.734,33310.594
1621.413,100.100,19778.734,33310.594
1622.442,100.100,19778.734,33310.594
1623.471,99.200,19778.734,33310.594
1624.500,101.100,19778.734,33310.594
1625.528,100.100,19778.734,33310.594
1626.557,99.100,19778.734,33310.594
1627.587,100.100,19778.734,33310.594
1628.616,100.100,19778.734,33310.594
1629.645,100.100,19778.734,33310.594
1630.674,100.100,19738.523,33270.383
1631.703,100.100,19738.523,33270.383
1632.731,100.100,19738.523,33270.383
1633.760,100.100,19738.523,33270.383
1634.789,99.200,19738.523,33270.383
1635.818,101.100,19738.523,33270.383
1636.847,99.100,19738.523,33270.383
1637.875,100.100,19738.523,33270.383
1638.904,100.100,19738.523,33270.383
1639.933,100.100,19738.523,33270.383
1640.962,101.100,19738.523,33270.383
1641.991,99.200,19738.523,33270.383
1643.020,100.100,19738.523,33270.383
1644.049,100.100,19738.523,33270.383
1645.078,99.100,19738.523,33270.383
1646.107,101.100,19738.523,33270.383
1647.135,99.100,19738.523,33270.383
1648.164,101.100,19738.523,33270.383
1649.193,99.100,19738.523,33270.383
1650.219,100.400,19738.523,33270.383
1651.248,100.100,19738.523,33270.383
1652.278,100.100,19738.523,33270.383
1653.306,99.100,19738.523,33270.383
1654.335,101.100,19738.523,33270.383
1655.364,100.100,19738.523,33270.383
1656.393,99.200,19738.523,33270.383
1657.423,100.000,19738.523,33270.383
1658.452,100.100,19738.523,33270.383
1659.481,100.100,19738.523,33270.383
1660.509,100.100,19738.523,33270.383
1661.538,100.100,19738.523,33270.383
1662.567,100.100,19738.523,33270.383
1663.596,99.100,19738.523,33270.383
1664.625,101.100,19738.523,33270.383
1665.653,100.100,19738.523,33270.383
1666.682,100.100,19738.523,33270.383
1667.711,99.200,19738.523,33270.383
1668.740,100.100,19738.523,33270.383
1669.769,101.000,19738.523,33270.383
1670.798,99.100,19738.523,33270.383
1671.827,100.100,19738.523,33270.383
1672.856,100.100,19738.523,33270.383
1673.885,100.100,19738.523,33270.383
1674.913,100.100,19738.523,33270.383
1675.942,100.100,19738.523,33270.383
1676.971,100.100,19738.523,33270.383
1677.999,100.100,19738.523,33270.383
1679.028,100.100,19738.523,33270.383
1680.058,100.000,19738.523,33270.383
1681.087,100.100,19738.523,33270.383
1682.115,99.200,19738.523,33270.383
1683.144,100.100,19738.523,33270.383
1684.173,100.100,19738.523,33270.383
1685.202,100.100,19738.523,33270.383
1686.231,100.100,19738.523,33270.383
1687.261,99.100,19738.523,33270.383
1688.290,100.100,19738.523,33270.383
1689.319,101.100,19738.523,33270.383
1690.348,100.100,19738.523,33270.383
1691.376,100.100,19738.523,33270.383
1692.405,100.100,19738.523,33270.383
1693.434,100.100,19738.523,33270.383
1694.463,100.100,19738.523,33270.383
1695.492,99.100,19738.523,33270.383
1696.520,99.100,19738.523,33270.383
1697.549,101.100,19738.523,33270.383
1698.578,99.200,19738.523,33270.383
1699.607,100.100,19738.523,33270.383
1700.636,100.100,19738.523,33270.383
1701.664,101.100,19738.523,33270.383
1702.693,100.100,19738.523,33270.383
1703.722,99.200,19738.523,33270.383
1704.751,100.100,19738.523,33270.383
1705.780,100.100,19738.523,33270.383
1706.808,100.100,19738.523,33270.383
1707.837,99.100,19738.523,33270.383
1708.866,100.100,19738.523,33270.383
1709.895,101.100,19738.523,33270.383
1710.923,100.100,19738.523,33270.383
1711.952,99.200,19738.523,33270.383
1712.981,100.100,19738.523,33270.383
1714.010,100.100,19738.523,33270.383
1715.038,100.100,19738.523,33270.383
1716.067,100.100,19738.523,33270.383
1717.096,100.000,19738.523,33270.383
1718.126,100.100,19738.523,33270.383
1719.155,100.100,19738.523,33270.383
1720.183,100.100,19738.523,33270.383
1721.211,99.300,19738.523,33270.383
1722.240,100.100,19738.523,33270.383
1723.269,100.100,19738.523,33270.383
1724.297,100.100,19738.523,33270.383
1725.326,100.100,19738.523,33270.383
1726.355,100.100,19738.523,33270.383
1727.384,99.200,19738.523,33270.383
1728.413,101.100,19738.523,33270.383
1729.441,100.100,19738.523,33270.383
1730.471,100.000,19738.523,33270.383
1731.500,99.100,19738.523,33270.383
1732.529,100.100,19738.523,33270.383
1733.558,100.100,19738.523,33270.383
1734.587,100.100,19738.523,33270.383
1735.616,100.100,19738.523,33270.383
1736.645,100.100,19738.523,33270.383
1737.673,100.100,19738.523,33270.383
1738.702,100.100,19738.523,33270.383
1739.731,99.200,19738.523,33270.383
1740.760,101.100,19738.523,33270.383
1741.789,99.100,19738.523,33270.383
1742.818,100.100,19738.523,33270.383
1743.847,100.100,19738.523,33270.383
1744.875,100.100,19738.523,33270.383
1745.904,100.100,19738.523,33270.383
1746.933,99.100,19738.523,33270.383
1747.963,101.000,19738.523,33270.383
1748.992,100.100,19738.523,33270.383
1750.021,100.100,19738.523,33270.383
1751.049,100.100,19738.523,33270.383
1752.078,100.100,19738.523,33270.383
1753.107,100.100,19738.523,33270.383
1754.136,99.200,19738.523,33270.383
1755.165,100.100,19738.523,33270.383
1756.193,100.100,19738.523,33270.383
1757.221,100.200,19738.523,33270.383
1758.250,100.100,19738.523,33270.383
1759.279,100.100,19738.523,33270.383
1760.307,99.100,19738.523,33270.383
1761.337,101.000,19738.523,33270.383
1762.366,100.100,19738.523,33270.383
1763.395,99.100,19738.523,33270.383
1764.424,101.100,19738.523,33270.383
1765.453,99.100,19738.523,33270.383
1766.482,101.100,19738.523,33270.383
1767.511,99.100,19738.523,33270.383
1768.540,100.100,19738.523,33270.383
1769.569,100.100,19738.523,33270.383
1770.598,100.100,19738.523,33270.383
1771.627,100.100,19738.523,33270.383
1772.656,99.100,19738.523,33270.383
1773.685,100.100,19738.523,33270.383
1774.714,101.100,19738.523,33270.383
1775.743,99.100,19738.523,33270.383
1776.772,100.100,19738.523,33270.383
1777.801,100.000,19738.523,33270.383
1778.831,100.100,19738.523,33270.383
1779.859,100.100,19738.523,33270.383
1780.888,100.100,19738.523,33270.383
1781.917,100.100,19738.523,33270.383
1782.946,100.100,19738.523,33270.383
1783.974,100.100,19738.523,33270.383
1785.003,100.100,19738.523,33270.383
1786.032,100.100,19738.523,33270.383
1787.061,99.200,19738.523,33270.383
1788.090,100.100,19738.523,33270.383
1789.119,100.100,19738.523,33270.383
1790.148,100.100,19738.523,33270.383
1791.177,101.000,19738.523,33270.383
1792.206,99.200,19738.523,33270.383
1793.235,100.100,19738.523,33270.383
1794.263,100.100,19738.523,33270.383
1795.292,100.100,19738.523,33270.383
1796.321,99.100,19738.523,33270.383
1797.350,101.100,19738.523,33270.383
1798.379,99.100,19738.523,33270.383
1799.407,101.100,19738.523,33270.383
1800.436,99.100,19738.523,33270.383
1801.465,100.100,19738.523,33270.383
1802.494,100.100,19738.523,33270.383
1803.523,100.100,19738.523,33270.383
1804.551,100.100,19738.523,33270.383
1805.580,99.100,19738.523,33270.383
1806.609,101.100,19738.523,33270.383
1807.638,99.100,19738.523,33270.383
1808.668,101.000,19738.523,33270.383
1809.697,100.100,19738.523,33270.383
1810.726,100.100,19738.523,33270.383
1811.754,100.100,19738.523,33270.383
1812.783,99.200,19738.523,33270.383
1813.812,100.100,19738.523,33270.383
1814.841,100.100,19738.523,33270.383
1815.869,100.100,19738.523,33270.383
1816.898,100.100,19738.523,33270.383
1817.927,100.100,19738.523,33270.383
1818.956,99.100,19738.523,33270.383
1819.984,100.100,19738.523,33270.383
1821.013,101.100,19738.523,33270.383
1822.042,99.200,19738.523,33270.383
1823.070,100.100,19738.523,33270.383
1824.099,99.100,19738.523,33270.383
1825.128,100.100,19738.523,33270.383
1826.156,101.100,19738.523,33270.383
1827.185,100.100,19738.523,33270.383
1828.212,99.400,19738.523,33270.383
1829.241,101.100,19738.523,33270.383
1830.270,99.100,19738.523,33270.383
1831.299,99.100,19738.523,33270.383
1832.328,101.100,19738.523,33270.383
1833.357,100.100,19738.523,33270.383
1834.386,100.100,19738.523,33270.383
1835.415,99.100,19738.523,33270.383
1836.443,100.100,19738.523,33270.383
1837.473,101.000,19738.523,33270.383
1838.502,100.100,19738.523,33270.383
1839.532,100.100,19738.523,33270.383
1840.560,100.100,19738.523,33270.383
1841.589,99.200,19738.523,33270.383
1842.618,100.100,19738.523,33270.383
1843.647,100.100,19738.523,33270.383
1844.675,100.100,19738.523,33270.383
1845.704,100.100,19738.523,33270.383
1846.733,99.200,19738.523,33270.383
1847.761,101.100,19738.523,33270.383
1848.790,99.100,19738.523,33270.383
1849.819,101.100,19738.523,33270.383
1850.848,100.100,19738.523,33270.383
1851.877,99.100,19738.523,33270.383
1852.906,100.100,19738.523,33270.383
1853.935,100.100,19738.523,33270.383
1854.963,100.100,19738.523,33270.383
1855.992,100.100,19738.523,33270.383
1857.021,100.100,19738.523,33270.383
1858.050,100.100,19738.523,33270.383
1859.079,99.100,19738.523,33270.383
1860.108,101.100,19738.523,33270.383
1861.136,99.100,19738.523,33270.383
1862.165,101.100,19738.523,33270.383
1863.194,99.100,19738.523,33270.383
1864.222,100.200,19738.523,33270.383
1865.250,99.100,19738.523,33270.383
1866.279,101.100,19738.523,33270.383
1867.309,100.000,19738.523,33270.383
1868.338,99.100,19738.523,33270.383
1869.367,100.100,19738.523,33270.383
1870.396,100.100,19738.523,33270.383
1871.425,100.100,19738.523,33270.383
1872.453,100.100,19738.523,33270.383
1873.482,100.100,19738.523,33270.383
1874.511,100.100,19738.523,33270.383
1875.540,100.100,19738.523,33270.383
1876.568,100.100,19738.523,33270.383
1877.597,100.100,19738.523,33270.383
1878.626,99.200,19738.523,33270.383
1879.655,100.100,19738.523,33270.383
1880.683,100.100,19738.523,33270.383
1881.712,100.100,19738.523,33270.383
1882.741,100.100,19738.523,33270.383
1883.769,100.100,19738.523,33270.383
1884.798,100.100,19738.523,33270.383
1885.827,99.200,19738.523,33270.383
1886.856,101.100,19738.523,33270.383
1887.885,99.100,19738.523,33270.383
1888.914,101.100,19738.523,33270.383
1889.943,99.100,19738.523,33270.383
1890.971,100.100,19738.523,33270.383
1892.000,100.100,19738.523,33270.383
1893.029,100.100,19738.523,33270.383
1894.058,100.100,19738.523,33270.383
1895.087,100.100,19738.523,33270.383
1896.116,100.100,19738.523,33270.383
1897.145,100.000,19738.523,33270.383
1898.175,99.100,19749.035,33270.383
1899.203,101.100,19757.965,33270.383
1900.232,99.100,19761.879,33270.383
1901.261,100.100,19766.512,33270.383
1902.290,100.100,19766.512,33270.383
1903.319,100.100,19766.512,33270.383
1904.347,100.100,19766.512,33270.383
1905.376,100.100,19766.512,33270.383
1906.405,100.100,19766.512,33270.383
1907.434,100.100,19766.555,33270.383
1908.463,100.100,19767.711,33270.383
1909.492,100.100,19769.910,33270.383
1910.521,100.100,19785.887,33270.383
1911.550,99.200,19786.621,33270.383
1912.579,101.000,19786.621,33270.383
1913.608,99.200,19786.621,33270.383
1914.637,100.100,19786.621,33270.383
1915.665,100.100,19786.621,33270.383
1916.694,100.100,19786.621,33270.383
1917.722,100.100,19786.621,33270.383
1918.751,100.100,19786.625,33270.383
1919.780,99.200,19786.625,33270.383
1920.808,101.100,19786.625,33270.383
1921.837,99.100,19786.625,33270.383
1922.866,100.100,19786.625,33270.383
1923.896,100.100,19786.625,33270.383
1924.925,100.100,19786.625,33270.383
1925.954,100.100,19786.625,33270.383
1926.983,100.000,19786.625,33270.383
1928.012,99.100,19786.625,33270.383
1929.041,101.100,19786.625,33270.383
1930.070,100.100,19786.625,33270.383
1931.099,99.200,19786.625,33270.383
1932.127,100.100,19786.625,33270.383
1933.156,100.100,19786.625,33270.383
1934.185,101.100,19792.480,33270.383
1935.213,99.300,19792.691,33270.383
1936.242,100.100,19792.691,33270.383
1937.271,99.100,19792.691,33270.383
1938.299,101.100,19792.699,33270.383
1939.329,99.100,19845.031,33327.758
1940.358,101.100,19937.531,33420.992
1941.387,99.100,19988.348,33473.062
1942.416,100.100,19990.297,33473.062
1943.445,100.100,19990.852,33473.062
1944.474,100.100,19990.984,33473.062
1945.503,100.100,19992.293,33473.062
1946.532,100.100,19993.516,33473.062
1947.561,100.100,20178.879,33638.668
1948.590,99.200,20345.473,33804.273
1949.619,100.100,20345.715,33804.273
1950.648,100.100,20511.320,33969.879
1951.677,100.100,20678.773,34218.289
1952.706,101.100,20680.203,34218.289
1953.735,99.100,20681.336,34218.289
1954.764,100.100,20765.180,34301.094
1955.793,100.100,20932.496,34549.504
1956.822,100.100,20933.773,34549.504
1957.851,100.000,20597.887,34052.684
1958.880,100.100,20597.887,34052.684
1959.909,99.100,20946.309,34632.312
1960.939,100.100,21263.848,34963.527
1961.968,101.100,21431.516,35211.941
1962.997,100.100,21431.590,35211.941
