Elapsed_time,CPU,Real_MB,Virtual_MB
1.013,95.8,127.895,9450.414
2.031,98.3,208.031,9532.141
3.051,94.1,227.867,9551.75
4.07,93.2,307.285,9632.09
5.091,87.2,336.66,9668.398
6.111,87.2,360.246,9694.199
7.132,84.2,364.484,9762.625
8.153,100.0,395.375,9793.121
9.172,99.0,404.848,9802.785
10.192,98.1,404.918,9802.785
11.212,100.0,404.918,9802.785
12.232,100.0,404.918,9802.785
13.251,100.0,423.922,9822.113
14.271,98.1,431.652,10829.984
15.291,101.0,511.336,10901.984
16.311,100.0,522.938,11193.984
17.331,100.0,538.828,11602.984
18.351,101.3,1302.094,12274.652
19.371,100.0,1774.195,12764.652
20.391,101.0,3131.023,14121.246
21.41,100.0,4151.035,15138.691
22.43,99.0,3133.773,14121.246
23.45,101.0,4488.398,15477.84
24.47,100.0,4489.43,15477.84
25.49,100.0,4490.152,15477.84
26.51,100.0,5167.023,16156.137
27.529,100.0,5167.797,16156.137
28.549,100.0,4490.383,15477.84
29.569,100.0,4500.633,15488.898
30.588,100.0,4838.969,15836.828
31.609,100.9,5114.445,16101.879
32.63,99.0,3885.02,14872.453
33.649,101.0,4182.996,15239.191
34.669,100.0,4366.203,15353.137
35.689,100.0,4873.359,15848.457
36.709,100.0,4633.18,15617.801
37.729,100.0,4811.77,15853.359
38.749,100.0,5322.449,16281.055
39.769,100.0,4641.516,15598.746
40.789,100.0,4642.695,15598.746
41.809,100.0,5234.508,16194.848
42.828,101.0,5277.926,16233.801
43.848,99.0,5233.602,16189.504
44.868,100.0,5478.93,16435.738
45.888,100.0,5613.875,16637.391
46.907,100.1,6129.035,17085.281
47.925,100.1,6228.691,17186.109
48.945,99.1,4953.973,15910.332
49.965,101.0,4954.48,15910.332
50.982,99.3,4954.48,15910.332
52.0,100.3,4954.48,15910.332
53.017,99.3,4954.48,15910.332
54.034,99.3,4954.48,15910.332
55.052,100.3,4954.48,15910.332
56.069,99.3,4954.48,15910.332
57.087,99.2,4954.496,15910.332
58.105,100.2,4954.496,15910.332
59.123,99.3,4954.496,15910.332
60.14,100.3,4954.496,15910.332
61.157,100.3,4954.496,15910.332
62.175,98.3,4954.496,15910.332
63.194,100.1,4954.496,15910.332
64.211,99.3,4954.496,15910.332
65.229,100.3,4954.496,15910.332
66.246,100.3,4954.496,15910.332
67.264,99.2,4954.496,15910.332
68.281,99.3,4954.496,15910.332
69.298,100.3,4954.496,15910.332
70.316,99.3,4954.496,15910.332
71.333,99.3,4954.496,15910.332
72.351,100.2,4954.496,15910.332
73.368,100.3,4954.496,15910.332
74.386,99.3,4954.496,15910.332
75.403,99.3,4954.496,15910.332
76.42,99.3,4954.496,15910.332
77.438,101.2,4954.496,15910.332
78.455,99.3,4954.496,15910.332
79.473,100.3,4954.496,15910.332
80.49,99.3,4954.496,15910.332
81.508,99.2,4954.496,15910.332
82.525,99.3,4954.496,15910.332
83.543,100.3,4954.496,15910.332
84.56,100.3,4954.496,15910.332
85.577,99.3,4954.496,15910.332
86.595,99.3,4954.496,15910.332
87.612,99.3,4956.906,15910.332
88.632,99.1,4956.906,15910.332
89.649,100.3,4956.906,15910.332
90.667,99.3,4956.906,15910.332
91.684,100.3,4956.906,15910.332
92.701,99.3,4956.906,15910.332
93.719,100.3,4956.906,15910.332
94.736,99.3,4956.906,15910.332
95.753,100.3,4956.906,15910.332
96.771,99.3,4956.906,15910.332
97.788,100.3,4956.906,15910.332
98.805,99.3,4956.906,15910.332
99.823,99.3,4956.906,15910.332
100.84,100.3,4956.906,15910.332
101.857,99.3,4956.906,15910.332
102.875,100.3,4956.906,15910.332
103.892,99.3,4956.906,15910.332
104.909,100.3,4956.906,15910.332
105.925,100.4,4956.906,15910.332
106.942,99.2,4956.906,15910.332
107.96,99.3,4956.906,15910.332
108.978,100.2,4956.906,15910.332
109.995,100.3,4956.906,15910.332
111.012,99.3,4956.906,15910.332
112.03,98.3,4970.246,15910.332
113.05,100.0,4970.246,15910.332
114.067,99.3,4970.246,15910.332
115.085,100.3,4970.246,15910.332
116.102,97.3,4970.246,15910.332
117.12,100.2,4970.246,15910.332
118.137,100.2,4970.246,15910.332
119.155,99.3,4970.246,15910.332
120.172,100.3,4970.246,15910.332
121.189,99.3,4970.246,15910.332
122.207,100.3,4970.246,15910.332
123.224,99.3,4970.246,15910.332
124.241,99.3,4970.246,15910.332
125.259,100.3,4970.246,15910.332
126.276,100.3,4970.246,15910.332
127.293,99.3,4970.246,15910.332
128.311,99.2,4970.246,15910.332
129.329,101.2,4970.246,15910.332
130.346,99.3,4970.246,15910.332
131.363,99.3,4970.246,15910.332
132.381,100.3,4970.246,15910.332
133.398,99.3,4970.246,15910.332
134.416,100.3,4970.246,15910.332
135.433,100.2,4970.246,15910.332
136.45,99.3,4970.246,15910.332
137.468,99.3,4970.246,15910.332
138.485,100.3,4970.246,15910.332
139.503,100.2,4970.246,15910.332
140.52,99.3,4970.246,15910.332
141.538,40.3,5010.355,16307.488
142.558,0.0,5006.594,16498.711
143.581,0.0,5002.867,16394.562
144.604,0.0,5002.867,16394.562
145.623,0.0,5079.234,24728.863
146.644,101.3,5155.789,27251.402
147.665,91.1,5221.418,27255.664
148.686,99.9,5320.023,27332.652
149.706,99.1,5341.199,27353.973
150.726,99.9,5270.441,27282.836
151.747,0.0,5065.156,24736.891
152.768,101.3,5158.816,27253.652
153.789,92.1,5254.352,27272.086
154.81,100.0,5259.543,27277.164
155.83,101.0,5273.973,27291.289
156.85,0.0,5067.895,24724.699
157.871,101.3,5140.332,27250.316
158.892,90.5,5194.934,27257.078
159.909,99.2,5246.035,27307.578
160.927,98.9,5286.961,27323.375
161.948,98.8,5520.734,27555.555
162.97,100.2,5520.734,27555.555
163.989,99.9,5364.32,27398.77
165.01,0.0,5061.758,24739.281
166.031,101.3,5122.465,27168.203
167.052,92.1,5188.938,27259.531
168.073,98.9,5271.832,27318.906
169.095,100.0,5291.422,27338.273
170.115,0.0,5026.375,24653.957
171.143,101.3,5103.102,26968.5
172.164,75.4,5182.73,27225.781
173.185,98.9,5233.176,27276.281
174.206,98.9,5284.672,27325.781
175.227,98.9,5338.43,27380.281
176.248,99.9,5634.523,27662.734
177.268,98.9,5652.656,27680.578
178.289,99.9,5716.473,27743.695
179.31,0.0,5007.438,16411.637
180.333,101.3,5070.109,25832.148
181.355,101.3,5148.547,27260.902
182.376,96.0,5211.012,27256.031
183.397,99.9,5261.234,27306.531
184.418,98.9,5311.746,27357.281
185.439,98.9,5361.766,27406.781
186.46,99.0,5434.555,27460.375
187.481,99.9,5799.238,27824.895
188.502,100.1,5799.238,27824.895
189.521,99.9,5877.129,27902.543
