Elapsed_time,CPU,Real_MB,Virtual_MB
1.014,95.7,125.633,9450.414
2.033,98.1,205.699,9531.406
3.053,94.2,225.012,9550.75
4.072,94.2,264.07,9591.562
5.092,89.2,330.176,9663.812
6.112,88.2,356.141,9692.465
7.132,83.3,358.594,9758.621
8.152,81.4,368.645,9771.676
9.17,67.8,372.957,9781.035
10.19,84.4,373.211,9781.035
11.209,70.6,405.234,9812.668
12.228,72.6,469.039,9876.703
13.248,85.3,530.277,9938.02
14.267,100.0,558.68,9967.012
15.287,99.1,558.934,9967.012
16.306,100.1,577.809,9986.34
17.326,100.0,577.809,9986.34
18.345,99.1,577.809,9986.34
19.365,100.0,588.379,11625.562
20.385,100.0,687.703,11654.562
21.404,100.0,691.57,11763.562
22.424,100.0,700.594,12022.562
23.444,100.0,716.32,12469.562
24.464,100.0,743.648,13243.562
25.483,100.1,772.008,14050.562
26.501,101.3,4891.309,19952.949
27.518,101.3,3789.434,15371.891
28.537,101.0,4807.02,16422.891
29.557,99.0,6117.988,17775.891
30.577,100.0,6391.648,18190.902
31.597,99.1,6540.84,18190.402
32.617,100.0,7856.004,20996.141
33.636,101.0,9346.758,20996.141
34.656,99.0,9722.031,21447.523
35.676,100.0,9818.723,21447.523
36.696,100.0,7447.031,19118.086
37.716,101.0,7832.234,19469.363
38.735,100.0,8368.133,19958.293
39.755,99.0,8384.363,19958.293
40.775,101.0,8409.629,19958.293
41.795,100.0,8435.148,19958.293
42.814,99.1,8453.66,19958.293
43.834,100.0,8468.777,19958.293
44.854,100.0,8483.715,19958.293
45.873,101.0,8497.879,19958.293
46.893,100.0,8607.027,20060.488
47.913,100.0,8221.332,19675.195
48.932,100.0,8221.465,19675.195
49.952,100.0,8221.465,19675.195
50.972,101.0,8221.469,19675.195
51.991,100.0,8221.469,19675.195
53.011,99.0,8152.379,19605.969
54.031,100.0,8152.484,19605.969
55.05,100.0,8152.617,19605.969
56.07,100.0,8152.77,19605.969
57.09,101.0,7676.023,19129.164
58.109,99.1,7676.023,19129.164
59.129,100.0,7676.113,19129.164
60.149,100.0,8229.652,19682.684
61.169,101.0,8229.707,19682.684
62.189,99.0,8229.707,19682.684
63.209,100.0,8302.434,19755.531
64.228,101.0,8461.312,19909.797
65.248,100.0,8651.145,20072.633
66.268,99.0,8833.254,20226.898
67.288,100.0,9024.16,20389.734
68.308,101.0,9214.844,20552.57
69.328,100.0,9285.008,20613.207
70.347,99.1,9298.008,20625.965
71.367,101.0,9460.91,20789.074
72.387,100.0,9937.328,21265.285
73.406,100.0,9408.211,20736.047
74.426,100.0,9917.5,21245.457
75.446,100.0,9983.688,21311.766
76.466,100.0,10431.527,21759.535
77.485,100.1,10878.277,22191.473
78.503,99.2,10525.977,21823.293
79.523,101.0,11064.844,22361.996
80.543,100.0,11529.953,23080.527
81.563,100.0,11783.34,23080.527
82.582,100.0,10098.273,21411.035
83.602,99.0,9941.855,21238.73
84.622,100.0,9941.855,21238.73
85.641,100.0,9941.855,21238.73
86.661,101.0,9941.891,21238.73
87.681,100.0,9941.895,21238.73
88.7,100.0,9941.895,21238.73
89.72,100.0,9941.895,21238.73
90.74,100.0,9941.895,21238.73
91.759,100.0,9941.898,21238.73
92.779,100.0,9941.898,21238.73
93.798,100.0,9941.898,21238.73
94.818,100.0,9941.898,21238.73
95.838,100.0,9941.898,21238.73
96.857,100.0,9941.898,21238.73
97.876,100.1,9941.898,21238.73
98.896,100.0,9941.898,21238.73
99.916,100.0,9941.898,21238.73
100.936,101.0,9941.898,21238.73
101.956,100.0,9941.898,21238.73
102.976,100.0,9941.898,21238.73
103.996,100.0,9941.898,21238.73
105.016,100.0,9941.898,21238.73
106.035,100.0,9941.898,21238.73
107.055,100.0,9941.898,21238.73
108.075,100.0,9941.898,21238.73
109.095,100.0,9941.898,21238.73
110.115,100.0,9941.898,21238.73
111.134,100.0,9941.898,21238.73
112.154,100.0,9941.898,21238.73
113.174,100.0,9941.898,21238.73
114.194,100.0,9941.898,21238.73
115.214,100.0,9941.898,21238.73
116.233,100.0,9941.898,21238.73
117.253,100.0,9941.898,21238.73
118.273,100.0,9941.898,21238.73
119.292,100.0,9941.898,21238.73
120.312,100.0,9941.898,21238.73
121.332,100.0,9941.898,21238.73
122.352,100.0,9941.898,21238.73
123.371,100.0,9941.898,21238.73
124.391,100.0,9941.898,21238.73
125.411,100.0,9941.898,21238.73
126.431,100.0,9941.898,21238.73
127.45,100.0,9941.898,21238.73
128.47,100.0,9941.898,21238.73
129.489,100.1,9941.898,21238.73
130.509,100.0,9941.898,21238.73
131.528,100.0,9941.898,21238.73
132.548,100.0,9941.898,21238.73
133.568,100.0,9941.898,21238.73
134.587,100.0,9941.898,21238.73
135.607,100.0,9941.898,21238.73
136.627,100.0,9941.898,21238.73
137.647,100.0,9941.898,21238.73
138.666,100.0,9941.898,21238.73
139.686,100.0,9941.898,21238.73
140.706,100.0,9941.898,21238.73
141.725,101.0,9941.898,21238.73
142.745,100.0,9941.898,21238.73
143.765,100.0,9941.898,21238.73
144.784,100.0,9941.898,21238.73
145.804,100.0,9941.898,21238.73
146.824,100.0,9941.898,21238.73
147.843,100.0,9941.898,21238.73
148.863,100.0,9941.898,21238.73
149.883,100.0,9941.898,21238.73
150.902,100.1,9941.898,21238.73
151.922,100.0,9941.898,21238.73
152.941,100.0,9941.898,21238.73
153.961,100.0,9941.898,21238.73
154.981,101.0,9223.367,20520.199
156.0,100.0,9223.367,20520.199
157.02,100.0,9223.367,20520.199
158.04,100.0,9223.367,20520.199
159.06,100.0,9223.367,20520.199
160.079,100.0,9223.367,20520.199
161.099,100.0,9223.367,20520.199
162.119,100.0,9223.367,20520.199
163.138,100.0,9223.367,20520.199
164.158,100.0,9223.367,20520.199
165.177,100.0,9223.367,20520.199
166.197,100.0,9223.367,20520.199
167.217,100.0,9223.367,20520.199
168.236,100.0,9223.367,20520.199
169.256,100.0,9223.367,20520.199
170.276,100.0,9223.367,20520.199
171.295,100.0,9223.367,20520.199
172.315,100.0,9223.367,20520.199
173.335,100.0,9223.367,20520.199
174.354,100.0,9223.367,20520.199
175.374,100.1,9223.367,20520.199
176.393,100.0,9223.367,20520.199
177.413,100.0,9223.367,20520.199
178.432,100.0,9223.367,20520.199
179.452,100.0,9223.367,20520.199
180.472,100.0,9223.367,20520.199
181.49,100.2,9223.367,20520.199
182.51,100.0,9223.367,20520.199
183.529,100.0,9223.367,20520.199
184.549,100.0,9223.367,20520.199
185.569,100.0,9223.367,20520.199
186.588,101.0,9223.367,20520.199
187.608,99.1,9223.367,20520.199
188.628,100.0,9223.367,20520.199
189.647,100.0,9223.367,20520.199
190.668,101.0,9223.367,20520.199
191.687,100.0,9223.367,20520.199
192.707,99.1,9223.367,20520.199
193.727,101.0,9223.367,20520.199
194.746,100.0,9223.367,20520.199
195.766,100.0,9223.367,20520.199
196.786,100.0,9223.367,20520.199
197.805,100.0,9223.367,20520.199
198.825,100.0,9223.367,20520.199
199.845,100.0,9223.367,20520.199
200.864,100.0,9223.367,20520.199
201.884,100.0,9223.367,20520.199
202.904,100.0,9223.367,20520.199
203.923,100.0,9223.367,20520.199
204.943,100.0,9223.367,20520.199
205.963,100.0,9223.367,20520.199
206.982,100.0,9223.367,20520.199
208.002,100.0,9223.367,20520.199
209.021,100.0,9223.367,20520.199
210.041,100.0,9223.367,20520.199
211.061,100.0,9223.367,20520.199
212.08,100.0,9223.367,20520.199
213.1,100.0,9223.367,20520.199
214.12,100.0,9223.367,20520.199
215.139,100.0,9223.367,20520.199
216.159,100.0,9223.367,20520.199
217.178,100.0,9223.367,20520.199
218.198,100.0,9223.367,20520.199
219.218,101.0,9223.367,20520.199
220.237,100.0,9223.367,20520.199
221.257,100.0,9223.367,20520.199
222.277,100.0,9223.367,20520.199
223.296,99.1,9223.367,20520.199
224.316,101.0,9223.367,20520.199
225.336,100.0,9223.367,20520.199
226.355,100.0,9223.367,20520.199
227.375,100.0,9223.367,20520.199
228.395,100.0,9223.367,20520.199
229.414,100.0,9223.367,20520.199
230.434,100.0,9223.367,20520.199
231.454,100.0,9223.367,20520.199
232.473,100.0,9223.367,20520.199
233.492,100.1,9223.367,20520.199
234.512,100.0,9223.367,20520.199
235.532,100.0,9223.367,20520.199
236.551,100.0,9223.367,20520.199
237.571,100.0,9223.367,20520.199
238.591,100.0,9223.367,20520.199
239.611,100.0,9223.367,20520.199
240.63,100.0,9223.367,20520.199
241.65,100.0,9223.367,20520.199
242.669,99.1,9223.367,20520.199
243.689,101.0,9223.367,20520.199
244.709,100.9,9223.367,20520.199
245.729,100.0,9223.367,20520.199
246.749,100.0,9223.367,20520.199
247.768,100.0,9223.367,20520.199
248.788,100.0,9223.367,20520.199
249.808,100.0,9223.367,20520.199
250.827,100.0,9223.367,20520.199
251.847,100.0,9223.367,20520.199
252.867,100.0,9223.367,20520.199
253.886,99.1,9223.367,20520.199
254.906,101.0,9223.367,20520.199
255.926,99.1,9223.367,20520.199
256.945,100.0,9223.367,20520.199
257.965,100.0,9223.367,20520.199
258.985,101.0,9223.367,20520.199
260.004,100.0,9223.367,20520.199
261.024,100.0,9223.367,20520.199
262.044,100.0,9223.367,20520.199
263.063,100.0,9223.367,20520.199
264.083,100.0,9223.367,20520.199
265.103,99.1,9223.367,20520.199
266.122,100.0,9223.367,20520.199
267.142,101.0,9223.367,20520.199
268.162,100.0,9223.367,20520.199
269.181,100.0,9223.367,20520.199
270.201,100.0,9223.367,20520.199
271.22,100.0,9223.367,20520.199
272.24,100.0,9223.367,20520.199
273.26,100.0,9223.367,20520.199
274.279,100.0,9223.367,20520.199
275.299,101.0,9223.367,20520.199
276.319,100.0,9223.367,20520.199
277.338,100.0,9223.367,20520.199
278.358,100.0,9223.367,20520.199
279.377,100.0,9223.367,20520.199
280.397,100.0,9223.367,20520.199
281.417,99.0,9223.367,20520.199
282.436,100.0,9223.367,20520.199
283.456,100.0,9223.367,20520.199
284.476,101.0,9223.367,20520.199
285.494,99.2,9223.367,20520.199
286.514,100.0,9223.367,20520.199
287.533,100.0,9223.367,20520.199
288.553,100.0,9223.367,20520.199
289.573,100.0,9223.367,20520.199
290.593,100.0,9223.367,20520.199
291.612,101.0,9223.367,20520.199
292.632,99.1,9223.367,20520.199
293.652,100.0,9223.367,20520.199
294.671,100.0,9223.367,20520.199
295.691,100.0,9223.367,20520.199
296.711,100.0,9223.367,20520.199
297.73,100.0,9223.367,20520.199
298.75,100.0,9223.367,20520.199
299.77,101.0,9223.367,20520.199
300.789,100.0,9223.367,20520.199
301.809,100.0,9223.367,20520.199
302.829,100.0,9223.367,20520.199
303.848,100.1,9223.367,20520.199
304.868,100.0,9223.367,20520.199
305.888,100.0,9223.367,20520.199
306.908,100.0,9223.367,20520.199
307.926,100.2,9223.367,20520.199
308.946,100.0,9223.367,20520.199
309.965,100.0,9223.367,20520.199
310.985,100.0,9223.367,20520.199
312.005,100.0,9223.367,20520.199
313.024,100.0,9223.367,20520.199
314.044,100.0,9223.367,20520.199
315.063,100.0,9223.367,20520.199
316.083,100.0,9223.367,20520.199
317.103,100.0,9223.367,20520.199
318.122,100.0,9223.367,20520.199
319.142,101.0,9223.367,20520.199
320.161,100.0,9223.367,20520.199
321.181,99.1,9223.367,20520.199
322.2,101.0,9223.367,20520.199
323.22,100.0,9223.367,20520.199
324.24,99.0,9223.367,20520.199
325.259,100.0,9223.367,20520.199
326.279,100.0,9223.367,20520.199
327.299,101.0,9223.367,20520.199
328.318,100.0,9223.367,20520.199
329.338,100.0,9223.367,20520.199
330.358,100.0,9223.367,20520.199
331.377,100.0,9223.367,20520.199
332.397,100.0,9223.367,20520.199
333.417,100.0,9223.367,20520.199
334.436,100.0,9223.367,20520.199
335.456,100.0,9223.367,20520.199
336.476,100.0,9223.367,20520.199
337.495,100.1,9223.367,20520.199
338.514,100.0,9223.367,20520.199
339.534,100.0,9223.367,20520.199
340.553,100.0,9223.367,20520.199
341.573,100.0,9223.367,20520.199
342.593,100.0,9223.367,20520.199
343.612,100.0,9223.367,20520.199
344.632,100.0,9223.367,20520.199
345.651,100.0,9223.367,20520.199
346.671,101.0,9223.367,20520.199
347.691,100.0,9223.367,20520.199
348.71,100.0,9223.367,20520.199
349.73,100.0,9223.367,20520.199
350.749,100.0,9223.367,20520.199
351.769,100.0,9223.367,20520.199
352.788,100.1,9223.367,20520.199
353.808,100.0,9223.367,20520.199
354.827,100.0,9223.367,20520.199
355.847,100.0,9223.367,20520.199
356.867,100.0,9223.367,20520.199
357.886,100.0,9223.367,20520.199
358.906,100.0,9223.367,20520.199
359.926,99.1,9223.367,20520.199
360.945,101.0,9223.367,20520.199
361.965,100.0,9223.367,20520.199
362.984,99.1,9223.367,20520.199
364.004,100.0,9223.367,20520.199
365.024,101.0,9223.367,20520.199
366.044,99.0,9223.367,20520.199
367.064,101.0,9223.367,20520.199
368.083,100.0,9223.367,20520.199
369.103,100.0,9223.367,20520.199
370.122,100.0,9223.367,20520.199
371.142,100.0,9223.367,20520.199
372.161,100.0,9223.367,20520.199
373.181,100.0,9223.367,20520.199
374.201,100.0,9223.367,20520.199
375.22,100.0,9223.367,20520.199
376.24,100.0,9223.367,20520.199
377.259,100.0,9223.367,20520.199
378.279,100.0,9223.367,20520.199
379.298,100.1,9223.367,20520.199
380.318,100.0,9223.367,20520.199
381.338,100.0,9223.367,20520.199
382.357,100.0,9223.367,20520.199
383.377,100.0,9223.367,20520.199
384.396,100.0,9223.367,20520.199
385.416,100.0,9223.367,20520.199
386.436,100.0,9223.367,20520.199
387.455,100.0,9223.367,20520.199
388.475,100.0,9223.367,20520.199
389.494,100.1,9223.367,20520.199
390.513,100.0,9223.367,20520.199
391.533,100.0,9223.367,20520.199
392.553,100.0,9223.367,20520.199
393.572,101.0,9223.367,20520.199
394.592,100.0,9223.367,20520.199
395.612,100.0,9223.367,20520.199
396.631,100.0,9223.367,20520.199
397.651,100.0,9223.367,20520.199
398.67,100.0,9223.367,20520.199
399.69,100.0,9223.367,20520.199
400.71,100.0,9223.367,20520.199
401.729,100.0,9223.367,20520.199
402.749,100.0,9223.367,20520.199
403.769,100.0,9223.367,20520.199
404.789,100.0,9223.367,20520.199
405.808,100.0,9223.367,20520.199
406.828,100.0,9223.367,20520.199
407.848,100.0,9223.367,20520.199
408.867,100.0,9223.367,20520.199
409.887,100.0,9223.367,20520.199
410.906,101.0,9223.367,20520.199
411.926,99.1,9223.367,20520.199
412.946,100.0,9223.367,20520.199
413.965,100.0,9223.367,20520.199
414.985,100.0,9223.367,20520.199
416.004,100.0,9223.367,20520.199
417.024,100.0,9223.367,20520.199
418.044,100.0,9223.367,20520.199
419.063,101.0,9223.367,20520.199
420.083,100.0,9223.367,20520.199
421.102,100.1,9223.367,20520.199
422.122,99.0,9223.367,20520.199
423.142,100.0,9223.367,20520.199
424.161,100.1,9223.367,20520.199
425.181,100.0,9223.367,20520.199
426.201,101.0,9223.367,20520.199
427.22,100.0,9223.367,20520.199
428.24,100.0,9223.367,20520.199
429.259,100.0,9223.367,20520.199
430.279,100.0,9223.367,20520.199
431.299,99.1,9223.367,20520.199
432.318,100.0,9223.367,20520.199
433.338,101.0,9223.367,20520.199
434.358,100.0,9223.367,20520.199
435.377,100.0,9223.367,20520.199
436.397,100.0,9223.367,20520.199
437.416,100.0,9223.367,20520.199
438.436,100.0,9223.367,20520.199
439.456,100.0,9223.367,20520.199
440.475,100.0,9223.367,20520.199
441.494,100.1,9223.367,20520.199
442.513,100.0,9223.367,20520.199
443.533,100.0,9223.367,20520.199
444.553,100.0,9223.367,20520.199
445.572,101.0,9223.367,20520.199
446.592,100.0,9223.367,20520.199
447.611,99.1,9223.367,20520.199
448.631,100.0,9223.367,20520.199
449.65,100.1,9223.367,20520.199
450.67,100.0,9223.367,20520.199
451.69,100.0,9223.367,20520.199
452.709,100.0,9223.367,20520.199
453.729,100.0,9223.367,20520.199
454.749,100.0,9223.367,20520.199
455.768,100.0,9223.367,20520.199
456.788,100.0,9223.367,20520.199
457.807,100.0,9223.367,20520.199
458.827,100.0,9223.367,20520.199
459.846,101.0,9223.367,20520.199
460.866,99.1,9223.367,20520.199
461.886,100.0,9223.367,20520.199
462.905,101.0,9223.367,20520.199
463.925,100.0,9223.367,20520.199
464.944,100.0,9223.367,20520.199
465.964,100.0,9223.367,20520.199
466.983,100.0,9223.367,20520.199
468.003,99.1,9223.367,20520.199
469.022,100.0,9223.367,20520.199
470.042,100.1,9223.367,20520.199
471.061,101.0,9223.367,20520.199
472.081,100.0,9223.367,20520.199
473.1,100.1,9223.367,20520.199
474.12,100.0,9223.367,20520.199
475.139,100.0,9223.367,20520.199
476.159,100.0,9223.367,20520.199
477.178,100.0,9223.367,20520.199
478.198,100.0,9223.367,20520.199
479.217,100.1,9223.367,20520.199
480.237,100.0,9223.367,20520.199
481.257,100.1,9223.367,20520.199
482.276,100.0,9223.367,20520.199
483.296,100.0,9223.367,20520.199
484.315,100.0,9223.367,20520.199
485.335,100.0,9223.367,20520.199
486.355,100.0,9223.367,20520.199
487.375,100.0,9223.367,20520.199
488.394,100.0,9223.367,20520.199
489.414,100.0,9223.367,20520.199
490.433,100.0,9223.367,20520.199
491.453,100.0,9223.367,20520.199
492.473,100.0,9223.367,20520.199
493.492,101.1,9223.367,20520.199
494.511,100.0,9223.367,20520.199
495.531,100.0,9223.367,20520.199
496.551,100.0,9223.367,20520.199
497.57,100.0,9223.367,20520.199
498.59,99.1,9223.367,20520.199
499.609,100.0,9223.367,20520.199
500.629,100.0,9223.367,20520.199
501.649,100.0,9223.367,20520.199
502.668,101.0,9223.367,20520.199
503.688,100.0,9223.367,20520.199
504.707,100.1,9223.367,20520.199
505.727,100.0,9223.367,20520.199
506.747,100.0,9223.367,20520.199
507.766,100.0,9223.367,20520.199
508.786,100.0,9223.367,20520.199
509.806,100.0,9223.367,20520.199
510.825,100.0,9223.367,20520.199
511.845,100.0,9223.367,20520.199
512.865,100.0,9223.367,20520.199
513.884,100.0,9223.367,20520.199
514.904,100.0,9223.367,20520.199
515.923,100.0,9223.367,20520.199
516.943,100.0,9223.367,20520.199
517.962,100.1,9223.367,20520.199
518.981,100.0,9223.367,20520.199
520.001,100.0,9223.367,20520.199
521.02,100.0,9223.367,20520.199
522.04,100.0,9223.367,20520.199
523.06,100.0,9223.367,20520.199
524.079,100.0,9223.367,20520.199
525.099,101.0,9223.367,20520.199
526.118,100.0,9223.367,20520.199
527.138,100.0,9223.367,20520.199
528.158,100.0,9223.367,20520.199
529.177,99.1,9223.367,20520.199
530.197,100.0,9223.367,20520.199
531.216,100.1,9223.367,20520.199
532.236,101.0,9223.367,20520.199
533.255,99.1,9223.367,20520.199
534.275,100.0,9223.367,20520.199
535.294,100.0,9223.367,20520.199
536.314,101.0,9223.367,20520.199
537.334,99.1,9223.367,20520.199
538.353,100.0,9223.367,20520.199
539.373,101.0,9223.367,20520.199
540.393,100.0,9223.367,20520.199
541.412,100.0,9223.367,20520.199
542.432,100.0,9223.367,20520.199
543.451,100.0,9223.367,20520.199
544.471,99.1,9223.367,20520.199
545.49,100.1,9223.367,20520.199
546.51,101.0,9223.367,20520.199
547.529,100.0,9223.367,20520.199
548.549,99.0,9223.367,20520.199
549.569,101.0,9223.367,20520.199
550.588,100.0,9223.367,20520.199
551.608,100.0,9223.367,20520.199
552.628,100.0,9223.367,20520.199
553.647,100.0,9223.367,20520.199
554.667,100.0,9223.367,20520.199
555.686,100.0,9223.367,20520.199
556.706,100.0,9223.367,20520.199
557.726,100.0,9223.367,20520.199
558.745,100.0,9223.367,20520.199
559.765,100.0,9223.367,20520.199
560.785,100.0,9223.367,20520.199
561.804,100.0,9223.367,20520.199
562.824,100.0,9223.367,20520.199
563.843,100.0,9223.367,20520.199
564.863,101.0,9223.367,20520.199
565.883,99.1,9223.367,20520.199
566.902,101.0,9223.367,20520.199
567.922,100.0,9223.367,20520.199
568.941,99.1,9223.367,20520.199
569.961,100.0,9223.367,20520.199
570.98,100.0,9223.367,20520.199
572.0,101.0,9223.367,20520.199
573.02,100.0,9223.367,20520.199
574.039,100.0,9223.367,20520.199
575.059,100.0,9223.367,20520.199
576.078,99.1,9223.367,20520.199
577.098,100.0,9223.367,20520.199
578.117,101.0,9223.367,20520.199
579.137,100.0,9223.367,20520.199
580.156,100.1,9223.367,20520.199
581.176,100.0,9223.367,20520.199
582.195,100.1,9223.367,20520.199
583.215,100.1,9223.367,20520.199
584.234,100.1,9223.367,20520.199
585.254,100.0,9223.367,20520.199
586.273,100.0,9223.367,20520.199
587.293,100.0,9223.367,20520.199
588.312,100.1,9223.367,20520.199
589.332,100.0,9223.367,20520.199
590.351,100.0,9223.367,20520.199
591.371,100.0,9223.367,20520.199
592.39,100.0,9223.367,20520.199
593.41,100.0,9223.367,20520.199
594.43,100.0,9223.367,20520.199
595.449,101.0,9223.367,20520.199
596.469,100.0,9223.367,20520.199
597.488,100.1,9223.367,20520.199
598.508,99.1,9223.367,20520.199
599.527,100.0,9223.367,20520.199
600.547,100.0,9223.367,20520.199
601.566,100.0,9223.367,20520.199
602.586,100.0,9223.367,20520.199
603.605,100.1,9223.367,20520.199
604.625,100.0,9223.367,20520.199
605.645,100.0,9223.367,20520.199
606.665,100.0,9223.367,20520.199
607.685,100.0,9223.367,20520.199
608.704,100.1,9223.367,20520.199
609.724,101.0,9223.367,20520.199
610.743,99.1,9223.367,20520.199
611.763,100.0,9223.367,20520.199
612.782,100.1,9223.367,20520.199
613.802,100.0,9223.367,20520.199
614.821,100.0,9223.367,20520.199
615.841,101.0,9223.367,20520.199
616.861,99.1,9223.367,20520.199
617.88,101.0,9223.367,20520.199
618.9,100.0,9223.367,20520.199
619.919,100.0,9223.367,20520.199
620.939,100.0,9223.367,20520.199
621.958,100.0,9223.367,20520.199
622.978,99.1,9223.367,20520.199
623.997,100.1,9223.367,20520.199
625.017,100.0,9223.367,20520.199
626.036,100.1,9223.367,20520.199
627.056,101.0,9223.367,20520.199
628.075,100.0,9223.367,20520.199
629.095,100.0,9223.367,20520.199
630.115,100.0,9223.367,20520.199
631.134,100.0,9223.367,20520.199
632.154,100.0,9223.367,20520.199
633.173,100.1,9223.367,20520.199
634.193,100.0,9223.367,20520.199
635.212,99.1,9223.367,20520.199
636.232,100.0,9223.367,20520.199
637.252,101.0,9223.367,20520.199
638.271,100.1,9223.367,20520.199
639.291,100.0,9223.367,20520.199
640.31,100.0,9223.367,20520.199
641.33,100.0,9223.367,20520.199
642.349,99.1,9223.367,20520.199
643.369,101.0,9223.367,20520.199
644.388,100.0,9223.367,20520.199
645.408,100.0,9223.367,20520.199
646.428,100.0,9223.367,20520.199
647.447,100.1,9223.367,20520.199
648.467,100.0,9223.367,20520.199
649.486,100.1,9223.367,20520.199
650.504,100.2,9223.367,20520.199
651.524,100.0,9223.367,20520.199
652.543,100.0,9223.367,20520.199
653.563,100.0,9223.367,20520.199
654.583,100.0,9223.367,20520.199
655.602,99.1,9223.367,20520.199
656.622,101.0,9223.367,20520.199
657.641,100.0,9223.367,20520.199
658.661,100.0,9223.367,20520.199
659.681,100.0,9223.367,20520.199
660.7,100.0,9223.367,20520.199
661.72,100.0,9223.367,20520.199
662.74,100.0,9223.367,20520.199
663.759,100.0,9223.367,20520.199
664.779,100.0,9223.367,20520.199
665.799,100.0,9223.367,20520.199
666.819,100.0,9223.367,20520.199
667.838,100.0,9223.367,20520.199
668.858,100.0,9223.367,20520.199
669.877,101.0,9223.367,20520.199
670.897,100.0,9223.367,20520.199
671.917,100.0,9223.367,20520.199
672.936,99.1,9223.367,20520.199
673.956,101.0,9223.367,20520.199
674.975,99.1,9223.367,20520.199
675.995,100.0,9223.367,20520.199
677.014,100.0,9223.367,20520.199
678.034,101.0,9223.367,20520.199
679.054,100.0,9223.367,20520.199
680.073,100.0,9223.367,20520.199
681.093,100.0,9223.367,20520.199
682.112,99.1,9223.367,20520.199
683.132,100.0,9223.367,20520.199
684.151,100.1,9223.367,20520.199
685.171,100.0,9223.367,20520.199
686.19,100.0,9223.367,20520.199
687.21,100.0,9223.367,20520.199
688.23,101.0,9223.367,20520.199
689.249,100.0,9223.367,20520.199
690.269,99.0,9223.367,20520.199
691.288,101.0,9223.367,20520.199
692.308,99.1,9223.367,20520.199
693.327,100.0,9223.367,20520.199
694.347,100.0,9223.367,20520.199
695.367,100.0,9223.367,20520.699
696.386,100.0,9223.367,20520.199
697.406,101.0,9223.367,20520.199
698.425,99.1,9223.367,20520.199
699.445,100.0,9223.367,20520.199
700.465,100.0,9223.367,20520.199
701.484,101.1,9223.367,20520.199
702.502,100.2,9223.367,20520.199
703.522,100.0,9223.367,20520.199
704.541,100.1,9223.367,20520.199
705.561,100.0,9223.367,20520.199
706.58,99.1,9223.367,20520.199
707.6,100.0,9223.367,20520.199
708.619,100.0,9223.367,20520.199
709.639,101.0,9223.367,20520.199
710.659,100.0,9223.367,20520.199
711.678,100.0,9223.367,20520.199
712.698,100.0,9223.367,20520.199
713.717,100.0,9223.367,20520.199
714.737,100.0,9223.367,20520.199
715.757,99.0,9223.367,20520.199
716.776,101.0,9223.367,20520.199
717.796,100.0,9223.367,20520.199
718.815,99.1,9223.367,20520.199
719.835,101.0,9223.367,20520.199
720.855,100.0,9223.367,20520.199
721.874,100.0,9223.367,20520.199
722.894,99.1,9223.367,20520.199
723.914,100.0,9223.367,20520.199
724.933,100.0,9223.367,20520.199
725.953,100.0,9223.367,20520.199
726.973,101.0,9223.367,20520.199
727.992,100.1,9223.367,20520.199
729.012,100.0,9223.367,20520.199
730.031,100.1,9223.367,20520.199
731.051,100.0,9223.367,20520.199
732.07,100.1,9223.367,20520.199
733.09,100.0,9223.367,20520.199
734.109,100.1,9223.367,20520.199
735.129,100.0,9223.367,20520.199
736.148,100.1,9223.367,20520.199
737.168,100.0,9223.367,20520.199
738.187,100.0,9223.367,20520.199
739.207,99.1,9223.367,20520.199
740.226,101.0,9223.367,20520.199
741.246,100.0,9223.367,20520.199
742.266,100.0,9223.367,20520.199
743.285,100.0,9223.367,20520.199
744.305,100.0,9223.367,20520.199
745.324,100.0,9223.367,20520.199
746.344,100.0,9223.367,20520.199
747.364,100.0,9223.367,20520.199
748.383,100.0,9223.367,20520.199
749.403,100.0,9223.367,20520.199
750.422,100.0,9223.367,20520.199
751.442,100.1,9223.367,20520.199
752.461,100.0,9223.367,20520.199
753.48,100.1,9223.367,20520.199
754.499,100.2,9223.367,20520.199
755.519,100.0,9223.367,20520.199
756.538,100.0,9223.367,20520.199
757.558,100.0,9223.367,20520.199
758.577,100.0,9223.367,20520.199
759.597,100.0,9223.367,20520.199
760.617,100.0,9223.367,20520.199
761.636,100.0,9223.367,20520.199
762.656,100.0,9223.367,20520.199
763.676,100.0,9223.367,20520.199
764.695,100.0,9223.367,20520.199
765.715,100.0,9223.367,20520.199
766.734,100.0,9223.367,20520.199
767.754,100.0,9223.367,20520.199
768.773,100.0,9223.367,20520.199
769.793,100.0,9223.367,20520.199
770.813,100.0,9223.367,20520.199
771.832,100.0,9223.367,20520.199
772.852,100.0,9223.367,20520.199
773.871,100.0,9223.367,20520.199
774.891,100.0,9223.367,20520.199
775.91,101.0,9223.367,20520.199
776.93,100.0,9223.367,20520.199
777.95,99.1,9223.367,20520.199
778.969,100.0,9223.367,20520.199
779.989,100.0,9223.367,20520.199
781.008,100.0,9223.367,20520.199
782.028,100.0,9223.367,20520.199
783.047,100.1,9223.367,20520.199
784.067,101.0,9223.367,20520.199
785.086,100.0,9223.367,20520.199
786.106,99.0,9223.367,20520.199
787.126,100.0,9223.367,20520.199
788.146,100.0,9223.367,20520.199
789.165,100.0,9223.367,20520.199
790.185,100.0,9223.367,20520.199
791.204,100.0,9223.367,20520.199
792.224,100.1,9223.367,20520.199
793.243,101.0,9223.367,20520.199
794.263,100.0,9223.367,20520.199
795.282,100.1,9223.367,20520.199
796.302,100.0,9223.367,20520.199
797.321,100.0,9223.367,20520.199
798.341,100.0,9223.367,20520.199
799.361,100.0,9223.367,20520.199
800.38,100.0,9223.367,20520.199
801.4,100.0,9223.367,20520.199
802.419,100.1,9223.367,20520.199
803.439,100.0,9223.367,20520.199
804.458,100.1,9223.367,20520.199
805.478,99.1,9223.367,20520.199
806.496,101.1,9223.367,20520.199
807.516,100.0,9223.367,20520.199
808.535,100.0,9223.367,20520.199
809.555,100.0,9223.367,20520.199
810.574,100.1,9223.367,20520.199
811.594,100.1,9223.367,20520.199
812.613,100.0,9223.367,20520.199
813.633,100.0,9223.367,20520.199
814.652,100.1,9223.367,20520.199
815.672,100.0,9223.367,20520.199
816.691,100.1,9223.367,20520.199
817.711,100.0,9223.367,20520.199
818.73,100.0,9223.367,20520.199
819.75,100.0,9223.367,20520.199
820.77,100.0,9223.367,20520.199
821.789,100.0,9223.367,20520.199
822.809,99.1,9223.367,20520.199
823.828,100.0,9223.367,20520.199
824.848,100.0,9223.367,20520.199
825.867,100.1,9223.367,20520.199
826.887,100.0,9223.367,20520.199
827.906,101.0,9223.367,20520.199
828.926,100.1,9223.367,20520.199
829.945,100.1,9223.367,20520.199
830.965,100.0,9223.367,20520.199
831.984,99.1,9223.367,20520.199
833.004,101.0,9223.367,20520.199
834.023,100.0,9223.367,20520.199
835.043,100.0,9223.367,20520.199
836.062,100.1,9223.367,20520.199
837.082,99.1,9223.367,20520.199
838.102,101.0,9223.367,20520.199
839.121,100.0,9223.367,20520.199
840.141,100.0,9223.367,20520.199
841.16,100.0,9223.367,20520.199
842.18,100.0,9223.367,20520.199
843.199,100.0,9223.367,20520.199
844.219,100.0,9223.367,20520.199
845.238,100.1,9223.367,20520.199
846.258,100.0,9223.367,20520.199
847.278,100.0,9223.367,20520.199
848.297,100.0,9223.367,20520.199
849.317,100.0,9223.367,20520.199
850.336,100.1,9223.367,20520.199
851.356,100.0,9223.367,20520.199
852.375,100.0,9223.367,20520.199
853.395,100.0,9223.367,20520.199
854.414,100.0,9223.367,20520.199
855.434,100.0,9223.367,20520.199
856.453,100.1,9223.367,20520.199
857.473,100.0,9223.367,20520.199
858.492,100.1,9223.367,20520.199
859.511,100.0,9223.367,20520.199
860.531,100.0,9223.367,20520.199
861.55,100.1,9223.367,20520.199
862.57,100.0,9223.367,20520.199
863.589,100.0,9223.367,20520.199
864.609,100.0,9223.367,20520.199
865.629,100.1,9223.367,20520.199
866.648,100.0,9223.367,20520.199
867.668,100.0,9223.367,20520.199
868.687,100.1,9223.367,20520.199
869.707,100.0,9223.367,20520.199
870.726,100.0,9223.367,20520.199
871.746,100.0,9223.367,20520.199
872.765,100.1,9223.367,20520.199
873.785,100.0,9223.367,20520.199
874.804,101.0,9223.367,20520.199
875.824,99.1,9223.367,20520.199
876.843,100.0,9223.367,20520.199
877.863,100.0,9223.367,20520.199
878.883,100.0,9223.367,20520.199
879.902,100.0,9223.367,20520.199
880.922,100.0,9223.367,20520.199
881.941,100.0,9223.367,20520.199
882.961,100.0,9223.367,20520.199
883.981,100.0,9223.367,20520.199
885.0,101.0,9223.367,20520.199
886.02,100.0,9223.367,20520.199
887.039,100.0,9223.367,20520.199
888.059,99.1,9223.367,20520.199
889.078,100.0,9223.367,20520.199
890.098,100.0,9223.367,20520.199
891.118,100.0,9223.367,20520.199
892.137,100.1,9223.367,20520.199
893.157,100.0,9223.367,20520.199
894.176,101.0,9223.367,20520.199
895.196,99.1,9223.367,20520.199
896.215,100.0,9223.367,20520.199
897.235,100.0,9223.367,20520.199
898.254,100.0,9223.367,20520.199
899.274,100.0,9223.367,20520.199
900.293,100.0,9223.367,20520.199
901.313,100.0,9223.367,20520.199
902.333,101.0,9223.367,20520.199
903.352,100.0,9223.367,20520.199
904.372,99.1,9223.367,20520.199
905.391,100.0,9223.367,20520.199
906.411,100.0,9223.367,20520.199
907.431,100.0,9223.367,20520.199
908.451,100.0,9223.367,20520.199
909.47,100.0,9223.367,20520.199
910.489,100.2,9223.367,20520.199
911.509,100.0,9223.367,20520.199
912.528,101.0,9223.367,20520.199
913.548,99.1,9223.367,20520.199
914.568,101.0,9223.367,20520.199
915.587,99.1,9223.367,20520.199
916.607,100.0,9223.367,20520.199
917.626,100.0,9223.367,20520.199
918.646,101.0,9223.367,20520.199
919.666,100.0,9223.367,20520.199
920.685,100.0,9223.367,20520.199
921.705,100.0,9223.367,20520.199
922.724,100.0,9223.367,20520.199
923.744,100.0,9223.367,20520.199
924.764,99.1,9223.367,20520.199
925.783,100.0,9223.367,20520.199
926.803,100.0,9223.367,20520.199
927.822,101.0,9223.367,20520.199
928.842,100.0,9223.367,20520.199
929.862,100.0,9223.367,20520.199
930.881,100.0,9223.367,20520.199
931.901,100.0,9223.367,20520.199
932.92,100.1,9223.367,20520.199
933.94,100.0,9223.367,20520.199
934.959,100.0,9223.367,20520.199
935.979,100.0,9223.367,20520.199
936.998,100.1,9223.367,20520.199
938.017,100.1,9223.367,20520.199
939.037,99.1,9223.367,20520.199
940.056,100.1,9223.367,20520.199
941.076,101.0,9223.367,20520.199
942.095,100.1,9223.367,20520.199
943.115,100.1,9223.367,20520.199
944.134,100.0,9223.367,20520.199
945.154,100.0,9223.367,20520.199
946.173,100.0,9223.367,20520.199
947.193,100.0,9223.367,20520.199
948.213,100.0,9223.367,20520.199
949.232,100.0,9223.367,20520.199
950.252,100.0,9223.367,20520.199
951.271,100.0,9223.367,20520.199
952.291,99.1,9223.367,20520.199
953.31,100.0,9223.367,20520.199
954.33,100.0,9223.367,20520.199
955.35,100.0,9223.367,20520.199
956.369,101.0,9223.367,20520.199
957.389,100.0,9223.367,20520.199
958.408,100.0,9223.367,20520.199
959.428,100.0,9223.367,20520.199
960.448,100.0,9223.367,20520.199
961.467,100.0,9223.367,20520.199
962.486,100.1,9223.367,20520.199
963.504,100.2,9223.367,20520.199
964.524,100.0,9223.367,20520.199
965.543,99.1,9223.367,20520.199
966.563,101.0,9223.367,20520.199
967.583,100.0,9223.367,20520.199
968.603,100.0,9223.367,20520.199
969.622,100.0,9223.367,20520.199
970.642,100.0,9223.367,20520.199
971.661,100.0,9223.367,20520.199
972.681,100.0,9223.367,20520.199
973.7,100.0,9223.367,20520.199
974.72,100.0,9223.367,20520.199
975.74,100.0,9223.367,20520.199
976.759,100.0,9223.367,20520.199
977.779,100.0,9223.367,20520.199
978.798,100.0,9223.367,20520.199
979.818,100.0,9223.367,20520.199
980.838,100.0,9223.367,20520.199
981.857,99.1,9223.367,20520.199
982.877,101.0,9223.367,20520.199
983.896,100.0,9223.367,20520.199
984.916,99.1,9223.367,20520.199
985.935,100.1,9223.367,20520.199
986.955,101.0,9223.367,20520.199
987.975,100.0,9223.367,20520.199
988.994,100.0,9223.367,20520.199
990.014,100.0,9223.367,20520.199
991.033,100.0,9223.367,20520.199
992.053,100.0,9223.367,20520.199
993.072,100.0,9223.367,20520.199
994.092,100.0,9223.367,20520.199
995.111,100.1,9223.367,20520.199
996.131,100.0,9223.367,20520.199
997.15,100.0,9223.367,20520.199
998.17,101.0,9223.367,20520.199
999.19,99.1,9223.367,20520.199
1000.209,100.1,9223.367,20520.199
1001.229,100.0,9223.367,20520.199
1002.248,100.1,9223.367,20520.199
1003.268,100.0,9223.367,20520.199
1004.287,100.0,9223.367,20520.199
1005.307,100.0,9223.367,20520.199
1006.326,100.0,9223.367,20520.199
1007.346,100.0,9223.367,20520.199
1008.366,100.0,9223.367,20520.199
1009.385,100.0,9223.367,20520.199
1010.405,100.0,9223.367,20520.199
1011.424,100.0,9223.367,20520.199
1012.444,101.0,9223.367,20520.199
1013.464,100.0,9223.367,20520.199
1014.483,100.1,9223.367,20520.199
1015.501,100.1,9223.367,20520.199
1016.521,100.0,9223.367,20520.199
1017.54,100.0,9223.367,20520.199
1018.56,99.1,9223.367,20520.199
1019.579,101.0,9223.367,20520.199
1020.599,100.0,9223.367,20520.199
1021.618,99.1,9223.367,20520.199
1022.638,101.0,9223.367,20520.199
1023.658,100.0,9223.367,20520.199
1024.677,100.0,9223.367,20520.199
1025.697,100.0,9223.367,20520.199
1026.717,100.0,9223.367,20520.199
1027.736,99.1,9223.367,20520.199
1028.756,101.0,9223.367,20520.199
1029.776,100.0,9223.367,20520.199
1030.795,100.1,9223.367,20520.199
1031.815,100.0,9223.367,20520.199
1032.834,100.0,9223.367,20520.199
1033.854,100.0,9223.367,20520.199
1034.873,100.0,9223.367,20520.199
1035.893,100.0,9223.367,20520.199
1036.913,100.0,9223.367,20520.199
1037.932,100.0,9223.367,20520.199
1038.952,100.0,9223.367,20520.199
1039.971,101.0,9223.367,20520.199
1040.991,100.0,9223.367,20520.199
1042.011,100.0,9223.367,20520.199
1043.03,100.0,9223.367,20520.199
1044.05,100.0,9223.367,20520.199
1045.069,99.1,9223.367,20520.199
1046.089,100.0,9223.367,20520.199
1047.108,100.1,9223.367,20520.199
1048.128,100.0,9223.367,20520.199
1049.148,100.0,9223.367,20520.199
1050.167,100.0,9223.367,20520.199
1051.187,100.0,9223.367,20520.199
1052.206,100.0,9223.367,20520.199
1053.226,101.0,9223.367,20520.199
1054.245,100.0,9223.367,20520.199
1055.265,100.0,9223.367,20520.199
1056.284,100.0,9223.367,20520.199
1057.304,100.0,9223.367,20520.199
1058.323,100.0,9223.367,20520.199
1059.343,100.0,9223.367,20520.199
1060.363,100.0,9223.367,20520.199
1061.382,100.0,9223.367,20520.199
1062.402,100.1,9223.367,20520.199
1063.421,100.0,9223.367,20520.199
1064.441,100.0,9223.367,20520.199
1065.46,100.0,9223.367,20520.199
1066.479,100.1,9223.367,20520.199
1067.498,100.1,9223.367,20520.199
1068.517,100.0,9223.367,20520.199
1069.537,100.0,9223.367,20520.199
1070.557,100.0,9223.367,20520.199
1071.576,100.0,9223.367,20520.199
1072.596,100.0,9223.367,20520.199
1073.615,100.0,9223.367,20520.199
1074.635,100.0,9223.367,20520.199
1075.654,100.1,9223.367,20520.199
1076.674,101.0,9223.367,20520.199
1077.693,100.0,9223.367,20520.199
1078.713,99.1,9223.367,20520.199
1079.733,100.0,9223.367,20520.199
1080.752,100.0,9223.367,20520.199
1081.772,100.0,9223.367,20520.199
1082.792,100.0,9223.367,20520.199
1083.811,100.0,9223.367,20520.199
1084.831,100.0,9223.367,20520.199
1085.851,100.0,9223.367,20520.199
1086.871,101.0,9223.367,20520.199
1087.89,100.0,9223.367,20520.199
1088.91,99.1,9223.367,20520.199
1089.929,100.1,9223.367,20520.199
1090.949,101.0,9223.367,20520.199
1091.968,99.1,9223.367,20520.199
1092.988,101.0,9223.367,20520.199
1094.008,99.1,9223.367,20520.199
1095.027,100.1,9223.367,20520.199
1096.047,100.0,9223.367,20520.199
1097.066,100.0,9223.367,20520.199
1098.086,100.0,9223.367,20520.199
1099.105,100.0,9223.367,20520.199
1100.125,100.0,9223.367,20520.199
1101.145,100.0,9223.367,20520.199
1102.164,101.0,9223.367,20520.199
1103.184,100.0,9223.367,20520.199
1104.203,100.1,9223.367,20520.199
1105.223,99.1,9223.367,20520.199
1106.242,100.0,9223.367,20520.199
1107.262,101.0,9223.367,20520.199
1108.281,100.0,9223.367,20520.199
1109.301,100.0,9223.367,20520.199
1110.321,100.0,9223.367,20520.199
1111.34,100.0,9223.367,20520.199
1112.36,100.0,9223.367,20520.199
1113.38,100.0,9223.367,20520.199
1114.399,100.0,9223.367,20520.199
1115.419,100.0,9223.367,20520.199
1116.438,100.0,9223.367,20520.199
1117.458,100.0,9223.367,20520.199
1118.478,100.0,9223.367,20520.199
1119.496,100.1,9223.367,20520.199
1120.516,100.0,9223.367,20520.199
1121.535,100.0,9223.367,20520.199
1122.555,100.0,9223.367,20520.199
1123.574,100.1,9223.367,20520.199
1124.594,100.0,9223.367,20520.199
1125.614,100.0,9223.367,20520.199
1126.633,101.0,9223.367,20520.199
1127.653,100.0,9223.367,20520.199
1128.672,100.0,9223.367,20520.199
1129.692,99.1,9223.367,20520.199
1130.711,100.0,9223.367,20520.199
1131.731,100.1,9223.367,20520.199
1132.75,100.0,9223.367,20520.199
1133.77,100.0,9223.367,20520.199
1134.79,101.0,9223.367,20520.199
1135.809,99.1,9223.367,20520.199
1136.829,101.0,9223.367,20520.199
1137.848,99.1,9223.367,20520.199
1138.868,101.0,9223.367,20520.199
1139.887,100.0,9223.367,20520.199
1140.907,100.0,9223.367,20520.199
1141.926,99.1,9223.367,20520.199
1142.946,100.1,9223.367,20520.199
1143.966,101.0,9223.367,20520.199
1144.985,100.0,9223.367,20520.199
1146.005,99.0,9223.367,20520.199
1147.025,100.0,9223.367,20520.199
1148.044,101.0,9223.367,20520.199
1149.064,100.0,9223.367,20520.199
1150.083,100.1,9223.367,20520.199
1151.103,100.1,9223.367,20520.199
1152.122,100.0,9223.367,20520.199
1153.142,100.0,9223.367,20520.199
1154.162,100.0,9223.367,20520.199
1155.181,100.0,9223.367,20520.199
1156.201,100.0,9223.367,20520.199
1157.22,100.0,9223.367,20520.199
1158.24,100.0,9223.367,20520.199
1159.259,100.1,9223.367,20520.199
1160.279,100.1,9223.367,20520.199
1161.298,100.0,9223.367,20520.199
1162.318,100.1,9223.367,20520.199
1163.337,100.0,9223.367,20520.199
1164.357,100.0,9223.367,20520.199
1165.377,100.0,9223.367,20520.199
1166.396,101.0,9223.367,20520.199
1167.416,99.1,9223.367,20520.199
1168.435,100.0,9223.367,20520.199
1169.455,100.0,9223.367,20520.199
1170.475,101.0,9223.367,20520.199
1171.494,99.1,9223.367,20520.199
1172.513,100.0,9223.367,20520.199
1173.533,100.0,9223.367,20520.199
1174.552,100.0,9223.367,20520.199
1175.572,100.0,9223.367,20520.199
1176.591,100.0,9223.367,20520.199
1177.611,101.0,9223.367,20520.199
1178.631,99.1,9223.367,20520.199
1179.65,100.0,9223.367,20520.199
1180.67,100.0,9223.367,20520.199
1181.689,100.0,9223.367,20520.199
1182.709,100.1,9223.367,20520.199
1183.728,100.1,9223.367,20520.199
1184.748,101.0,9223.367,20520.199
1185.767,100.0,9223.367,20520.199
1186.787,100.0,9223.367,20520.199
1187.806,100.0,9223.367,20520.199
1188.826,100.0,9223.367,20520.199
1189.846,100.0,9223.367,20520.199
1190.865,100.0,9223.367,20520.199
1191.885,100.0,9223.367,20520.199
1192.904,100.0,9223.367,20520.199
1193.924,100.1,9223.367,20520.199
1194.943,100.1,9223.367,20520.199
1195.963,100.0,9223.367,20520.199
1196.983,100.0,9223.367,20520.199
1198.002,100.0,9223.367,20520.199
1199.022,100.0,9223.367,20520.199
1200.041,101.0,9223.367,20520.199
1201.061,99.1,9223.367,20520.199
1202.08,100.1,9223.367,20520.199
1203.1,100.0,9223.367,20520.199
1204.119,100.1,9223.367,20520.199
1205.139,100.0,9223.367,20520.199
1206.158,100.1,9223.367,20520.199
1207.178,100.0,9223.367,20520.199
1208.198,100.0,9223.367,20520.199
1209.218,101.0,9223.367,20520.199
1210.237,100.0,9223.367,20520.199
1211.257,100.0,9223.367,20520.199
1212.276,100.1,9223.367,20520.199
1213.296,100.0,9223.367,20520.199
1214.315,100.0,9223.367,20520.199
1215.335,99.1,9223.367,20520.199
1216.355,100.0,9223.367,20520.199
1217.374,100.0,9223.367,20520.199
1218.394,100.0,9223.367,20520.199
1219.413,100.1,9223.367,20520.199
1220.432,100.1,9223.367,20520.199
1221.452,100.0,9223.367,20520.199
1222.472,100.0,9223.367,20520.199
1223.49,100.2,9223.367,20520.199
1224.51,100.0,9223.367,20520.199
1225.529,100.1,9223.367,20520.199
1226.549,100.0,9223.367,20520.199
1227.568,100.0,9223.367,20520.199
1228.588,100.0,9223.367,20520.199
1229.607,100.0,9223.367,20520.199
1230.627,100.0,9223.367,20520.199
1231.647,101.0,9223.367,20520.199
1232.666,100.1,9223.367,20520.199
1233.686,100.0,9223.367,20520.199
1234.705,100.1,9223.367,20520.199
1235.725,100.0,9223.367,20520.199
1236.744,100.1,9223.367,20520.199
1237.764,100.0,9223.367,20520.199
1238.783,99.1,9223.367,20520.199
1239.803,100.0,9223.367,20520.199
1240.822,101.0,9223.367,20520.199
1241.842,100.0,9223.367,20520.199
1242.862,100.0,9223.367,20520.199
1243.881,100.0,9223.367,20520.199
1244.901,100.0,9223.367,20520.199
1245.92,100.0,9223.367,20520.199
1246.94,100.0,9223.367,20520.199
1247.959,100.0,9223.367,20520.199
1248.979,100.1,9223.367,20520.199
1249.998,100.0,9223.367,20520.199
1251.018,100.0,9223.367,20520.199
1252.037,100.0,9223.367,20520.199
1253.057,100.1,9223.367,20520.199
1254.076,100.1,9223.367,20520.199
1255.096,100.1,9223.367,20520.199
1256.115,100.1,9223.367,20520.199
1257.135,101.0,9223.367,20520.199
1258.154,100.0,9223.367,20520.199
1259.174,100.0,9223.367,20520.199
1260.193,99.1,9223.367,20520.199
1261.213,100.0,9223.367,20520.199
1262.232,100.0,9223.367,20520.199
1263.252,100.0,9223.367,20520.199
1264.271,100.0,9223.367,20520.199
1265.291,100.0,9223.367,20520.199
1266.31,100.0,9223.367,20520.199
1267.33,100.0,9223.367,20520.199
1268.35,100.0,9223.367,20520.199
1269.37,100.0,9223.367,20520.199
1270.39,100.0,9223.367,20520.199
1271.409,101.0,9223.367,20520.199
1272.429,100.0,9223.367,20520.199
1273.448,100.0,9223.367,20520.199
1274.468,100.0,9223.367,20520.199
1275.487,100.1,9223.367,20520.199
1276.506,100.0,9223.367,20520.199
1277.526,100.0,9223.367,20520.199
1278.545,100.0,9223.367,20520.199
1279.565,100.0,9223.367,20520.199
1280.585,100.0,9223.367,20520.199
1281.604,100.1,9223.367,20520.199
1282.624,100.0,9223.367,20520.199
1283.643,100.0,9223.367,20520.199
1284.663,100.0,9223.367,20520.199
1285.683,100.0,9223.367,20520.199
1286.702,100.0,9223.367,20520.199
1287.722,100.0,9223.367,20520.199
1288.741,100.1,9223.367,20520.199
1289.761,100.0,9223.367,20520.199
1290.78,100.0,9223.367,20520.199
1291.8,100.0,9223.367,20520.199
1292.82,100.0,9223.367,20520.199
1293.839,100.0,9223.367,20520.199
1294.859,100.0,9223.367,20520.199
1295.878,100.1,9223.367,20520.199
1296.898,100.0,9223.367,20520.199
1297.917,100.0,9223.367,20520.199
1298.937,100.0,9223.367,20520.199
1299.957,100.0,9223.367,20520.199
1300.976,100.0,9223.367,20520.199
1301.996,100.0,9223.367,20520.199
1303.015,100.1,9223.367,20520.199
1304.035,100.1,9223.367,20520.199
1305.054,100.0,9223.367,20520.199
1306.074,101.0,9223.367,20520.199
1307.094,99.0,9223.367,20520.199
1308.113,100.0,9223.367,20520.199
1309.133,100.0,9223.367,20520.199
1310.153,100.0,9223.367,20520.199
1311.172,100.0,9223.367,20520.199
1312.192,100.0,9223.367,20520.199
1313.211,100.0,9223.367,20520.199
1314.231,100.0,9223.367,20520.199
1315.251,100.0,9223.367,20520.199
1316.27,100.0,9223.367,20520.199
1317.29,100.0,9223.367,20520.199
1318.31,100.0,9223.367,20520.199
1319.329,100.0,9223.367,20520.199
1320.349,101.0,9223.367,20520.199
1321.369,100.0,9223.367,20520.199
1322.388,100.0,9223.367,20520.199
1323.408,100.0,9223.367,20520.199
1324.427,100.0,9223.367,20520.199
1325.447,100.0,9223.367,20520.199
1326.467,100.0,9223.367,20520.199
1327.486,100.1,9223.367,20520.199
1328.505,100.1,9223.367,20520.199
1329.524,100.0,9223.367,20520.199
1330.544,100.0,9223.367,20520.199
1331.564,100.0,9223.367,20520.199
1332.583,100.0,9223.367,20520.199
1333.603,100.0,9223.367,20520.199
1334.623,100.0,9223.367,20520.199
1335.642,101.0,9223.367,20520.199
1336.662,99.1,9223.367,20520.199
1337.682,100.0,9223.367,20520.199
1338.701,100.0,9223.367,20520.199
1339.721,100.0,9223.367,20520.199
1340.74,100.0,9223.367,20520.199
1341.76,100.0,9223.367,20520.199
1342.779,100.1,9223.367,20520.199
1343.799,100.0,9223.367,20520.199
1344.819,101.0,9223.367,20520.199
1345.838,100.0,9223.367,20520.199
1346.858,100.0,9223.367,20520.199
1347.877,99.1,9223.367,20520.199
1348.897,101.0,9223.367,20520.199
1349.916,99.1,9223.367,20520.199
1350.936,100.0,9223.367,20520.199
1351.955,100.0,9223.367,20520.199
1352.975,101.0,9223.367,20520.199
1353.995,99.1,9223.367,20520.199
1355.014,101.0,9223.367,20520.199
1356.034,100.0,9223.367,20520.199
1357.053,100.0,9223.367,20520.199
1358.073,100.1,9223.367,20520.199
1359.092,100.0,9223.367,20520.199
1360.112,100.0,9223.367,20520.199
1361.131,100.0,9223.367,20520.199
1362.151,100.0,9223.367,20520.199
1363.17,100.0,9223.367,20520.199
1364.19,100.0,9223.367,20520.199
1365.209,99.1,9223.367,20520.199
1366.229,100.0,9223.367,20520.199
1367.249,101.0,9223.367,20520.199
1368.268,100.0,9223.367,20520.199
1369.288,100.0,9223.367,20520.199
1370.307,100.0,9223.367,20520.199
1371.327,100.0,9223.367,20520.199
1372.347,100.0,9223.367,20520.199
1373.366,100.0,9223.367,20520.199
1374.386,100.0,9223.367,20520.199
1375.406,100.0,9223.367,20520.199
1376.425,100.0,9223.367,20520.199
1377.445,100.0,9223.367,20520.199
1378.464,100.0,9223.367,20520.199
1379.483,100.1,9223.367,20520.199
1380.502,100.2,9223.367,20520.199
1381.521,100.0,9223.367,20520.199
1382.541,100.0,9223.367,20520.199
1383.56,100.0,9223.367,20520.199
1384.58,100.0,9223.367,20520.199
1385.6,101.0,9223.367,20520.199
1386.619,99.1,9223.367,20520.199
1387.639,101.0,9223.367,20520.199
1388.659,99.1,9223.367,20520.199
1389.679,100.0,9223.367,20520.199
1390.698,100.0,9223.367,20520.199
1391.718,100.0,9223.367,20520.199
1392.738,101.0,9223.367,20520.199
1393.757,100.0,9223.367,20520.199
1394.777,100.0,9223.367,20520.199
1395.797,100.0,9223.367,20520.199
1396.816,100.0,9223.367,20520.199
1397.836,100.0,9223.367,20520.199
1398.855,100.0,9223.367,20520.199
1399.875,100.1,9223.367,20520.199
1400.895,100.0,9223.367,20520.199
1401.914,100.0,9223.367,20520.199
1402.934,100.0,9223.367,20520.199
1403.953,100.0,9223.367,20520.199
1404.973,100.0,9223.367,20520.199
1405.992,100.0,9223.367,20520.199
1407.012,100.0,9223.367,20520.199
1408.031,100.0,9223.367,20520.199
1409.051,100.0,9223.367,20520.199
1410.07,100.1,9223.367,20520.199
1411.09,100.0,9223.367,20520.199
1412.11,100.0,9223.367,20520.199
1413.129,100.1,9223.367,20520.199
1414.149,100.0,9223.367,20520.199
1415.168,100.0,9223.367,20520.199
1416.188,100.0,9223.367,20520.199
1417.207,100.1,9223.367,20520.199
1418.227,100.0,9223.367,20520.199
1419.246,100.1,9223.367,20520.199
1420.266,100.0,9223.367,20520.199
1421.285,100.0,9223.367,20520.199
1422.305,100.1,9223.367,20520.199
1423.324,100.0,9223.367,20520.199
1424.344,101.0,9223.367,20520.199
1425.364,100.0,9223.367,20520.199
1426.383,100.0,9223.367,20520.199
1427.403,100.0,9223.367,20520.199
1428.422,100.0,9223.367,20520.199
1429.442,100.0,9223.367,20520.199
1430.461,100.1,9223.367,20520.199
1431.48,100.1,9223.367,20520.199
1432.499,99.2,9223.367,20520.199
1433.518,100.0,9223.367,20520.199
1434.538,100.0,9223.367,20520.199
1435.558,100.0,9223.367,20520.199
1436.577,100.0,9223.367,20520.199
1437.597,101.0,9223.367,20520.199
1438.617,100.0,9223.367,20520.199
1439.636,100.0,9223.367,20520.199
1440.656,100.0,9223.367,20520.199
1441.675,99.1,9223.367,20520.199
1442.695,100.0,9223.367,20520.199
1443.715,101.0,9223.367,20520.199
1444.734,100.1,9223.367,20520.199
1445.754,100.0,9223.367,20520.199
1446.773,100.0,9223.367,20520.199
1447.793,100.0,9223.367,20520.199
1448.813,100.0,9223.367,20520.199
1449.833,100.0,9223.367,20520.199
1450.852,100.0,9223.367,20520.199
1451.872,100.0,9223.367,20520.199
1452.892,100.0,9223.367,20520.199
1453.911,100.1,9223.367,20520.199
1454.931,100.0,9223.367,20520.199
1455.95,100.0,9223.367,20520.199
1456.97,101.0,9223.367,20520.199
1457.99,100.0,9223.367,20520.199
1459.009,99.1,9223.367,20520.199
1460.029,100.0,9223.367,20520.199
1461.049,100.0,9223.367,20520.199
1462.068,101.0,9223.367,20520.199
1463.088,99.0,9223.367,20520.199
1464.107,100.0,9223.367,20520.199
1465.127,100.0,9223.367,20520.199
1466.147,100.0,9223.367,20520.199
1467.166,100.1,9223.367,20520.199
1468.186,100.1,9223.367,20520.199
1469.205,100.0,9223.367,20520.199
1470.225,100.0,9223.367,20520.199
1471.244,100.1,9223.367,20520.199
1472.264,100.0,9223.367,20520.199
1473.283,101.0,9223.367,20520.199
1474.303,100.0,9223.367,20520.199
1475.322,100.1,9223.367,20520.199
1476.342,100.0,9223.367,20520.199
1477.362,100.0,9223.367,20520.199
1478.381,100.0,9223.367,20520.199
1479.401,100.0,9223.367,20520.199
1480.42,99.1,9223.367,20520.199
1481.44,100.0,9223.367,20520.199
1482.459,100.0,9223.367,20520.199
1483.479,100.1,9223.367,20520.199
1484.497,100.1,9223.367,20520.199
1485.517,101.0,9223.367,20520.199
1486.537,100.0,9223.367,20520.199
1487.556,100.0,9223.367,20520.199
1488.576,100.0,9223.367,20520.199
1489.595,100.0,9223.367,20520.199
1490.615,99.1,9223.367,20520.199
1491.635,100.0,9223.367,20520.199
1492.654,101.0,9223.367,20520.199
1493.674,100.0,9223.367,20520.199
1494.693,100.1,9223.367,20520.199
1495.713,100.0,9223.367,20520.199
1496.732,100.1,9223.367,20520.199
1497.752,100.0,9223.367,20520.199
1498.771,100.0,9223.367,20520.199
1499.791,100.0,9223.367,20520.199
1500.811,100.0,9223.367,20520.199
1501.83,100.1,9223.367,20520.199
1502.85,100.0,9223.367,20520.199
1503.869,100.1,9223.367,20520.199
1504.889,101.0,9223.367,20520.199
1505.908,99.1,9223.367,20520.199
1506.928,100.0,9223.367,20520.199
1507.948,100.0,9223.367,20520.199
1508.968,100.0,9223.367,20520.199
1509.988,100.0,9223.367,20520.199
1511.007,101.0,9223.367,20520.199
1512.027,100.0,9223.367,20520.199
1513.046,100.1,9223.367,20520.199
1514.066,99.1,9223.367,20520.199
1515.085,100.0,9223.367,20520.199
1516.105,100.0,9223.367,20520.199
1517.124,101.0,9223.367,20520.199
1518.144,100.0,9223.367,20520.199
1519.163,100.0,9223.367,20520.199
1520.183,100.0,9223.367,20520.199
1521.203,100.0,9223.367,20520.199
1522.222,100.0,9223.367,20520.199
1523.242,100.1,9223.367,20520.199
1524.261,100.0,9223.367,20520.199
1525.281,100.0,9223.367,20520.199
1526.301,100.0,9223.367,20520.199
1527.32,100.0,9223.367,20520.199
1528.34,100.0,9223.367,20520.199
1529.36,100.0,9223.367,20520.199
1530.379,100.0,9223.367,20520.199
1531.399,100.0,9223.367,20520.199
1532.418,100.0,9223.367,20520.199
1533.438,100.0,9223.367,20520.199
1534.458,100.0,9223.367,20520.199
1535.477,100.1,9223.367,20520.199
1536.496,100.2,9223.367,20520.199
1537.515,100.0,9223.367,20520.199
1538.535,100.0,9223.367,20520.199
1539.555,100.0,9223.367,20520.199
1540.574,100.0,9223.367,20520.199
1541.594,100.0,9223.367,20520.199
1542.613,101.0,9223.367,20520.199
1543.633,99.1,9223.367,20520.199
1544.652,101.0,9223.367,20520.199
1545.672,100.0,9223.367,20520.199
1546.692,100.0,9223.367,20520.199
1547.711,100.0,9223.367,20520.199
1548.731,99.1,9223.367,20520.199
1549.75,101.0,9223.367,20520.199
1550.77,99.1,9223.367,20520.199
1551.789,100.0,9223.367,20520.199
1552.809,100.0,9223.367,20520.199
1553.829,101.0,9223.367,20520.199
1554.848,100.1,9223.367,20520.199
1555.868,100.0,9223.367,20520.199
1556.887,100.0,9223.367,20520.199
1557.907,99.1,9223.367,20520.199
1558.926,100.1,9223.367,20520.199
1559.946,101.0,9223.367,20520.199
1560.966,99.0,9223.367,20520.199
1561.985,101.0,9223.367,20520.199
1563.005,100.0,9223.367,20520.199
1564.024,100.1,9223.367,20520.199
1565.044,100.0,9223.367,20520.199
1566.063,100.1,9223.367,20520.199
1567.083,100.0,9223.367,20520.199
1568.103,100.0,9223.367,20520.199
1569.123,100.0,9223.367,20520.199
1570.142,100.0,9223.367,20520.199
1571.162,100.0,9223.367,20520.199
1572.181,100.1,9223.367,20520.199
1573.201,100.0,9223.367,20520.199
1574.22,100.1,9223.367,20520.199
1575.24,100.0,9223.367,20520.199
1576.26,100.0,9223.367,20520.199
1577.279,100.0,9223.367,20520.199
1578.299,100.0,9223.367,20520.199
1579.318,100.0,9223.367,20520.199
1580.338,100.0,9223.367,20520.199
1581.358,100.0,9223.367,20520.199
1582.377,100.0,9223.367,20520.199
1583.397,101.0,9223.367,20520.199
1584.416,100.0,9223.367,20520.199
1585.436,100.0,9223.367,20520.199
1586.456,100.0,9223.367,20520.199
1587.475,100.0,9223.367,20520.199
1588.494,100.1,9223.367,20520.199
1589.513,100.0,9223.367,20520.199
1590.533,100.0,9223.367,20520.199
1591.553,100.0,9223.367,20520.199
1592.572,99.1,9223.367,20520.199
1593.592,101.0,9223.367,20520.199
1594.611,99.1,9223.367,20520.199
1595.631,101.0,9223.367,20520.199
1596.65,100.0,9223.367,20520.199
1597.67,100.0,9223.367,20520.199
1598.689,99.1,9223.367,20520.199
1599.709,101.0,9223.367,20520.199
1600.729,100.0,9223.367,20520.199
1601.748,100.0,9223.367,20520.199
1602.768,100.0,9223.367,20520.199
1603.787,100.1,9223.367,20520.199
1604.807,100.0,9223.367,20520.199
1605.826,100.0,9223.367,20520.199
1606.846,100.0,9223.367,20520.199
1607.865,100.0,9223.367,20520.199
1608.885,100.0,9223.367,20520.199
1609.905,100.0,9223.367,20520.199
1610.924,100.0,9223.367,20520.199
1611.944,100.0,9223.367,20520.199
1612.963,100.0,9223.367,20520.199
1613.983,100.0,9223.367,20520.199
1615.002,100.0,9223.367,20520.199
1616.022,100.0,9223.367,20520.199
1617.041,100.1,9223.367,20520.199
1618.061,101.0,9223.367,20520.199
1619.08,100.0,9223.367,20520.199
1620.1,99.1,9223.367,20520.199
1621.119,100.1,9223.367,20520.199
1622.139,100.0,9223.367,20520.199
1623.158,100.0,9223.367,20520.199
1624.178,100.0,9223.367,20520.199
1625.197,100.1,9223.367,20520.199
1626.217,100.0,9223.367,20520.199
1627.236,100.0,9223.367,20520.199
1628.256,100.0,9223.367,20520.199
1629.276,100.0,9223.367,20520.199
1630.295,101.0,9223.367,20520.199
1631.315,100.0,9223.367,20520.199
1632.334,100.1,9223.367,20520.199
1633.354,100.0,9223.367,20520.199
1634.373,99.1,9223.367,20520.199
1635.393,100.0,9223.367,20520.199
1636.413,100.0,9223.367,20520.199
1637.432,100.0,9223.367,20520.199
1638.452,100.0,9223.367,20520.199
1639.471,100.0,9223.367,20520.199
1640.49,100.1,9223.367,20520.199
1641.51,100.1,9223.367,20520.199
1642.529,100.0,9223.367,20520.199
1643.549,101.0,9223.367,20520.199
1644.569,88.3,9223.82,20519.699
