Elapsed_time,CPU,Real_MB,Virtual_MB
1.01,95.0,169.992,9493.41
2.02,92.1,210.438,9534.352
3.03,100.0,227.188,9551.75
4.049,91.3,321.289,9647.355
5.063,86.8,336.996,9669.496
6.084,86.2,359.684,9694.5
7.104,90.2,394.688,9792.996
8.124,99.0,404.066,9802.785
9.143,100.1,404.066,9802.785
10.163,98.1,404.234,9802.785
11.182,100.1,404.234,9802.785
12.201,99.1,423.188,9822.113
13.221,100.0,423.188,9822.113
14.24,98.1,423.188,9822.113
15.26,100.1,423.32,9822.113
16.279,99.1,423.32,9822.113
17.298,99.2,423.32,9822.113
18.317,99.1,423.32,9822.113
19.337,99.1,423.32,9822.113
20.356,100.1,423.32,9822.113
21.376,100.0,423.32,9822.113
22.395,98.1,423.32,9822.113
23.415,100.1,423.32,9822.113
24.434,99.1,423.32,9822.113
25.453,99.1,423.32,9822.113
26.473,99.1,423.32,9822.113
27.492,100.0,423.32,9822.113
28.512,98.1,423.32,9822.113
29.531,100.0,423.32,9822.113
30.551,99.1,423.32,9822.113
31.57,100.1,423.32,9822.113
32.59,99.1,423.32,9822.113
33.609,99.1,423.32,9822.113
34.629,99.1,423.32,9822.113
35.648,99.0,423.32,9822.113
36.668,100.0,423.32,9822.113
37.687,99.1,423.32,9822.113
38.707,99.1,423.32,9822.113
39.726,100.1,423.32,9822.113
40.745,99.1,423.32,9822.113
41.764,99.2,423.32,9822.113
42.783,99.1,423.32,9822.113
43.803,99.1,423.32,9822.113
44.822,100.1,423.32,9822.113
45.842,98.1,423.32,9822.113
46.861,100.0,423.32,9822.113
47.881,100.0,423.32,9822.113
48.9,99.1,423.32,9822.113
49.92,99.1,423.32,9822.113
50.939,99.1,423.32,9822.113
51.959,100.1,423.32,9822.113
52.978,98.1,423.32,9822.113
53.997,100.0,423.32,9822.113
55.017,99.1,423.32,9822.113
56.036,99.1,423.32,9822.113
57.056,100.1,423.32,9822.113
58.075,99.1,423.32,9822.113
59.095,99.1,423.32,9822.113
60.114,100.1,423.32,9822.113
61.134,99.1,423.32,9822.113
62.153,100.0,423.32,9822.113
63.173,99.1,423.32,9822.113
64.192,99.1,423.32,9822.113
65.212,100.1,423.32,9822.113
66.231,99.1,423.32,9822.113
67.251,99.1,423.32,9822.113
68.27,100.0,423.32,9822.113
69.29,99.1,509.125,20420.293
70.31,99.9,509.125,20420.293
71.33,100.0,724.832,20420.293
72.353,100.7,1196.629,20420.293
73.373,100.0,1319.668,20490.293
74.393,100.0,1330.754,20778.293
75.413,100.0,1354.215,21377.293
76.433,100.0,1402.684,22617.293
77.453,100.0,1503.23,25190.293
78.473,100.0,1644.512,28807.293
79.493,101.3,7216.559,39758.398
80.51,101.3,14336.414,39758.398
81.527,101.3,19209.105,39759.527
82.552,101.3,7855.098,20489.781
83.571,100.0,7858.41,20493.91
84.591,100.0,8901.207,21582.406
85.611,100.0,10568.48,23324.406
86.631,100.0,12510.84,25354.406
87.651,100.0,13955.105,26863.406
88.671,86.3,15012.551,27967.035
89.69,99.1,15182.383,28102.059
90.71,100.0,16177.125,35206.312
91.73,100.0,18255.125,35206.312
92.749,101.1,20391.125,35206.312
93.769,99.0,22287.402,35206.312
94.789,100.0,22607.941,42310.566
95.808,100.1,25199.941,42310.566
96.828,101.0,27791.941,42310.566
97.847,100.0,29391.68,42310.566
98.867,99.0,30817.172,52966.949
99.887,101.0,33509.172,52966.949
100.907,100.0,36209.172,52966.949
101.927,100.0,38911.172,52966.949
102.948,100.0,40076.676,52966.949
103.968,100.0,40130.688,52966.949
104.988,100.0,40130.688,52966.949
106.008,100.0,40130.688,52966.949
107.028,101.0,40435.867,56519.078
108.047,99.1,41151.867,56519.078
109.067,100.0,41867.867,56519.078
110.087,100.0,42585.867,56519.078
111.107,101.0,43303.867,56519.078
112.127,100.0,43682.855,56519.078
113.146,100.0,31788.391,45862.699
114.166,100.0,33504.391,49414.828
115.186,99.0,34220.391,49414.828
116.206,101.0,34936.391,49414.828
117.226,100.0,35654.391,49414.828
118.246,100.0,36370.391,49414.828
119.265,100.0,37298.707,56519.086
120.285,100.0,41934.707,56519.086
121.305,100.0,43678.793,56519.086
122.325,100.1,43678.793,56519.086
123.344,101.0,43679.051,56519.086
124.364,100.0,43679.309,56519.086
125.384,100.0,43679.309,56519.086
126.404,100.0,43679.566,56519.086
127.423,100.0,43679.824,56519.086
128.443,100.1,43679.824,56519.086
129.462,100.0,43680.082,56519.086
130.482,100.0,43680.34,56519.086
131.502,100.0,43680.34,56519.086
132.521,100.0,43680.598,56519.086
133.541,100.0,43680.855,56519.086
134.56,100.0,43680.855,56519.086
135.58,100.0,43681.113,56519.086
136.6,100.0,43681.113,56519.086
137.619,100.0,43681.371,56519.086
138.64,100.0,43681.629,56519.086
139.659,100.0,43681.629,56519.086
140.679,100.0,43681.887,56519.086
141.698,100.0,43682.145,56519.086
142.718,100.0,43682.145,56519.086
143.737,100.1,43682.402,56519.086
144.756,100.2,43682.66,56519.086
145.776,100.0,43682.66,56519.086
146.795,100.0,43682.918,56519.086
147.815,100.0,43682.918,56519.086
148.835,101.0,46984.992,63623.344
149.855,100.0,50784.992,63623.344
150.874,100.0,50784.992,63623.344
151.894,100.0,50785.227,63623.344
152.914,100.0,50785.227,63623.344
153.933,100.0,50785.227,63623.344
154.953,100.0,50785.484,63623.344
155.973,100.0,50785.484,63623.344
156.992,100.0,50785.742,63623.344
158.012,100.0,50785.742,63623.344
159.031,100.0,50785.742,63623.344
160.051,100.0,50786.0,63623.344
161.071,100.1,50786.0,63623.344
162.09,100.0,50786.0,63623.344
163.11,100.1,50786.258,63623.344
164.13,100.0,50786.258,63623.344
165.149,100.0,50786.258,63623.344
166.169,100.0,50786.516,63623.344
167.188,100.0,50786.516,63623.344
168.208,100.0,50786.516,63623.344
169.228,100.0,50786.773,63623.344
170.247,100.0,50786.773,63623.344
171.267,100.0,50786.773,63623.344
172.286,100.0,50787.031,63623.344
173.306,100.1,50787.031,63623.344
174.326,100.0,50787.031,63623.344
175.345,101.0,43682.922,56519.086
176.365,100.0,43682.922,56519.086
177.384,100.0,43682.922,56519.086
178.404,100.0,43683.73,56519.086
179.424,100.0,44651.855,57606.117
180.444,100.0,44771.199,57606.117
181.464,100.0,45285.184,58693.148
182.484,100.0,45890.801,59055.492
183.503,101.0,43284.859,56228.051
184.523,100.0,44115.656,56952.738
185.543,100.0,44117.203,56952.738
186.562,100.0,44118.492,56952.738
187.582,99.1,44841.125,57677.426
188.602,100.0,44842.156,57677.426
189.621,100.0,44843.188,57677.426
190.641,101.0,44373.16,57713.145
191.661,100.0,45397.359,58473.551
192.681,100.0,46144.711,58980.488
193.701,100.0,46146.258,58980.488
194.721,100.0,46652.543,59487.426
195.739,100.1,46653.059,59487.426
196.758,100.1,46243.578,59307.113
197.778,100.0,28969.133,41803.504
198.797,100.0,29186.258,42021.254
199.817,100.0,29917.512,42817.379
200.837,100.0,30056.699,42890.535
201.857,100.0,30060.496,42890.535
202.877,100.0,31306.828,44827.699
203.897,101.0,33753.516,46764.863
204.916,99.0,31998.125,44827.699
205.936,100.0,33872.25,46764.863
206.956,100.0,33936.25,46764.863
207.976,100.0,34452.57,47410.586
208.995,100.0,35613.355,48702.031
210.015,101.0,37161.809,49993.477
211.035,100.0,37162.582,49993.477
212.054,100.0,37163.355,49993.477
213.074,100.0,37163.871,49993.477
214.094,100.0,37164.645,49993.477
215.113,100.0,37164.902,49993.477
216.133,99.0,38455.219,51284.922
217.153,100.0,38455.477,51284.922
218.173,101.0,38455.734,51284.922
219.192,100.0,38455.992,51284.922
220.212,100.0,38456.25,51284.922
221.232,100.0,37165.062,49993.477
222.251,100.0,37872.953,50698.738
223.271,100.0,38578.191,51404.004
224.291,100.0,38926.793,51756.637
225.31,100.0,38930.145,51756.637
226.33,100.0,39288.836,52812.23
227.35,100.0,40080.555,53281.641
228.37,100.0,41119.176,54220.461
229.389,100.0,42331.934,55159.281
230.409,100.0,42332.707,55159.281
231.429,100.0,42333.48,55159.281
232.448,100.0,42334.254,55159.281
233.468,101.0,43272.488,56098.102
234.488,100.0,43272.711,56098.102
235.507,100.0,43272.969,56098.102
236.527,100.0,43273.227,56098.102
237.547,100.0,42546.406,55688.227
238.567,100.0,43606.105,57096.453
239.587,100.0,44272.391,57096.453
240.606,101.0,44275.562,57096.453
241.626,99.0,44837.301,57657.828
242.646,101.0,45884.973,58780.578
243.666,100.0,46333.195,59154.828
244.686,100.0,46334.742,59154.828
245.705,99.0,46707.82,59529.078
246.725,100.0,46709.109,59529.078
247.744,101.1,30454.785,43262.223
248.764,100.0,30455.648,43262.223
249.784,100.0,31289.348,44096.656
250.804,100.0,31498.23,44305.266
251.823,100.0,31981.547,44970.949
252.843,100.0,31851.551,44658.039
253.863,100.0,32562.094,45368.582
254.883,100.0,32676.277,46079.125
255.903,100.0,33469.492,46315.973
256.923,100.0,34455.328,47263.363
257.942,100.0,34457.133,47263.363
258.962,100.0,34929.758,47737.059
259.982,100.0,34930.789,47737.059
261.002,101.0,34552.516,47356.957
262.021,99.0,35420.746,48281.355
263.041,101.0,36375.547,49182.262
264.061,100.0,36378.125,49182.262
265.08,100.0,36828.359,49632.715
266.1,100.0,36828.535,49632.715
267.12,100.0,37148.168,50129.902
268.14,99.0,37113.156,49904.676
269.16,101.0,37282.383,55313.098
270.18,100.0,39560.383,55313.098
271.2,100.0,41836.383,55313.098
272.22,100.0,44273.047,57115.906
273.24,101.0,46770.785,60721.52
274.26,99.0,42521.965,55313.098
275.28,100.0,43007.309,60721.52
276.299,100.0,45285.309,60721.52
277.319,100.0,47565.309,60721.52
278.339,101.0,44631.234,60789.059
279.359,100.0,47159.234,60789.059
280.379,100.0,42589.738,55380.637
281.398,99.1,42843.734,57183.445
282.418,101.0,43555.734,57183.445
283.438,100.0,44267.734,57183.445
284.458,99.0,44143.16,58707.816
285.477,101.0,44853.16,58707.816
286.497,100.0,45567.16,58707.816
287.517,100.0,46921.062,62313.434
288.537,100.0,49519.062,62313.434
289.557,101.0,49519.266,62313.434
290.576,100.0,49519.523,62313.434
291.596,100.0,49519.781,62313.434
292.615,100.0,49520.039,62313.434
293.635,100.0,49520.297,62313.434
294.655,100.0,49520.555,62313.434
295.674,100.0,49520.812,62313.434
296.694,100.0,49521.07,62313.434
297.714,100.0,49521.328,62313.434
298.733,100.0,49521.586,62313.434
299.752,100.1,49521.844,62313.434
300.772,100.0,49522.102,62313.434
301.791,100.0,49522.359,62313.434
302.811,100.0,49522.617,62313.434
303.831,100.0,49522.633,62313.434
304.851,100.0,50950.863,63744.988
305.871,100.0,50951.121,63744.988
306.89,100.0,50951.379,63744.988
307.911,100.0,50951.637,63744.988
308.931,100.0,50951.895,63744.988
309.95,100.0,50952.152,63744.988
310.97,100.0,50952.41,63744.988
311.99,100.0,50952.668,63744.988
313.009,100.0,50952.926,63744.988
314.029,100.0,50953.184,63744.988
315.049,100.0,50953.441,63744.988
316.069,100.0,50953.699,63744.988
317.088,100.0,50953.957,63744.988
318.108,100.0,50953.957,63744.988
319.128,101.0,47348.57,60139.371
320.147,100.0,47348.57,60139.371
321.167,100.0,47483.957,60275.336
322.186,100.0,47529.293,60320.742
323.206,100.0,49659.047,65661.441
324.226,100.0,51941.047,65661.441
325.246,100.0,54358.754,67441.676
326.266,100.0,56883.5,71002.141
327.286,100.0,42481.102,56961.395
328.305,100.0,43193.102,56961.395
329.325,100.0,43905.102,56961.395
330.344,101.0,45490.184,58741.629
331.364,100.0,46572.184,60521.863
332.384,100.0,47284.184,60521.863
333.404,100.0,48148.699,64082.332
334.423,99.0,51288.699,64082.332
335.443,100.0,51288.754,64082.332
336.463,100.0,51289.012,64082.332
337.482,100.0,51289.27,64082.332
338.502,101.0,51289.27,64082.332
339.522,100.0,51289.527,64082.332
340.541,100.0,51289.785,64082.332
341.561,100.0,51289.785,64082.332
342.581,100.0,51290.043,64082.332
343.6,101.0,51290.301,64082.332
344.62,100.0,51290.301,64082.332
345.64,100.0,51290.559,64082.332
346.659,100.0,51290.816,64082.332
347.679,100.0,51290.816,64082.332
348.699,100.0,51291.074,64082.332
349.718,100.0,52955.262,67642.801
350.738,100.1,54847.605,67642.801
351.756,100.1,54847.863,67642.801
352.776,100.0,54848.121,67642.801
353.796,100.0,54848.379,67642.801
354.815,100.0,54848.895,67642.801
355.835,100.0,54849.152,67642.801
356.855,100.0,54849.41,67642.801
357.874,100.0,54849.668,67642.801
358.894,100.0,54850.184,67642.801
359.914,100.0,54850.441,67642.801
360.933,100.0,54850.699,67642.801
361.953,100.0,54850.957,67642.801
362.973,100.0,54851.473,67642.801
363.992,100.0,54851.473,67642.801
365.012,100.0,51291.125,64082.332
366.032,100.0,51336.277,64127.484
367.051,100.0,52288.91,69468.184
368.072,101.0,54576.91,69468.184
369.092,100.0,56880.27,71248.418
370.112,99.0,59384.828,74808.883
371.131,101.0,61912.828,74808.883
372.151,100.0,56676.977,69468.184
373.171,100.0,57314.059,70420.051
374.191,100.0,57628.863,70420.051
375.211,100.0,58641.52,71689.207
376.231,100.0,58868.41,71689.207
377.251,100.0,60165.34,72958.363
378.27,100.0,60166.371,72958.363
379.29,100.0,60167.145,72958.363
380.31,100.0,60799.973,73592.941
381.329,100.0,60801.004,73592.941
382.349,100.0,60801.777,73592.941
383.369,100.0,60314.48,73910.363
384.388,101.0,61326.426,74207.84
385.408,99.1,62606.047,75397.746
386.428,100.0,62606.305,75397.746
387.447,100.0,62606.82,75397.746
388.467,101.0,63199.469,75992.699
389.487,100.0,63200.758,75992.699
390.506,100.0,62606.852,75397.746
391.526,100.0,63923.457,76924.758
392.546,98.0,47875.0,60665.805
393.566,100.0,47875.004,60665.805
394.583,100.3,47875.004,60665.805
395.6,100.3,47875.004,60665.805
396.618,99.3,47875.004,60665.805
397.635,99.3,47875.004,60665.805
398.652,100.3,47875.004,60665.805
399.669,100.3,47875.004,60665.805
400.687,99.3,47875.004,60665.805
401.704,100.3,47875.004,60665.805
402.721,99.3,47875.004,60665.805
403.737,99.4,47875.004,60665.805
404.754,98.4,47875.02,60665.805
405.772,99.2,47875.02,60665.805
406.79,100.3,47875.02,60665.805
407.807,100.3,47875.02,60665.805
408.824,99.3,47875.02,60665.805
409.841,100.3,47875.02,60665.805
410.859,99.3,47875.02,60665.805
411.876,99.3,47875.02,60665.805
412.893,100.3,47880.938,60665.805
413.912,100.1,47880.938,60665.805
414.929,100.3,47880.938,60665.805
415.946,99.3,47880.938,60665.805
416.964,99.3,47880.938,60665.805
417.981,99.3,47880.938,60665.805
418.998,101.3,47880.938,60665.805
420.015,99.3,47880.938,60665.805
421.033,99.3,47880.938,60665.805
422.05,100.3,47880.938,60665.805
423.067,99.3,47880.938,60665.805
424.084,99.3,47892.914,60665.805
425.103,100.1,47892.914,60665.805
426.121,100.3,47892.914,60665.805
427.138,100.3,47892.914,60665.805
428.156,99.2,47892.914,60665.805
429.173,99.3,47892.914,60665.805
430.191,100.3,47892.914,60665.805
431.208,99.3,47892.914,60665.805
432.225,100.3,47892.914,60665.805
433.242,100.3,47892.914,60665.805
434.26,99.3,47892.914,60665.805
435.277,100.3,47892.914,60665.805
436.294,99.3,47892.914,60665.805
437.311,100.3,47892.914,60665.805
438.328,99.3,47893.957,60665.805
439.347,99.2,47893.957,60665.805
440.364,100.3,47893.957,60665.805
441.381,100.3,47893.957,60665.805
442.398,100.3,47893.957,60665.805
443.416,99.3,47913.992,60665.805
444.435,99.1,47913.992,60665.805
445.452,101.3,47913.992,60665.805
446.47,99.3,47913.992,60665.805
447.487,99.3,47913.992,60665.805
448.504,100.3,47913.992,60665.805
449.521,99.3,47913.992,60665.805
450.539,100.3,47913.992,60665.805
451.556,99.3,47913.992,60665.805
452.573,100.3,47913.992,60665.805
453.59,100.3,47913.992,60665.805
454.608,99.3,47913.992,60665.805
455.625,100.3,47913.992,60665.805
456.642,99.3,47913.992,60665.805
457.66,100.3,47913.992,60665.805
458.677,99.3,47913.992,60665.805
459.694,99.3,47913.992,60665.805
460.711,101.3,47913.992,60665.805
461.729,99.3,47913.992,60665.805
462.745,99.4,47913.992,60665.805
463.762,100.3,47913.992,60665.805
464.779,99.3,47913.992,60665.805
465.797,100.3,47913.992,60665.805
466.814,100.3,47913.992,60665.805
467.831,99.3,47913.992,60665.805
468.848,99.3,47913.992,60665.805
469.866,100.3,47913.992,60665.805
470.883,98.3,47935.152,60665.805
471.902,99.1,47935.152,60665.805
472.92,100.3,47935.152,60665.805
473.937,99.3,47935.152,60665.805
474.954,100.3,47935.152,60665.805
475.971,100.3,47935.152,60665.805
476.989,99.3,47935.152,60665.805
478.006,99.3,47935.152,60665.805
479.023,100.3,47935.152,60665.805
480.04,100.3,47935.152,60665.805
481.057,99.3,47935.152,60665.805
482.075,100.3,47935.152,60665.805
483.092,99.3,47935.152,60665.805
484.109,99.3,47935.152,60665.805
485.126,100.3,47935.152,60665.805
486.144,98.3,47935.152,60665.805
487.161,100.3,47935.152,60665.805
488.179,100.2,47935.152,60665.805
489.196,99.3,47937.668,60665.805
490.215,99.1,47937.668,60665.805
491.232,100.3,47937.668,60665.805
492.249,100.3,47937.668,60665.805
493.267,99.3,47937.668,60665.805
494.284,100.2,47937.668,60665.805
495.301,99.3,47937.668,60665.805
496.319,100.3,47937.668,60665.805
497.336,99.3,47937.668,60665.805
498.353,100.3,47937.668,60665.805
499.37,100.3,47937.668,60665.805
500.388,99.3,48042.898,60665.805
501.407,99.1,48042.898,60665.805
502.424,100.3,48042.898,60665.805
503.441,100.3,48042.898,60665.805
504.459,99.3,48042.898,60665.805
505.476,100.3,48042.898,60665.805
506.493,99.3,48042.898,60665.805
507.511,100.3,48042.898,60665.805
508.528,100.3,48042.898,60665.805
509.545,99.3,48042.898,60665.805
510.563,99.3,48042.898,60665.805
511.58,101.3,48042.898,60665.805
512.597,99.3,48042.898,60665.805
513.614,99.3,48042.898,60665.805
514.632,100.3,48042.898,60665.805
515.649,99.3,48042.898,60665.805
516.666,100.3,48042.898,60665.805
517.683,99.3,48042.898,60665.805
518.701,100.3,48042.898,60665.805
519.718,100.3,48042.898,60665.805
520.735,99.3,48042.898,60665.805
521.751,100.4,48042.898,60665.805
522.768,99.3,48042.898,60665.805
523.786,100.3,48042.898,60665.805
524.803,99.3,48042.898,60665.805
525.82,100.3,48042.898,60665.805
526.837,100.3,48042.898,60665.805
527.855,99.3,48042.898,60665.805
528.872,100.3,48042.898,60665.805
529.889,100.3,48042.898,60665.805
530.906,99.3,48042.898,60665.805
531.924,99.3,48042.898,60665.805
532.941,100.3,48042.898,60665.805
533.958,100.3,48042.898,60665.805
534.975,99.3,48042.898,60665.805
535.993,99.3,48042.898,60665.805
537.01,100.3,48042.898,60665.805
538.027,100.3,48042.898,60665.805
539.045,99.3,48042.898,60665.805
540.062,100.3,48042.898,60665.805
541.079,100.3,48042.898,60665.805
542.097,99.3,48042.898,60665.805
543.114,100.3,48042.898,60665.805
544.131,99.3,48042.898,60665.805
545.149,99.3,48042.902,60665.805
546.167,101.2,48042.902,60665.805
547.184,99.3,48043.02,60665.805
548.202,100.2,48043.02,60665.805
549.219,98.3,48043.367,60665.805
550.237,100.2,48043.367,60665.805
551.254,99.3,48043.367,60665.805
552.271,101.3,48043.367,60665.805
553.289,99.3,48043.367,60665.805
554.306,99.3,48043.367,60665.805
555.323,100.3,48043.367,60665.805
556.34,99.3,48062.613,60665.805
557.36,100.0,48062.613,60665.805
558.377,99.3,48062.613,60665.805
559.394,100.3,48062.613,60665.805
560.412,99.3,48062.613,60665.805
561.429,100.2,48062.613,60665.805
562.446,100.3,48062.613,60665.805
563.464,99.3,48062.613,60665.805
564.481,100.3,48062.613,60665.805
565.498,99.3,48062.613,60665.805
566.515,99.3,48062.613,60665.805
567.533,100.3,48062.613,60665.805
568.55,99.3,48062.613,60665.805
569.567,100.3,48062.613,60665.805
570.584,100.3,48062.613,60665.805
571.602,99.3,48062.613,60665.805
572.619,100.3,48062.613,60665.805
573.636,99.3,48062.613,60665.805
574.653,100.3,48062.613,60665.805
575.671,99.3,48062.613,60665.805
576.688,100.3,48062.613,60665.805
577.705,100.3,48062.613,60665.805
578.722,98.3,48062.613,60665.805
579.739,100.3,48062.613,60665.805
580.755,99.4,48062.613,60665.805
581.773,100.3,48062.613,60665.805
582.79,100.3,48062.613,60665.805
583.807,99.3,48062.613,60665.805
584.824,100.3,48062.613,60665.805
585.842,99.3,48062.613,60665.805
586.859,99.3,48062.613,60665.805
587.876,101.2,48062.613,60665.805
588.893,99.3,48062.613,60665.805
589.911,100.3,48062.613,60665.805
590.928,99.3,48062.613,60665.805
591.945,100.3,48062.613,60665.805
592.962,99.3,48062.613,60665.805
593.98,100.3,48062.613,60665.805
594.997,100.3,48062.613,60665.805
596.014,99.3,48062.613,60665.805
597.031,100.3,48062.613,60665.805
598.049,99.3,48062.613,60665.805
599.066,99.3,48077.594,60665.805
600.085,100.0,48077.594,60665.805
601.103,99.3,48077.594,60665.805
602.12,100.3,48077.594,60665.805
603.137,99.3,48077.594,60665.805
604.155,100.3,48077.594,60665.805
605.172,100.2,48077.594,60665.805
606.189,99.3,48077.594,60665.805
607.207,99.3,48077.594,60665.805
608.224,101.2,48077.594,60665.805
609.242,99.3,48077.594,60665.805
610.259,99.3,48077.594,60665.805
611.276,99.3,48077.594,60665.805
612.294,100.3,48077.594,60665.805
613.311,100.3,48077.594,60665.805
614.328,99.3,48077.594,60665.805
615.345,100.3,48077.594,60665.805
616.363,99.3,48077.594,60665.805
617.38,100.3,48077.594,60665.805
618.397,99.3,48077.594,60665.805
619.414,100.3,48077.594,60665.805
620.432,100.3,48077.594,60665.805
621.449,99.3,48077.594,60665.805
622.466,100.3,48077.594,60665.805
623.483,99.3,48077.594,60665.805
624.5,100.3,48077.594,60665.805
625.519,99.2,48077.594,60665.805
626.536,100.3,48077.594,60665.805
627.554,100.3,48077.594,60665.805
628.571,99.3,48095.684,60665.805
629.588,100.2,48095.684,60665.805
630.606,99.3,48095.684,60665.805
631.623,99.3,48095.684,60665.805
632.64,100.3,48095.684,60665.805
633.657,99.3,48095.684,60665.805
634.675,100.3,48095.684,60665.805
635.692,100.3,48095.684,60665.805
636.709,99.3,48095.684,60665.805
637.727,100.3,48095.684,60665.805
638.743,99.4,48095.684,60665.805
639.76,99.3,48095.684,60665.805
640.778,100.3,48095.684,60665.805
641.795,99.3,48095.684,60665.805
642.812,100.3,48095.684,60665.805
643.829,100.3,48095.684,60665.805
644.847,99.3,48095.684,60665.805
645.864,100.3,48095.684,60665.805
646.881,99.3,48095.684,60665.805
647.899,99.3,48095.684,60665.805
648.916,100.3,48095.684,60665.805
649.934,100.2,48095.684,60665.805
650.951,100.3,48095.684,60665.805
651.968,99.3,48095.684,60665.805
652.985,99.3,48095.684,60665.805
654.002,100.3,48095.684,60665.805
655.02,100.3,48095.684,60665.805
656.037,99.3,48095.684,60665.805
657.054,99.3,48095.684,60665.805
658.072,101.3,48095.684,60665.805
659.089,99.3,48095.684,60665.805
660.106,99.3,48095.684,60665.805
661.123,100.3,48095.684,60665.805
662.14,99.3,48095.684,60665.805
663.158,100.3,48095.684,60665.805
664.177,99.1,48095.684,60665.805
665.194,100.3,48095.684,60665.805
666.211,99.3,48095.684,60665.805
667.229,100.3,48095.684,60665.805
668.247,100.2,48095.684,60665.805
669.264,99.3,48095.684,60665.805
670.281,99.3,48095.684,60665.805
671.299,100.3,48095.684,60665.805
672.316,100.2,48095.684,60665.805
673.333,99.3,48095.684,60665.805
674.351,100.3,48095.684,60665.805
675.368,99.3,48095.684,60665.805
676.385,100.3,48095.684,60665.805
677.402,100.3,48095.684,60665.805
678.42,99.3,48095.684,60665.805
679.437,99.3,48095.684,60665.805
680.454,100.3,48095.684,60665.805
681.471,100.3,48095.684,60665.805
682.488,99.3,48095.684,60665.805
683.506,99.3,48095.684,60665.805
684.523,100.3,48095.684,60665.805
685.54,100.3,48095.684,60665.805
686.557,99.3,48095.684,60665.805
687.577,99.1,48095.684,60665.805
688.594,101.3,48095.684,60665.805
689.611,99.3,48095.684,60665.805
690.628,99.3,48095.684,60665.805
691.646,100.3,48095.684,60665.805
692.663,99.3,48095.684,60665.805
693.68,100.3,48095.684,60665.805
694.698,100.3,48095.684,60665.805
695.715,99.3,48095.684,60665.805
696.732,99.3,48095.684,60665.805
697.748,100.4,48095.684,60665.805
698.766,100.3,48095.684,60665.805
699.783,99.3,48095.684,60665.805
700.8,100.3,48095.684,60665.805
701.818,99.3,48095.684,60665.805
702.835,99.3,48095.684,60665.805
703.852,100.3,48095.684,60665.805
704.869,99.3,48095.684,60665.805
705.887,100.3,48095.684,60665.805
706.904,100.3,48095.684,60665.805
707.921,99.3,48095.684,60665.805
708.938,99.3,48095.684,60665.805
709.955,101.3,48095.684,60665.805
710.973,99.3,48095.684,60665.805
711.992,100.0,48095.684,60665.805
713.01,99.3,48095.684,60665.805
714.027,99.3,48095.684,60665.805
715.044,100.3,48095.684,60665.805
716.062,99.3,48095.684,60665.805
717.079,100.2,48095.684,60665.805
718.096,99.3,48095.684,60665.805
719.114,100.3,48095.684,60665.805
720.131,99.3,48095.684,60665.805
721.148,100.3,48095.684,60665.805
722.166,99.3,48095.684,60665.805
723.183,100.3,48095.684,60665.805
724.2,99.3,48095.684,60665.805
725.217,99.3,48095.684,60665.805
726.236,101.1,48095.684,60665.805
727.253,99.3,48095.684,60665.805
728.271,100.2,48095.684,60665.805
729.288,99.3,48095.684,60665.805
730.306,99.3,48095.684,60665.805
731.323,100.3,48095.684,60665.805
732.34,100.3,48095.684,60665.805
733.357,99.3,48095.684,60665.805
734.375,100.3,48095.684,60665.805
735.392,99.3,48095.684,60665.805
736.409,100.3,48095.684,60665.805
737.426,99.3,48095.684,60665.805
738.444,100.3,48095.684,60665.805
739.461,99.3,48095.684,60665.805
740.478,100.3,48095.684,60665.805
741.496,99.3,48095.684,60665.805
742.513,99.3,48095.684,60665.805
743.53,100.3,48095.684,60665.805
744.547,100.3,48095.684,60665.805
745.565,99.3,48095.684,60665.805
746.582,100.3,48095.684,60665.805
747.599,99.3,48095.684,60665.805
748.617,99.3,48095.684,60665.805
749.634,100.3,48095.684,60665.805
750.651,100.3,48095.684,60665.805
751.668,98.3,48095.684,60665.805
752.688,100.1,48095.684,60665.805
753.705,99.3,48095.684,60665.805
754.722,100.3,48095.684,60665.805
755.738,99.4,48095.684,60665.805
756.754,100.4,48095.684,60665.805
757.772,99.3,48095.684,60665.805
758.789,99.3,48095.684,60665.805
759.806,100.3,48095.684,60665.805
760.823,99.3,48095.684,60665.805
761.841,100.3,48095.684,60665.805
762.858,100.3,48095.684,60665.805
763.875,99.3,48095.684,60665.805
764.893,99.3,48095.684,60665.805
765.91,101.2,48095.684,60665.805
766.927,98.3,48095.699,60665.805
767.947,100.1,48095.777,60665.805
768.964,99.3,48095.777,60665.805
769.981,99.3,48095.777,60665.805
770.999,100.2,48095.777,60665.805
772.016,100.3,48095.777,60665.805
773.033,99.3,48095.777,60665.805
774.051,100.3,48095.777,60665.805
775.068,99.3,48095.777,60665.805
776.085,99.3,48095.777,60665.805
777.103,100.3,48095.777,60665.805
778.12,100.3,48095.777,60665.805
779.137,99.3,48095.777,60665.805
780.155,100.3,48095.777,60665.805
781.172,99.3,48095.777,60665.805
782.189,100.3,48095.777,60665.805
783.207,100.3,48095.777,60665.805
784.224,99.3,48095.777,60665.805
785.241,99.3,48095.777,60665.805
786.258,100.3,48095.777,60665.805
787.276,100.3,48095.777,60665.805
788.294,99.2,48095.777,60665.805
789.311,100.3,48095.777,60665.805
790.328,100.3,48095.777,60665.805
791.346,99.3,48095.777,60665.805
792.363,99.3,48095.777,60665.805
793.38,100.3,48095.777,60665.805
794.397,99.3,48095.777,60665.805
795.415,100.3,48095.777,60665.805
796.432,100.3,48095.777,60665.805
797.449,99.3,48095.777,60665.805
798.467,100.3,48095.777,60665.805
799.484,100.3,48095.777,60665.805
800.501,99.3,48095.777,60665.805
801.519,99.3,48095.777,60665.805
802.536,100.3,48095.777,60665.805
803.553,100.3,48095.777,60665.805
804.571,99.3,48095.777,60665.805
805.588,99.3,48095.777,60665.805
806.605,100.3,48095.777,60665.805
807.623,100.3,48095.777,60665.805
808.64,96.3,48095.781,60665.805
809.657,98.3,48095.781,60665.805
810.674,101.3,48095.781,60665.805
811.692,99.3,48095.781,60665.805
812.709,99.3,48095.781,60665.805
813.726,100.2,48095.781,60665.805
814.743,99.4,48095.781,60665.805
815.76,100.3,48095.781,60665.805
816.777,100.3,48095.781,60665.805
817.795,99.3,48095.781,60665.805
818.812,99.3,48095.781,60665.805
819.829,100.3,48095.781,60665.805
820.846,99.3,48095.781,60665.805
821.864,100.3,48095.781,60665.805
822.881,99.3,48095.781,60665.805
823.898,100.3,48095.781,60665.805
824.916,100.3,48095.781,60665.805
825.933,99.3,48095.781,60665.805
826.95,100.3,48095.781,60665.805
827.967,99.3,48095.781,60665.805
828.985,99.3,48095.781,60665.805
830.002,100.3,48095.781,60665.805
831.019,100.3,48095.781,60665.805
832.037,99.3,48095.781,60665.805
833.054,99.3,48095.781,60665.805
834.071,101.2,48095.781,60665.805
835.089,99.3,48095.781,60665.805
836.106,99.3,48095.781,60665.805
837.123,100.3,48095.781,60665.805
838.14,99.3,48095.781,60665.805
839.158,100.3,48095.781,60665.805
840.175,100.2,48148.281,60665.805
841.195,99.1,48148.473,60665.805
842.212,99.3,48148.473,60665.805
843.229,100.3,48148.473,60665.805
844.247,100.3,48148.473,60665.805
845.264,99.3,48148.473,60665.805
846.281,100.2,48148.473,60665.805
847.299,97.3,48148.473,60665.805
848.317,99.2,48148.473,60665.805
849.334,101.2,48148.473,60665.805
850.351,99.3,48148.473,60665.805
851.369,99.3,48148.473,60665.805
852.386,99.3,48148.473,60665.805
853.403,101.3,48148.473,60665.805
854.421,99.3,48148.473,60665.805
855.438,100.3,48148.473,60665.805
856.456,98.3,48148.473,60665.805
857.473,101.2,48148.473,60665.805
858.49,99.3,48148.473,60665.805
859.508,100.3,48148.473,60665.805
860.525,100.3,48148.473,60665.805
861.542,99.3,48148.473,60665.805
862.56,99.3,48148.473,60665.805
863.577,100.3,48148.473,60665.805
864.594,99.3,48148.473,60665.805
865.612,100.3,48148.473,60665.805
866.629,100.3,48148.473,60665.805
867.646,99.3,48148.473,60665.805
868.664,100.3,48148.473,60665.805
869.681,99.3,48148.473,60665.805
870.698,100.3,48148.473,60665.805
871.716,99.3,48148.473,60665.805
872.733,100.3,48148.473,60665.805
873.75,99.3,48148.473,60665.805
874.767,100.3,48148.473,60665.805
875.785,99.3,48148.473,60665.805
876.802,100.2,48148.473,60665.805
877.819,100.3,48148.473,60665.805
878.837,99.3,48148.473,60665.805
879.854,99.3,48148.473,60665.805
880.871,100.3,48148.473,60665.805
881.889,100.3,48148.473,60665.805
882.906,99.3,48148.473,60665.805
883.923,100.3,48148.473,60665.805
884.941,100.3,48148.473,60665.805
885.958,99.3,48148.473,60665.805
886.976,99.3,48148.473,60665.805
887.993,100.3,48148.473,60665.805
889.01,99.3,48148.473,60665.805
890.028,100.3,48148.473,60665.805
891.045,99.3,48148.473,60665.805
892.062,100.3,48148.473,60665.805
893.08,99.3,48148.473,60665.805
894.097,100.3,48148.473,60665.805
895.115,100.2,48148.473,60665.805
896.132,99.3,48148.473,60665.805
897.149,99.3,48148.473,60665.805
898.167,100.3,48148.473,60665.805
899.184,100.3,48148.473,60665.805
900.201,99.3,48148.473,60665.805
901.219,100.3,48148.473,60665.805
902.236,99.3,48148.473,60665.805
903.253,100.3,48148.473,60665.805
904.271,99.3,48148.473,60665.805
905.288,99.3,48148.473,60665.805
906.305,100.3,48148.473,60665.805
907.323,99.3,48148.473,60665.805
908.34,100.2,48148.473,60665.805
909.358,100.3,48148.473,60665.805
910.375,99.3,48148.473,60665.805
911.393,99.3,48148.473,60665.805
912.41,100.3,48148.473,60665.805
913.427,100.3,48148.473,60665.805
914.444,99.3,48148.473,60665.805
915.462,100.3,48148.473,60665.805
916.479,99.3,48148.473,60665.805
917.497,100.2,48148.473,60665.805
918.514,99.3,48148.473,60665.805
919.531,97.3,48181.188,60665.805
920.55,99.1,48181.445,60665.805
921.568,100.3,48181.445,60665.805
922.585,100.3,48181.445,60665.805
923.602,99.3,48181.445,60665.805
924.619,100.3,48181.445,60665.805
925.637,100.3,48181.445,60665.805
926.655,99.2,48181.445,60665.805
927.673,100.3,48181.445,60665.805
928.69,99.3,48181.445,60665.805
929.707,100.3,48181.445,60665.805
930.724,99.3,48181.445,60665.805
931.741,100.4,48181.445,60665.805
932.757,99.4,48181.445,60665.805
933.774,99.3,48181.445,60665.805
934.791,101.3,48181.445,60665.805
935.808,99.3,48181.445,60665.805
936.826,99.3,48181.445,60665.805
937.843,100.3,48181.445,60665.805
938.86,99.3,48181.445,60665.805
939.878,100.2,48181.445,60665.805
940.895,99.3,48181.445,60665.805
941.912,100.3,48181.445,60665.805
942.929,100.3,48181.445,60665.805
943.947,100.3,48181.445,60665.805
944.964,99.3,48181.445,60665.805
945.981,100.3,48181.445,60665.805
946.998,99.3,48181.445,60665.805
948.016,99.3,48181.445,60665.805
949.033,100.3,48181.445,60665.805
950.05,100.3,48181.445,60665.805
951.067,99.3,48181.445,60665.805
952.085,100.3,48181.445,60665.805
953.102,99.3,48181.445,60665.805
954.119,100.3,48181.445,60665.805
955.136,100.3,48181.445,60665.805
956.154,99.3,48181.445,60665.805
957.171,100.3,48181.445,60665.805
958.188,99.3,48181.445,60665.805
959.205,100.3,48181.445,60665.805
960.223,100.3,48181.445,60665.805
961.24,99.3,48181.445,60665.805
962.257,99.3,48181.445,60665.805
963.275,100.3,48181.445,60665.805
964.292,100.3,48181.445,60665.805
965.309,99.3,48181.367,60665.805
966.328,99.1,48181.824,60665.805
967.348,101.0,48181.824,60665.805
968.365,99.2,48181.824,60665.805
969.382,99.3,48181.824,60665.805
970.4,101.2,48181.824,60665.805
971.417,99.3,48181.824,60665.805
972.434,99.3,48181.824,60665.805
973.451,100.3,48181.824,60665.805
974.469,99.3,48181.824,60665.805
975.486,100.3,48181.824,60665.805
976.503,99.3,48181.824,60665.805
977.52,100.3,48181.824,60665.805
978.538,100.3,48181.824,60665.805
979.555,99.3,48181.824,60665.805
980.572,99.3,48181.824,60665.805
981.589,100.3,48181.824,60665.805
982.607,100.3,48181.824,60665.805
983.624,99.3,48181.824,60665.805
984.641,100.3,48181.824,60665.805
985.658,100.3,48181.824,60665.805
986.676,99.3,48181.824,60665.805
987.693,99.3,48181.824,60665.805
988.71,101.3,48181.824,60665.805
989.727,99.3,48181.824,60665.805
990.744,100.3,48181.824,60665.805
991.761,99.3,48181.824,60665.805
992.778,99.3,48181.824,60665.805
993.796,100.3,48181.824,60665.805
994.813,100.3,48181.824,60665.805
995.83,96.3,48181.824,60665.805
996.85,100.0,48181.824,60665.805
997.867,100.3,48181.824,60665.805
998.884,99.3,48181.824,60665.805
999.901,100.3,48181.824,60665.805
1000.919,99.3,48181.824,60665.805
1001.936,99.3,48181.824,60665.805
1002.953,101.2,48181.824,60665.805
1003.971,99.3,48181.824,60665.805
1004.988,99.3,48181.824,60665.805
1006.005,100.3,48181.824,60665.805
1007.023,99.3,48181.824,60665.805
1008.04,100.3,48181.824,60665.805
1009.057,99.3,48181.824,60665.805
1010.074,100.3,48181.824,60665.805
1011.092,99.3,48181.824,60665.805
1012.109,100.3,48181.824,60665.805
1013.126,99.3,48181.824,60665.805
1014.143,100.3,48181.824,60665.805
1015.161,100.3,48181.824,60665.805
1016.178,99.3,48181.824,60665.805
1017.195,99.3,48181.824,60665.805
1018.212,100.3,48181.824,60665.805
1019.229,100.3,48181.824,60665.805
1020.247,100.3,48181.824,60665.805
1021.264,99.3,48181.824,60665.805
1022.281,99.3,48181.824,60665.805
1023.298,100.3,48181.824,60665.805
1024.316,100.3,48181.824,60665.805
1025.333,99.3,48181.824,60665.805
1026.35,99.3,48181.824,60665.805
1027.367,100.2,48181.824,60665.805
1028.385,100.2,48181.824,60665.805
1029.403,99.3,48181.824,60665.805
1030.42,100.3,48181.824,60665.805
1031.437,99.3,48181.824,60665.805
1032.454,100.3,48181.824,60665.805
1033.472,99.3,48181.824,60665.805
1034.489,100.3,48181.824,60665.805
1035.506,99.3,48181.824,60665.805
1036.523,100.3,48181.824,60665.805
1037.541,99.3,48181.824,60665.805
1038.558,100.3,48181.824,60665.805
1039.575,100.3,48181.824,60665.805
1040.592,99.3,48181.824,60665.805
1041.61,100.3,48181.824,60665.805
1042.627,99.3,48181.824,60665.805
1043.644,100.3,48181.824,60665.805
1044.661,100.3,48181.824,60665.805
1045.679,99.3,48181.824,60665.805
1046.696,100.3,48181.824,60665.805
1047.713,99.3,48181.77,60665.805
1048.733,100.1,48181.824,60665.805
1049.749,99.4,48181.824,60665.805
1050.766,100.3,48181.824,60665.805
1051.783,99.3,48181.824,60665.805
1052.8,99.3,48181.824,60665.805
1053.818,100.3,48181.824,60665.805
1054.835,100.3,48181.824,60665.805
1055.852,99.3,48181.824,60665.805
1056.87,100.3,48181.824,60665.805
1057.887,99.3,48181.824,60665.805
1058.904,100.3,48181.824,60665.805
1059.922,99.3,48181.824,60665.805
1060.939,100.3,48181.824,60665.805
1061.956,99.3,48181.824,60665.805
1062.974,100.3,48181.824,60665.805
1063.991,100.3,48181.824,60665.805
1065.008,99.3,48181.824,60665.805
1066.026,99.3,48181.824,60665.805
1067.043,100.3,48181.824,60665.805
1068.06,100.3,48181.824,60665.805
1069.077,99.3,48181.824,60665.805
1070.095,100.3,48181.824,60665.805
1071.112,99.3,48181.824,60665.805
1072.13,99.3,48181.824,60665.805
1073.147,100.3,48181.824,60665.805
1074.164,100.2,48181.824,60665.805
1075.181,99.3,48181.824,60665.805
1076.199,99.3,48181.824,60665.805
1077.216,100.3,48181.824,60665.805
1078.233,100.2,48181.824,60665.805
1079.251,99.3,48181.824,60665.805
1080.268,101.3,48181.824,60665.805
1081.285,99.3,48181.824,60665.805
1082.303,99.3,48181.824,60665.805
1083.32,100.3,48181.824,60665.805
1084.337,100.3,48181.824,60665.805
1085.354,99.3,48181.824,60665.805
1086.372,100.3,48181.824,60665.805
1087.389,99.3,48181.824,60665.805
1088.407,100.2,48181.824,60665.805
1089.424,99.3,48181.824,60665.805
1090.441,100.3,48181.824,60665.805
1091.459,99.3,48181.824,60665.805
1092.476,100.3,48181.824,60665.805
1093.493,99.3,48181.824,60665.805
1094.51,100.3,48181.824,60665.805
1095.528,99.3,48181.824,60665.805
1096.545,99.3,48181.824,60665.805
1097.562,100.3,48181.824,60665.805
1098.579,99.3,48181.824,60665.805
1099.597,100.3,48181.824,60665.805
1100.614,99.3,48181.824,60665.805
1101.631,100.3,48181.824,60665.805
1102.648,100.3,48181.824,60665.805
1103.666,99.3,48181.824,60665.805
1104.683,99.3,48181.824,60665.805
1105.7,98.3,48181.832,60665.805
1106.72,100.0,48181.832,60665.805
1107.736,99.4,48181.832,60665.805
1108.752,100.4,48181.832,60665.805
1109.769,99.3,48181.832,60665.805
1110.787,100.3,48181.832,60665.805
1111.804,99.3,48181.832,60665.805
1112.821,99.3,48181.832,60665.805
1113.838,100.3,48181.832,60665.805
1114.856,100.3,48181.832,60665.805
1115.873,99.3,48181.832,60665.805
1116.89,100.3,48181.832,60665.805
1117.908,99.3,48181.832,60665.805
1118.925,100.3,48181.832,60665.805
1119.942,99.3,48181.832,60665.805
1120.959,99.3,48181.832,60665.805
1121.977,101.2,48181.832,60665.805
1122.994,99.3,48181.832,60665.805
1124.011,99.3,48181.832,60665.805
1125.028,100.3,48181.832,60665.805
1126.047,100.1,48181.832,60665.805
1127.066,99.2,48181.832,60665.805
1128.083,100.3,48181.832,60665.805
1129.1,100.3,48181.832,60665.805
1130.117,99.3,48181.832,60665.805
1131.135,94.4,48181.832,60665.805
1132.153,100.1,48181.832,60665.805
1133.171,100.3,48181.832,60665.805
1134.188,99.3,48181.832,60665.805
1135.205,99.3,48181.832,60665.805
1136.222,99.3,48181.832,60665.805
1137.24,100.3,48181.832,60665.805
1138.257,100.3,48181.832,60665.805
1139.274,99.3,48181.832,60665.805
1140.292,100.3,48181.832,60665.805
1141.309,100.3,48181.832,60665.805
1142.326,98.3,48181.832,60665.805
1143.343,99.3,48181.832,60665.805
1144.363,99.1,48181.832,60665.805
1145.38,100.3,48181.832,60665.805
1146.397,99.3,48181.832,60665.805
1147.414,99.3,48181.832,60665.805
1148.432,100.2,48181.832,60665.805
1149.449,100.3,48181.832,60665.805
1150.467,99.3,48181.832,60665.805
1151.484,100.3,48181.832,60665.805
1152.501,99.3,48181.832,60665.805
1153.519,100.3,48181.832,60665.805
1154.536,99.3,48181.832,60665.805
1155.553,100.3,48181.832,60665.805
1156.57,100.3,48181.832,60665.805
1157.587,99.3,48181.832,60665.805
1158.605,99.3,48181.832,60665.805
1159.622,100.3,48181.832,60665.805
1160.639,99.3,48181.832,60665.805
1161.656,100.3,48181.832,60665.805
1162.674,100.3,48181.832,60665.805
1163.691,99.3,48181.832,60665.805
1164.708,99.3,48181.832,60665.805
1165.725,100.3,48181.832,60665.805
1166.741,99.4,48181.832,60665.805
1167.757,100.5,48181.832,60665.805
1168.774,99.3,48181.832,60665.805
1169.791,100.3,48181.832,60665.805
1170.808,100.3,48181.832,60665.805
1171.825,99.3,48181.832,60665.805
1172.843,99.3,48181.832,60665.805
1173.86,101.3,48181.832,60665.805
1174.877,99.3,48181.832,60665.805
1175.894,99.3,48181.734,60665.805
1176.914,100.1,48181.832,60665.805
1177.931,99.3,48181.832,60665.805
1178.948,100.3,48181.832,60665.805
1179.965,99.3,48181.832,60665.805
1180.983,100.3,48181.832,60665.805
1182.0,99.3,48181.832,60665.805
1183.017,101.2,48181.832,60665.805
1184.035,98.3,48181.832,60665.805
1185.052,100.2,48181.832,60665.805
1186.07,100.3,48181.832,60665.805
1187.087,99.3,48181.832,60665.805
1188.104,100.3,48181.832,60665.805
1189.121,99.3,48181.832,60665.805
1190.139,100.3,48181.832,60665.805
1191.156,99.3,48181.832,60665.805
1192.173,100.3,48181.832,60665.805
1193.19,99.3,48181.832,60665.805
1194.208,100.3,48181.832,60665.805
1195.225,100.3,48181.832,60665.805
1196.242,99.3,48181.832,60665.805
1197.259,99.3,48181.832,60665.805
1198.277,100.3,48181.832,60665.805
1199.294,99.3,48181.832,60665.805
1200.311,100.3,48181.832,60665.805
1201.328,99.3,48181.832,60665.805
1202.346,101.2,48181.832,60665.805
1203.363,99.3,48181.832,60665.805
1204.38,99.3,48181.832,60665.805
1205.397,100.3,48181.832,60665.805
1206.415,100.3,48181.832,60665.805
1207.432,99.3,48181.832,60665.805
1208.45,100.2,48181.832,60665.805
1209.467,99.3,48181.832,60665.805
1210.485,100.3,48181.832,60665.805
1211.502,100.3,48181.832,60665.805
1212.519,99.3,48181.832,60665.805
1213.536,99.3,48181.832,60665.805
1214.554,100.3,48181.832,60665.805
1215.571,100.3,48181.832,60665.805
1216.588,100.3,48181.832,60665.805
1217.606,99.3,48181.832,60665.805
1218.623,99.3,48181.832,60665.805
1219.64,100.3,48181.832,60665.805
1220.657,99.3,48181.832,60665.805
1221.675,100.3,48181.832,60665.805
1222.692,100.3,48181.832,60665.805
1223.709,99.3,48181.832,60665.805
1224.726,100.3,48181.832,60665.805
1225.742,99.4,48181.832,60665.805
1226.76,99.3,48181.832,60665.805
1227.777,100.3,48181.832,60665.805
1228.794,100.3,48181.832,60665.805
1229.811,99.3,48181.832,60665.805
1230.828,100.3,48201.676,60665.805
1231.848,100.0,48201.676,60665.805
1232.865,99.3,48201.676,60665.805
1233.883,99.3,48201.676,60665.805
1234.9,100.3,48201.676,60665.805
1235.917,100.3,48201.676,60665.805
1236.934,99.3,48201.676,60665.805
1237.951,100.3,48201.676,60665.805
1238.969,99.3,48201.676,60665.805
1239.986,100.3,48201.676,60665.805
1241.004,99.3,48201.676,60665.805
1242.021,100.3,48201.676,60665.805
1243.038,100.3,48201.676,60665.805
1244.055,99.3,48201.676,60665.805
1245.073,99.3,48201.676,60665.805
1246.09,100.3,48201.676,60665.805
1247.107,100.3,48201.676,60665.805
1248.124,99.3,48201.676,60665.805
1249.142,99.3,48201.676,60665.805
1250.159,100.3,48201.676,60665.805
1251.176,100.3,48201.676,60665.805
1252.193,99.3,48201.676,60665.805
1253.211,100.3,48201.676,60665.805
1254.228,100.3,48201.676,60665.805
1255.245,99.3,48201.676,60665.805
1256.262,100.3,48201.676,60665.805
1257.28,99.3,48201.676,60665.805
1258.297,99.3,48201.676,60665.805
1259.314,101.3,48201.676,60665.805
1260.331,99.3,48201.676,60665.805
1261.349,99.3,48201.676,60665.805
1262.366,100.3,48201.676,60665.805
1263.383,100.3,48201.676,60665.805
1264.4,99.3,48201.676,60665.805
1265.418,100.3,48201.676,60665.805
1266.435,99.3,48201.676,60665.805
1267.452,100.3,48201.676,60665.805
1268.47,100.2,48201.676,60665.805
1269.487,99.3,48201.676,60665.805
1270.504,100.3,48201.676,60665.805
1271.522,99.3,48201.676,60665.805
1272.539,100.3,48201.676,60665.805
1273.556,99.3,48201.676,60665.805
1274.573,100.3,48202.285,60665.805
1275.593,100.1,48202.387,60665.805
1276.61,99.3,48202.387,60665.805
1277.627,99.3,48202.387,60665.805
1278.645,100.3,48202.387,60665.805
1279.662,100.3,48202.387,60665.805
1280.679,99.3,48202.387,60665.805
1281.697,99.3,48202.387,60665.805
1282.714,101.3,48202.387,60665.805
1283.731,99.3,48202.387,60665.805
1284.748,99.3,48202.387,60665.805
1285.765,100.2,48202.387,60665.805
1286.782,100.3,48202.387,60665.805
1287.8,99.3,48202.387,60665.805
1288.817,99.3,48202.387,60665.805
1289.834,100.3,48202.387,60665.805
1290.851,100.3,48202.387,60665.805
1291.869,99.3,48202.387,60665.805
1292.886,99.3,48202.387,60665.805
1293.903,101.2,48202.387,60665.805
1294.921,99.3,48202.387,60665.805
1295.938,99.3,48202.387,60665.805
1296.955,100.3,48202.387,60665.805
1297.973,99.3,48202.387,60665.805
1298.99,101.3,48202.387,60665.805
1300.007,99.3,48202.387,60665.805
1301.024,100.3,48202.387,60665.805
1302.042,99.3,48202.387,60665.805
1303.059,100.3,48202.387,60665.805
1304.076,99.3,48202.387,60665.805
1305.093,100.3,48202.387,60665.805
1306.111,99.3,48202.387,60665.805
1307.128,100.3,48202.387,60665.805
1308.145,99.3,48202.387,60665.805
1309.162,100.3,48202.387,60665.805
1310.18,100.3,48202.387,60665.805
1311.197,99.3,48202.387,60665.805
1312.214,99.3,48202.387,60665.805
1313.231,101.3,48202.387,60665.805
1314.249,99.3,48202.387,60665.805
1315.266,100.3,48202.387,60665.805
1316.283,99.3,48202.387,60665.805
1317.3,99.3,48202.387,60665.805
1318.318,101.3,48202.387,60665.805
1319.335,95.3,48202.387,60665.805
1320.355,99.1,48202.387,60665.805
1321.372,100.3,48202.387,60665.805
1322.389,99.3,48202.387,60665.805
1323.406,100.3,48202.387,60665.805
1324.424,100.3,48202.387,60665.805
1325.441,99.3,48202.387,60665.805
1326.459,100.2,48202.387,60665.805
1327.477,99.3,48202.387,60665.805
1328.494,100.2,48202.387,60665.805
1329.512,99.3,48202.387,60665.805
1330.529,99.3,48202.387,60665.805
1331.547,100.3,48202.387,60665.805
1332.564,100.3,48202.387,60665.805
1333.581,99.3,48202.387,60665.805
1334.598,99.3,48202.387,60665.805
1335.616,100.3,48202.387,60665.805
1336.633,100.3,48202.387,60665.805
1337.65,99.3,48202.387,60665.805
1338.667,100.3,48202.387,60665.805
1339.685,100.3,48202.387,60665.805
1340.702,99.3,48202.387,60665.805
1341.719,100.3,48202.387,60665.805
1342.736,99.3,48202.387,60665.805
1343.752,99.4,48202.387,60665.805
1344.769,100.3,48202.387,60665.805
1345.787,100.3,48202.387,60665.805
1346.804,99.3,48202.387,60665.805
1347.821,99.3,48202.387,60665.805
1348.838,101.3,48202.387,60665.805
1349.856,99.3,48202.387,60665.805
1350.873,99.3,48202.387,60665.805
1351.89,100.3,48202.387,60665.805
1352.907,99.3,48202.387,60665.805
1353.925,100.3,48202.387,60665.805
1354.942,100.3,48202.387,60665.805
1355.959,99.3,48202.387,60665.805
1356.976,63.9,48214.012,60795.629
1357.997,24.5,48269.512,99220.48
1359.018,0.0,48235.02,61150.035
1360.041,0.0,48235.02,61150.035
1361.06,0.0,48260.254,69419.633
1362.073,101.3,48338.98,71819.805
1363.087,81.9,48421.445,71994.387
1364.1,99.0,48478.406,72048.387
1365.121,97.0,48620.605,72175.195
1366.141,100.2,48620.695,72175.195
1367.159,99.9,48608.703,72162.688
1368.18,0.0,48302.285,69489.223
1369.194,101.3,48366.98,72008.496
1370.214,93.1,48431.105,72012.008
1371.235,99.0,48527.734,72087.996
1372.255,100.0,48549.414,72109.316
1373.275,99.9,48464.855,63972.68
1374.295,0.0,48358.449,71684.492
1375.317,101.3,48421.5,71975.883
1376.338,98.0,48474.508,72028.133
1377.358,99.2,48623.703,72156.742
1378.376,100.0,48632.344,72165.602
1379.397,99.0,48664.52,72197.406
1380.417,0.0,48295.324,69433.422
1381.431,101.3,48381.422,71930.094
1382.452,88.2,48446.59,71996.754
1383.472,100.0,48499.602,72049.504
1384.493,98.0,48694.758,72225.973
1385.513,100.1,48694.789,72225.973
1386.532,100.9,48732.82,72263.395
1387.552,0.0,48282.496,69434.484
1388.571,101.3,48367.762,71929.223
1389.591,87.2,48430.059,72006.883
1390.612,99.0,48482.402,72032.633
1391.632,100.0,48496.352,72046.258
1392.652,0.0,48281.246,69452.59
1393.673,101.3,48347.809,71835.125
1394.693,80.3,48409.656,71988.254
1395.714,100.0,48459.973,72037.754
1396.734,99.1,48509.703,72087.504
1397.753,99.0,48561.156,72139.004
1398.774,99.0,48612.895,72190.754
1399.794,99.0,48990.824,72547.691
1400.815,100.1,48990.855,72547.691
1401.833,99.9,49064.441,72620.496
1402.854,0.0,48269.523,69410.039
1403.868,101.3,48345.199,71927.461
1404.889,86.2,48414.082,72004.887
1405.909,99.9,48467.871,72057.637
1406.93,99.0,48520.551,72110.137
1407.95,98.9,48746.184,72311.613
1408.971,100.2,48746.254,72311.613
1409.989,99.0,48724.629,72289.602
1411.01,0.0,48289.371,69459.078
1412.031,101.3,48366.43,71932.43
1413.051,89.2,48428.27,72009.055
1414.072,99.9,48509.852,72101.016
1415.093,98.0,48594.562,72155.578
1416.114,99.9,48622.465,72183.07
1417.134,0.0,48283.746,69435.867
1418.149,101.3,48359.277,71822.121
1419.17,82.3,48423.645,71994.262
1420.191,99.0,48474.086,72045.012
1421.211,99.0,48524.25,72095.512
1422.232,99.9,48576.258,72147.262
1423.253,98.9,48627.5,72197.762
1424.273,98.9,48677.508,72248.512
1425.294,99.9,48727.82,72299.012
1426.315,99.9,48803.539,72356.387
1427.335,97.9,49363.457,72916.352
1428.356,100.1,49363.496,72916.352
1429.375,100.0,49479.258,73031.93
1430.396,0.0,48262.785,69418.031
1431.418,101.3,48335.906,71776.695
1432.439,80.3,48397.387,71953.523
1433.46,99.1,48401.156,71956.656
1434.479,99.2,48402.621,71957.156
1435.498,0.0,48277.52,69434.641
1436.519,101.3,48352.285,71923.367
1437.54,84.2,48422.449,71978.094
1438.561,100.2,48422.484,71978.094
1439.58,99.1,48429.086,71983.969
1440.599,0.0,48276.074,69433.586
1441.616,101.3,48367.949,71929.258
1442.636,87.2,48423.441,72001.168
1443.657,98.0,48520.824,72073.793
1444.678,101.1,48540.254,72093.16
1445.697,95.9,48476.766,72029.562
1446.718,0.0,48307.652,71197.688
1447.734,101.3,48372.898,71923.93
1448.751,99.9,48447.016,72021.758
1449.772,98.9,48496.824,72071.258
1450.793,98.9,48546.605,72120.758
1451.814,99.9,48598.27,72170.258
1452.835,98.9,48648.777,72221.008
1453.856,98.9,48698.453,72270.508
1454.876,99.9,48748.379,72321.258
1455.897,98.8,49369.527,72970.75
1456.92,98.9,49311.957,72866.695
1457.941,100.9,49426.617,72981.102
1458.962,95.0,48234.469,61044.664
1459.983,0.0,48307.305,71664.492
1461.021,101.3,48380.031,71970.004
1462.042,99.9,48428.496,72015.754
1463.062,98.9,48478.91,72066.254
1464.083,98.9,48529.168,72117.004
1465.104,98.9,48578.684,72166.504
1466.125,99.9,48659.035,72227.598
1467.146,98.9,49005.305,72572.48
1468.167,100.2,49005.316,72572.48
1469.186,99.9,48976.801,72543.363
1470.207,0.0,48294.918,69436.426
1471.227,101.3,48390.215,71929.848
1472.248,88.2,48431.262,72004.758
1473.269,99.9,48480.164,72054.258
1474.29,98.9,48529.062,72102.758
1475.311,98.9,48578.035,72151.508
1476.332,98.9,48628.164,72202.008
1477.353,99.9,48676.246,72249.758
1478.374,99.8,49140.168,72689.348
1479.395,99.2,49140.211,72689.348
1480.414,99.9,49231.582,72780.512
1481.435,1.0,48261.488,69408.059
1482.47,101.3,48350.254,71803.953
1483.491,80.3,48425.199,71986.387
1484.512,100.9,48477.559,72038.887
1485.533,98.9,48530.848,72091.637
1486.554,98.9,48586.277,72146.137
1487.575,99.9,48864.645,72408.168
1488.596,100.1,48864.719,72408.168
1489.615,96.9,48841.59,72384.566
1490.636,0.0,48306.648,69482.836
1491.653,101.3,48379.449,72005.371
1492.674,91.1,48439.207,72012.133
1493.695,98.9,48491.43,72064.883
1494.716,99.0,48541.504,72114.133
1495.736,100.0,48590.93,72145.945
1496.756,98.9,48883.207,72436.18
1497.777,100.1,48883.211,72436.18
1498.796,99.9,48857.93,72410.305
1499.817,0.0,48285.203,69464.312
1500.838,101.3,48383.879,71972.094
1501.86,91.1,48446.93,72011.008
1502.881,98.9,48499.613,72061.758
1503.902,98.9,48549.504,72111.258
1504.923,99.9,48601.184,72163.008
1505.944,98.9,48651.312,72213.508
1506.965,98.9,48702.734,72265.258
1507.986,99.8,48779.488,72326.383
1509.008,98.9,49269.348,72816.395
1510.03,100.1,49269.395,72816.395
1511.048,99.9,49374.52,72921.559
1512.07,0.0,48270.445,69430.598
1513.084,101.3,48372.445,71822.246
1514.105,81.3,48432.344,71987.637
1515.126,98.9,48487.473,72040.387
1516.147,99.9,48646.844,72185.43
1517.169,98.9,48722.848,72256.637
1518.19,100.9,48763.227,72296.98
1519.211,0.0,48241.68,61169.535
1520.234,101.3,48331.531,71728.789
1521.248,77.4,48395.266,71980.637
1522.269,98.9,48445.41,72031.137
1523.29,99.9,48497.172,72081.887
1524.311,98.9,48546.012,72131.387
1525.332,99.9,48597.926,72183.137
1526.353,98.9,48648.297,72233.637
1527.374,100.0,48699.719,72285.387
1528.394,98.9,49115.512,72798.977
1529.415,98.9,49258.578,72826.461
1530.437,100.1,49258.648,72826.461
1531.456,99.9,49363.598,72931.078
1532.477,0.0,48284.883,69442.938
1533.498,101.3,48376.062,71930.098
1534.519,88.1,48425.367,71997.758
1535.54,98.9,48475.922,72048.258
1536.561,98.9,48526.125,72098.008
1537.582,99.9,48575.918,72147.508
1538.603,98.9,48627.043,72199.258
1539.624,99.9,49022.945,72607.438
1540.646,98.9,49076.113,72629.211
1541.667,99.9,49126.23,72679.586
1542.688,97.9,49042.477,72595.02
1543.709,0.0,48317.82,69492.234
1544.731,101.3,48380.301,72016.375
1545.749,96.0,48442.523,72012.254
1546.771,99.9,48484.855,72055.004
1547.792,98.9,48526.949,72097.004
1548.813,99.0,48569.332,72139.004
1549.833,99.9,48612.32,72181.754
1550.854,99.9,48655.473,72225.754
1551.876,98.9,48697.727,72267.754
1552.897,99.9,48739.918,72309.754
1553.918,98.9,48782.527,72352.754
1554.939,98.9,48825.07,72394.504
1555.96,100.0,48867.707,72437.504
1556.981,99.9,48910.543,72480.504
1558.002,98.9,48953.0,72522.504
1559.023,99.0,48995.352,72565.504
1560.044,99.9,49037.988,72608.254
1561.065,98.9,49080.668,72650.254
1562.086,100.0,49121.207,72669.004
1563.106,100.8,49513.691,73222.633
1564.127,98.9,50016.594,73563.555
1565.149,100.1,50016.594,73563.555
1566.168,99.9,50055.383,73601.883
1567.189,0.0,48269.738,69435.367
1568.211,101.3,48333.391,71822.117
1569.23,81.3,48410.098,71991.008
1570.252,99.9,48459.25,72040.758
1571.273,99.9,48507.637,72089.258
1572.294,98.9,48557.086,72138.758
1573.315,98.9,48607.141,72188.258
1574.336,99.9,48655.926,72236.758
1575.358,98.9,48706.914,72288.508
1576.379,98.9,48755.238,72336.008
1577.4,99.9,49338.59,72903.504
1578.422,98.9,49369.316,72934.223
1579.443,100.0,49393.09,72981.562
1580.463,99.8,49317.953,72882.539
1581.485,0.0,48289.797,69473.906
1582.506,101.3,48391.027,71978.543
1583.528,92.0,48430.238,72003.133
1584.549,98.9,48480.215,72052.633
1585.571,99.9,48530.371,72103.383
1586.592,99.9,48579.953,72152.883
1587.613,99.2,48629.301,72201.633
1588.631,98.1,49026.746,72579.496
1589.65,100.1,49026.75,72579.496
1590.67,99.9,49104.617,72657.145
1591.691,0.0,48270.316,69422.625
1592.712,101.3,48359.555,71928.379
1593.734,87.1,48429.137,72004.305
1594.755,99.9,48479.98,72054.055
1595.776,99.9,48529.996,72103.555
1596.798,98.9,48581.219,72155.305
1597.819,98.9,48629.945,72203.805
1598.84,99.9,48679.172,72252.305
1599.861,99.9,48729.062,72302.805
1600.883,98.9,48780.605,72354.555
1601.904,99.9,48841.457,72404.93
1602.925,98.9,49622.789,73186.652
1603.947,98.9,49496.516,73060.395
1604.968,100.8,49627.719,73191.457
1605.989,1.0,48242.285,61170.035
1607.012,101.3,48339.289,71744.285
1608.034,79.3,48386.723,71973.137
1609.055,98.9,48430.145,72016.137
1610.076,98.9,48472.719,72059.137
1611.097,99.9,48515.133,72101.137
1612.118,98.9,48558.016,72144.137
1613.14,99.9,48601.0,72187.137
1614.161,98.9,48643.891,72230.137
1615.182,99.9,48686.035,72272.137
1616.203,99.9,48729.75,72315.387
1617.224,98.9,48772.914,72359.387
1618.245,98.9,48815.148,72401.387
1619.266,99.0,48858.887,72444.387
1620.287,99.9,48908.32,72474.824
1621.308,99.9,49529.254,73093.781
1622.329,99.8,49566.375,73130.617
1623.351,99.9,49645.094,73217.414
1624.372,96.0,49075.773,72639.828
1625.393,0.0,48292.375,69474.277
1626.415,101.3,48371.195,71982.848
1627.436,90.1,48444.988,72014.254
1628.457,99.8,48499.363,72068.754
1629.479,98.9,48553.281,72122.254
1630.5,98.9,48601.875,72157.066
1631.521,100.8,48910.719,72464.219
1632.543,100.1,48910.844,72464.219
1633.562,99.9,48980.391,72533.375
1634.583,0.0,48272.672,69433.734
1635.604,101.3,48364.547,71928.977
1636.618,86.3,48434.188,72004.637
1637.638,99.9,48488.988,72058.637
1638.66,97.9,48630.555,72181.219
1639.681,100.9,48663.152,72214.039
1640.702,99.9,48540.062,72090.43
1641.723,0.0,48310.652,71687.078
1642.747,101.3,48379.992,71978.391
1643.768,98.9,48429.102,72025.891
1644.789,98.9,48478.773,72075.641
1645.811,99.9,48527.844,72124.141
1646.832,98.9,48576.734,72173.641
1647.853,98.9,48627.043,72224.391
1648.874,97.9,49060.715,72643.387
1649.896,99.9,49067.867,72639.238
1650.917,99.8,49149.711,72720.871
1651.939,0.0,48274.18,69451.68
1652.953,101.3,48325.422,71822.117
1653.974,81.3,48394.941,71984.008
1654.995,98.9,48436.852,72026.008
1656.017,98.9,48479.785,72069.008
1657.038,99.9,48521.93,72111.008
1658.059,99.9,48564.797,72153.758
1659.08,98.9,48606.914,72195.758
1660.102,98.9,48649.109,72237.758
1661.123,100.8,48692.895,72282.008
1662.145,98.9,48735.293,72324.008
1663.166,99.9,48777.387,72365.758
1664.187,99.9,48821.438,72410.008
1665.208,98.9,48867.844,72440.945
1666.23,99.9,49460.043,73040.266
1667.251,98.8,49504.859,73076.508
1668.273,100.1,49504.945,73076.508
1669.293,99.8,49441.047,73012.195
1670.314,0.0,48300.199,69467.523
1671.336,101.3,48386.34,71956.121
1672.357,90.1,48452.371,72010.555
1673.379,98.9,48501.52,72060.305
1674.4,99.9,48551.535,72109.805
1675.421,98.9,48601.059,72159.305
1676.443,98.9,48652.91,72211.055
1677.464,99.9,48704.023,72262.805
1678.485,99.9,48754.391,72313.305
1679.506,98.8,49107.609,72707.711
1680.528,98.9,49362.086,72901.332
1681.55,100.1,49362.086,72901.332
1682.569,99.9,49313.457,73016.559
1683.59,0.0,48277.453,69447.129
1684.611,101.3,48352.027,71931.207
1685.632,88.6,48419.707,72005.887
1686.648,99.9,48469.516,72055.637
1687.67,97.9,48520.957,72107.137
1688.691,99.9,48569.84,72155.637
1689.712,99.9,48619.586,72205.387
1690.733,98.9,48669.922,72255.887
1691.755,98.9,48721.738,72307.637
1692.776,100.9,48805.246,72379.012
1693.798,97.9,49329.262,72901.312
1694.819,100.1,49329.262,72901.312
1695.839,99.9,49445.328,73017.242
1696.86,0.0,48288.973,69452.902
1697.881,101.3,48356.945,71867.879
1698.903,83.2,48430.461,71998.387
1699.924,99.9,48480.461,72049.137
1700.946,98.9,48530.266,72098.637
1701.967,98.9,48579.75,72148.387
1702.989,99.9,48629.793,72197.887
1704.01,99.9,48678.984,72247.387
1705.031,98.9,48762.551,72310.512
1706.053,98.8,49203.141,72749.355
1707.074,100.1,49203.242,72749.355
1708.094,99.9,49299.133,72845.012
1709.115,24.5,48202.07,60664.805
1710.136,99.9,0.0,0.0
