Elapsed_time,CPU,Real_MB,Virtual_MB
1.011,101.3,127.914,9450.41
2.031,96.1,208.082,9531.789
3.041,95.0,227.887,9551.746
4.061,92.2,314.738,9639.145
5.081,88.2,336.727,9668.5
6.095,88.7,361.105,9804.949
7.109,83.8,366.156,9763.621
8.123,85.8,395.512,9793.117
9.144,98.0,404.984,9802.781
10.165,99.0,405.055,9802.781
11.185,98.0,405.055,9802.781
12.205,98.0,405.055,9802.781
13.226,100.0,424.078,9822.109
14.246,98.0,424.141,9822.109
15.266,99.0,424.141,9822.109
16.286,96.1,424.141,9822.109
17.307,99.0,424.141,9822.109
18.327,99.0,424.141,9822.109
19.347,98.0,424.141,9822.109
20.367,98.0,424.141,9822.109
21.388,99.0,424.141,9822.109
22.408,97.0,424.141,9822.109
23.428,99.0,424.141,9822.109
24.449,98.0,424.141,9822.109
25.469,98.0,424.141,9822.109
26.489,99.0,424.141,9822.109
27.508,98.1,424.141,9822.109
28.528,98.0,424.141,9822.109
29.549,98.0,424.141,9822.109
30.569,98.0,424.141,9822.109
31.589,100.0,424.141,9822.109
32.609,96.1,424.141,9822.109
33.63,99.0,424.141,9822.109
34.65,98.0,424.141,9822.109
35.67,98.0,424.141,9822.109
36.69,100.0,462.859,14637.852
37.711,98.9,654.066,14637.852
38.731,100.9,833.453,14708.852
39.752,100.0,844.906,14998.852
40.772,100.0,868.367,15600.852
41.793,100.9,917.094,16847.852
42.813,101.3,1255.332,24155.988
43.837,101.3,7565.582,24155.988
44.855,101.3,3791.031,15413.648
45.875,96.0,4358.348,16006.648
46.896,100.9,5709.254,17418.648
47.917,99.9,7045.418,18814.148
48.938,98.9,7226.336,22111.734
49.958,100.9,9250.336,22111.734
50.979,99.9,10373.926,22111.734
51.999,100.0,12594.875,25349.195
53.02,100.0,13900.492,30205.387
54.04,100.9,16638.492,30205.387
55.061,99.9,18473.008,30205.387
56.081,99.0,18528.012,30205.387
57.102,100.9,18760.906,31824.117
58.122,100.0,19444.906,31824.117
59.143,100.0,20134.906,31824.117
60.163,100.0,15313.723,28586.656
61.183,100.0,16029.832,28586.656
62.204,100.0,16747.832,28586.656
63.224,100.9,19361.402,31824.117
64.245,98.9,20145.402,31824.117
65.265,100.9,20145.566,31824.117
66.286,100.0,20145.566,31824.117
67.306,99.9,20145.824,31824.117
68.327,100.0,20145.824,31824.117
69.347,100.0,20146.082,31824.117
70.368,100.0,20146.082,31824.117
71.388,100.0,20146.34,31824.117
72.409,100.0,20146.34,31824.117
73.429,100.9,20146.598,31824.117
74.449,100.0,20146.598,31824.117
75.47,100.0,20146.598,31824.117
76.49,101.0,23242.859,35061.578
77.509,99.1,23382.98,35061.578
78.529,100.9,23382.98,35061.578
79.55,100.0,23383.238,35061.578
80.57,100.0,23383.238,35061.578
81.591,100.0,23383.496,35061.578
82.611,100.0,23383.496,35061.578
83.631,100.0,23383.754,35061.578
84.652,100.0,23383.754,35061.578
85.672,100.0,23384.012,35061.578
86.692,100.0,23384.012,35061.578
87.713,100.9,23384.27,35061.578
88.733,99.9,20146.844,31824.117
89.754,100.0,20150.883,31824.117
90.774,99.9,21754.566,33570.109
91.795,99.9,22056.035,33861.109
92.816,99.9,20704.305,32533.379
93.837,99.9,21732.918,33406.379
94.857,100.0,21733.691,33406.379
95.878,100.0,21734.207,33406.379
96.897,101.0,15837.973,27513.457
97.918,99.9,15839.777,27513.457
98.939,100.0,15841.324,27513.457
99.96,99.9,16579.648,28452.27
100.98,100.9,17078.305,28959.207
102.002,98.9,17286.793,28959.207
103.022,100.0,17287.051,28959.207
104.042,100.9,17793.609,29466.145
105.063,99.9,17793.867,29466.145
106.084,99.9,17639.812,29334.52
107.104,99.9,18348.16,30019.863
108.125,99.9,18461.23,30132.457
109.146,100.9,20232.379,32058.48
110.166,99.0,20160.762,32058.48
111.187,100.9,20571.988,32379.484
112.208,99.9,21991.68,33663.5
113.228,100.0,21992.328,33663.5
114.249,100.0,21993.102,33663.5
115.269,100.0,19432.625,31104.508
116.289,100.0,19433.398,31104.508
117.31,100.9,19434.172,31104.508
118.33,99.0,19686.023,31520.391
119.351,100.9,20200.215,31873.027
120.372,99.9,20202.793,31873.027
121.392,100.0,20553.723,32225.66
122.412,100.0,20605.516,32307.098
123.433,100.9,21358.105,33030.555
124.453,100.0,21574.566,33319.938
125.474,98.9,21649.477,33319.938
126.494,100.0,17849.703,29820.496
127.515,100.9,18150.438,29820.496
128.535,99.9,18935.801,30669.645
129.556,99.9,19484.012,31154.883
130.576,100.0,19727.086,31397.5
131.597,100.9,19881.898,31651.828
132.617,99.9,20147.25,31817.477
133.638,98.9,20455.191,32125.348
134.659,100.9,20819.262,32489.27
135.679,99.9,21261.363,33083.941
136.7,100.9,19534.164,31204.508
137.721,99.0,19732.359,31402.734
138.741,100.9,20144.145,31846.543
139.761,99.0,20525.254,32196.512
140.782,100.9,20660.262,32330.734
141.803,98.9,22088.238,34387.633
142.823,100.9,21791.227,33694.906
143.844,99.9,20759.66,33694.906
144.864,99.9,22710.184,34380.539
145.885,100.9,16897.535,28567.891
146.905,100.0,17512.676,29253.523
147.926,99.9,18709.457,30624.789
148.946,99.0,20322.789,31996.055
149.966,100.9,20323.484,31996.055
150.987,100.0,20324.0,31996.055
152.007,100.9,20324.516,31996.055
153.028,100.0,20325.289,31996.055
154.048,100.0,20325.805,31996.055
155.069,99.9,21694.227,33367.32
156.089,100.0,21694.742,33367.32
157.11,100.0,21695.258,33367.32
158.13,100.0,21696.031,33367.32
159.15,100.0,21696.547,33367.32
160.171,100.0,21697.062,33367.32
161.191,100.0,20461.16,32132.02
162.211,100.9,21710.883,34166.598
163.232,99.0,24197.145,36155.77
164.252,100.9,23127.406,34829.656
165.273,100.0,24307.742,36155.773
166.293,100.0,25809.48,37481.891
167.313,100.9,25809.738,37481.891
168.334,100.0,25810.254,37481.891
169.354,100.0,25810.512,37481.891
170.374,100.0,25811.027,37481.891
171.395,100.0,25811.285,37481.891
172.415,100.0,23662.258,35334.691
173.436,100.0,23662.773,35334.691
174.456,100.0,23663.031,35334.691
175.476,100.0,23663.547,35334.691
176.496,100.1,23664.062,35334.691
177.516,100.0,22362.676,34053.727
178.537,99.9,23908.746,36042.898
179.557,100.0,24372.336,36042.898
180.578,100.9,24674.387,36344.949
181.598,99.9,17902.016,29610.262
182.619,99.9,18341.195,30012.996
183.639,100.9,18180.695,29851.258
184.66,100.0,18827.551,30498.227
185.68,100.0,19241.34,31023.082
186.7,99.0,19114.281,30780.969
187.72,100.0,19114.285,30780.969
188.739,99.2,19114.285,30780.969
189.757,100.2,19114.285,30780.969
190.775,100.2,19114.285,30780.969
191.793,99.2,19114.285,30780.969
192.811,100.2,19114.285,30780.969
193.829,100.2,19114.285,30780.969
194.847,99.2,19114.285,30780.969
195.864,99.2,19114.285,30780.969
196.882,100.2,19114.285,30780.969
197.9,100.2,19114.285,30780.969
198.918,99.2,19117.281,30780.969
199.937,100.1,19117.281,30780.969
200.955,99.2,19117.281,30780.969
201.973,100.2,19117.281,30780.969
202.991,100.2,19117.281,30780.969
204.009,99.2,19117.281,30780.969
205.027,99.2,19117.281,30780.969
206.045,100.2,19117.281,30780.969
207.063,100.2,19125.805,30780.969
208.082,99.1,19125.805,30780.969
209.099,100.2,19125.805,30780.969
210.117,99.2,19125.805,30780.969
211.135,100.2,19125.805,30780.969
212.153,99.2,19125.805,30780.969
213.171,100.2,19125.805,30780.969
214.189,99.2,19125.805,30780.969
215.207,100.2,19125.805,30780.969
216.225,100.2,19125.805,30780.969
217.243,99.2,19125.805,30780.969
218.261,99.2,19125.805,30780.969
219.278,100.2,19127.906,30780.969
220.298,99.1,19127.906,30780.969
221.316,100.2,19127.906,30780.969
222.333,99.2,19127.906,30780.969
223.351,100.2,19127.906,30780.969
224.369,100.2,19127.906,30780.969
225.387,100.2,19127.906,30780.969
226.405,99.2,19127.906,30780.969
227.423,99.2,19127.906,30780.969
228.441,100.2,19127.906,30780.969
229.459,99.2,19127.906,30780.969
230.477,100.2,19127.906,30780.969
231.493,99.3,19127.906,30780.969
232.511,100.2,19127.906,30780.969
233.529,99.2,19127.906,30780.969
234.547,100.2,19127.906,30780.969
235.565,99.2,19127.906,30780.969
236.583,100.2,19127.906,30780.969
237.601,99.2,19127.906,30780.969
238.619,100.2,19163.281,30780.969
239.639,100.0,19163.281,30780.969
240.657,100.2,19163.281,30780.969
241.675,99.2,19163.281,30780.969
242.694,100.1,19163.281,30780.969
243.712,100.2,19163.281,30780.969
244.73,99.2,19163.281,30780.969
245.748,100.2,19163.281,30780.969
246.766,99.2,19163.281,30780.969
247.784,100.2,19163.281,30780.969
248.802,99.2,19163.281,30780.969
249.82,100.2,19163.281,30780.969
250.838,100.2,19163.281,30780.969
251.856,99.2,19163.281,30780.969
252.874,100.2,19163.281,30780.969
253.892,99.2,19163.281,30780.969
254.91,100.2,19163.281,30780.969
255.927,100.2,19163.281,30780.969
256.945,99.2,19163.281,30780.969
257.963,100.2,19163.281,30780.969
258.981,99.2,19163.281,30780.969
259.999,100.2,19163.281,30780.969
261.017,100.2,19163.281,30780.969
262.035,99.2,19163.281,30780.969
263.053,100.2,19163.281,30780.969
264.071,99.2,19163.281,30780.969
265.089,101.2,19163.281,30780.969
266.107,99.2,19163.281,30780.969
267.124,98.2,19163.281,30780.969
268.144,100.0,19163.281,30780.969
269.162,99.2,19163.281,30780.969
270.18,100.2,19163.281,30780.969
271.198,100.2,19163.281,30780.969
272.216,100.2,19163.281,30780.969
273.234,99.2,19163.281,30780.969
274.252,99.2,19163.281,30780.969
275.27,100.2,19163.281,30780.969
276.288,99.2,19163.281,30780.969
277.306,101.2,19163.281,30780.969
278.323,99.2,19163.281,30780.969
279.341,99.2,19163.281,30780.969
280.359,100.2,19163.281,30780.969
281.377,100.2,19163.281,30780.969
282.395,99.2,19163.281,30780.969
283.413,100.2,19163.281,30780.969
284.431,99.2,19163.281,30780.969
285.449,98.2,19163.586,30780.969
286.468,99.1,19163.586,30780.969
287.485,99.3,19163.586,30780.969
288.502,100.3,19163.586,30780.969
289.52,99.2,19163.586,30780.969
290.538,100.2,19163.586,30780.969
291.556,100.2,19163.586,30780.969
292.574,99.2,19163.586,30780.969
293.591,100.2,19163.586,30780.969
294.609,100.2,19163.586,30780.969
295.627,99.2,19163.586,30780.969
296.645,97.2,19164.145,30780.969
297.666,101.0,19190.738,30780.969
298.686,100.0,19190.738,30780.969
299.704,99.2,19190.738,30780.969
300.722,100.2,19190.738,30780.969
301.74,99.2,19190.738,30780.969
302.758,99.2,19190.738,30780.969
303.777,101.2,19190.738,30780.969
304.795,99.2,19190.738,30780.969
305.813,99.2,19190.738,30780.969
306.831,101.2,19190.738,30780.969
307.848,99.2,19190.738,30780.969
308.866,100.2,19190.738,30780.969
309.884,99.2,19190.738,30780.969
310.902,100.2,19190.738,30780.969
311.92,99.2,19190.738,30780.969
312.938,101.2,19190.738,30780.969
313.956,99.2,19190.738,30780.969
314.974,99.2,19190.738,30780.969
315.992,100.2,19190.738,30780.969
317.01,100.2,19190.738,30780.969
318.028,100.2,19190.738,30780.969
319.046,99.2,19190.738,30780.969
320.064,99.2,19190.738,30780.969
321.082,101.2,19190.738,30780.969
322.1,99.2,19190.738,30780.969
323.118,100.2,19190.738,30780.969
324.136,100.2,19190.738,30780.969
325.154,99.2,19190.738,30780.969
326.172,99.2,19190.738,30780.969
327.19,100.2,19190.738,30780.969
328.208,100.2,19190.738,30780.969
329.226,99.2,19190.738,30780.969
330.244,101.2,19190.738,30780.969
331.262,99.2,19190.738,30780.969
332.28,99.2,19190.738,30780.969
333.298,100.2,19190.738,30780.969
334.315,100.2,19190.738,30780.969
335.333,99.2,19190.738,30780.969
336.351,100.2,19190.738,30780.969
337.369,100.2,19190.738,30780.969
338.387,99.2,19190.738,30780.969
339.405,99.2,19190.738,30780.969
340.423,101.2,19190.738,30780.969
341.441,99.2,19190.738,30780.969
342.459,100.2,19190.738,30780.969
343.477,100.2,19191.355,30780.969
344.494,98.3,19192.016,30780.969
345.512,101.2,19192.016,30780.969
346.53,98.2,19206.852,30780.969
347.55,99.0,19206.945,30780.969
348.568,99.2,19206.945,30780.969
349.586,100.2,19206.945,30780.969
350.603,100.2,19206.945,30780.969
351.621,99.2,19206.945,30780.969
352.639,100.2,19206.945,30780.969
353.657,99.2,19206.945,30780.969
354.675,100.2,19206.945,30780.969
355.693,100.2,19206.945,30780.969
356.711,99.2,19206.945,30780.969
357.729,100.2,19206.945,30780.969
358.747,99.2,19206.945,30780.969
359.765,101.2,19206.945,30780.969
360.783,99.2,19206.945,30780.969
361.801,99.2,19206.945,30780.969
362.819,100.2,19206.945,30780.969
363.837,100.2,19206.945,30780.969
364.855,99.2,19206.945,30780.969
365.873,100.2,19206.945,30780.969
366.891,100.2,19206.945,30780.969
367.909,99.2,19206.945,30780.969
368.927,100.2,19206.945,30780.969
369.945,100.2,19206.945,30780.969
370.963,99.2,19206.945,30780.969
371.981,99.2,19206.945,30780.969
372.999,101.2,19206.945,30780.969
374.017,99.2,19206.945,30780.969
375.035,99.2,19206.945,30780.969
376.053,100.2,19206.945,30780.969
377.07,97.3,18252.086,29812.129
378.091,100.0,18252.086,29812.129
379.109,100.2,18252.086,29812.129
380.126,99.2,18252.086,29812.129
381.144,99.2,18252.086,29812.129
382.162,101.2,18252.086,29812.129
383.18,99.2,18252.086,29812.129
384.198,100.2,18252.086,29812.129
385.216,100.2,18252.086,29812.129
386.234,99.2,18252.086,29812.129
387.252,99.2,18252.086,29812.129
388.27,100.2,18252.086,29812.129
389.288,99.2,18252.086,29812.129
390.306,101.2,18252.086,29812.129
391.324,99.2,18252.086,29812.129
392.341,99.2,18252.086,29812.129
393.359,100.2,18252.086,29812.129
394.377,100.2,18252.086,29812.129
395.395,100.2,18252.086,29812.129
396.413,99.2,18252.086,29812.129
397.431,99.2,18252.086,29812.129
398.449,100.2,18252.086,29812.129
399.466,100.2,18252.086,29812.129
400.483,99.3,18252.086,29812.129
401.5,100.3,18252.086,29812.129
402.518,99.2,18252.086,29812.129
403.536,100.2,18252.086,29812.129
404.554,99.2,18252.086,29812.129
405.572,100.2,18252.086,29812.129
406.59,99.2,18252.086,29812.129
407.608,101.2,18252.086,29812.129
408.626,99.2,18252.086,29812.129
409.644,99.2,18252.086,29812.129
410.662,100.2,18252.086,29812.129
411.68,100.2,18252.086,29812.129
412.698,99.2,18252.086,29812.129
413.718,100.0,18252.086,29812.129
414.735,99.2,18252.086,29812.129
415.753,100.2,18252.086,29812.129
416.771,100.2,18252.086,29812.129
417.789,99.2,18252.086,29812.129
418.807,100.2,18252.086,29812.129
419.825,100.2,18252.086,29812.129
420.843,99.2,18252.086,29812.129
421.861,100.2,18252.086,29812.129
422.879,99.2,18252.086,29812.129
423.897,100.2,18252.086,29812.129
424.915,100.2,18252.086,29812.129
425.933,99.2,18252.086,29812.129
426.951,100.2,18252.086,29812.129
427.969,99.2,18252.086,29812.129
428.987,100.2,18252.086,29812.129
430.004,100.2,18252.086,29812.129
431.022,100.2,18252.086,29812.129
432.04,99.2,18252.086,29812.129
433.058,99.2,18252.086,29812.129
434.076,101.2,18252.086,29812.129
435.094,99.2,18252.086,29812.129
436.112,99.2,18252.086,29812.129
437.132,101.0,18252.086,29812.129
438.15,99.2,18252.086,29812.129
439.168,100.2,18252.086,29812.129
440.186,99.2,18252.086,29812.129
441.204,100.2,18252.086,29812.129
442.221,99.2,18252.086,29812.129
443.241,100.1,18252.086,29812.129
444.258,99.2,18252.086,29812.129
445.276,101.2,18252.086,29812.129
446.294,99.2,18252.086,29812.129
447.312,99.2,18252.086,29812.129
448.33,100.2,18252.086,29812.129
449.348,100.2,18252.086,29812.129
450.366,99.2,18252.086,29812.129
451.384,99.2,18252.086,29812.129
452.402,101.2,18252.086,29812.129
453.42,99.2,18252.086,29812.129
454.438,100.2,18252.086,29812.129
455.455,99.2,18252.086,29812.129
456.473,100.2,18252.086,29812.129
457.49,99.3,18252.086,29812.129
458.508,100.2,18252.086,29812.129
459.526,100.2,18252.086,29812.129
460.544,99.2,18252.086,29812.129
461.562,100.2,18252.086,29812.129
462.58,100.2,18252.086,29812.129
463.598,99.2,18252.086,29812.129
464.615,100.2,18252.086,29812.129
465.633,99.2,18252.086,29812.129
466.651,100.2,18252.086,29812.129
467.669,100.2,18252.086,29812.129
468.687,99.2,18252.086,29812.129
469.705,99.2,18252.086,29812.129
470.723,100.2,18252.086,29812.129
471.741,101.2,18252.086,29812.129
472.759,99.2,18252.086,29812.129
473.777,99.2,18252.086,29812.129
474.795,101.2,18252.086,29812.129
475.813,99.2,18252.086,29812.129
476.831,99.2,18252.086,29812.129
477.848,99.2,18296.289,29812.129
478.869,99.0,18296.453,29812.129
479.887,100.2,18296.453,29812.129
480.905,100.2,18296.453,29812.129
481.923,99.2,18296.453,29812.129
482.941,100.2,18296.453,29812.129
483.959,99.2,18296.453,29812.129
484.977,100.2,18296.453,29812.129
485.995,99.2,18296.453,29812.129
487.013,101.2,18296.453,29812.129
488.031,99.2,18296.453,29812.129
489.049,100.2,18296.453,29812.129
490.067,99.2,18296.453,29812.129
491.085,100.2,18296.453,29812.129
492.103,100.2,18296.453,29812.129
493.121,99.2,18296.453,29812.129
494.139,100.2,18296.453,29812.129
495.157,99.2,18296.453,29812.129
496.175,100.2,18296.453,29812.129
497.193,100.2,18296.453,29812.129
498.211,99.2,18296.453,29812.129
499.229,100.2,18296.453,29812.129
500.247,100.2,18296.453,29812.129
501.265,99.2,18296.453,29812.129
502.283,100.2,18296.453,29812.129
503.301,99.2,18296.453,29812.129
504.319,100.2,18296.453,29812.129
505.337,100.2,18296.453,29812.129
506.355,99.2,18296.453,29812.129
507.372,100.2,18296.453,29812.129
508.391,100.2,18296.453,29812.129
509.408,99.2,18296.453,29812.129
510.426,100.2,18296.453,29812.129
511.444,99.2,18296.453,29812.129
512.462,100.2,18296.453,29812.129
513.48,100.3,18296.453,29812.129
514.497,100.3,18296.453,29812.129
515.514,99.2,18296.453,29812.129
516.532,99.2,18296.453,29812.129
517.55,101.2,18296.453,29812.129
518.568,99.2,18296.453,29812.129
519.586,99.2,18296.453,29812.129
520.604,100.2,18296.453,29812.129
521.622,100.2,18296.453,29812.129
522.64,99.2,18296.453,29812.129
523.658,100.2,18296.453,29812.129
524.676,100.2,18296.453,29812.129
525.694,100.2,18296.453,29812.129
526.712,99.2,18296.453,29812.129
527.73,100.2,18296.453,29812.129
528.748,97.3,18296.453,29812.129
529.766,99.2,18296.453,29812.129
530.784,100.2,18296.453,29812.129
531.802,99.2,18296.453,29812.129
532.82,100.2,18296.453,29812.129
533.838,100.2,18296.453,29812.129
534.856,100.2,18296.453,29812.129
535.874,99.2,18296.453,29812.129
536.892,99.2,18296.453,29812.129
537.91,101.2,18296.453,29812.129
538.928,99.2,18296.453,29812.129
539.946,99.2,18296.453,29812.129
540.964,101.2,18296.453,29812.129
541.982,99.2,18296.453,29812.129
543.001,100.1,18296.453,29812.129
544.019,99.2,18296.453,29812.129
545.037,99.2,18296.453,29812.129
546.054,101.2,18296.453,29812.129
547.072,99.2,18296.453,29812.129
548.09,99.2,18296.453,29812.129
549.108,101.2,18296.453,29812.129
550.126,99.2,18296.453,29812.129
551.144,100.2,18296.453,29812.129
552.162,99.2,18296.453,29812.129
553.18,100.2,18296.453,29812.129
554.198,100.2,18296.453,29812.129
555.216,99.2,18296.453,29812.129
556.234,100.2,18296.453,29812.129
557.252,100.2,18296.453,29812.129
558.269,99.2,18296.453,29812.129
559.287,99.2,18303.848,29812.129
560.307,99.0,18303.848,29812.129
561.325,100.2,18303.848,29812.129
562.343,100.2,18303.848,29812.129
563.361,100.2,18303.848,29812.129
564.379,99.2,18303.848,29812.129
565.397,100.2,18303.848,29812.129
566.415,99.2,18303.848,29812.129
567.433,99.2,18303.848,29812.129
568.45,101.2,18303.848,29812.129
569.468,99.2,18303.848,29812.129
570.485,99.3,18303.848,29812.129
571.502,100.3,18303.848,29812.129
572.52,100.2,18303.848,29812.129
573.538,99.2,18303.848,29812.129
574.555,100.2,18303.848,29812.129
575.573,100.2,18303.848,29812.129
576.591,99.2,18303.848,29812.129
577.609,100.2,18303.848,29812.129
578.627,99.2,18303.848,29812.129
579.645,100.2,18303.848,29812.129
580.663,99.2,18303.848,29812.129
581.68,100.2,18303.848,29812.129
582.698,100.2,18303.848,29812.129
583.716,99.2,18303.848,29812.129
584.734,100.2,18304.043,29812.129
585.754,99.1,18304.141,29812.129
586.771,100.2,18304.141,29812.129
587.789,100.2,18304.141,29812.129
588.807,99.2,18304.141,29812.129
589.825,100.2,18304.141,29812.129
590.843,99.2,18304.141,29812.129
591.861,100.2,18304.141,29812.129
592.879,100.2,18304.141,29812.129
593.897,99.2,18304.141,29812.129
594.915,100.2,18304.141,29812.129
595.932,99.2,18304.141,29812.129
596.95,100.2,18304.141,29812.129
597.968,98.2,18323.93,29812.129
598.988,100.0,18323.93,29812.129
600.006,99.2,18323.93,29812.129
601.024,100.2,18323.93,29812.129
602.042,100.2,18323.93,29812.129
603.06,99.2,18323.93,29812.129
604.078,99.2,18323.93,29812.129
605.096,101.2,18323.93,29812.129
606.114,99.2,18323.93,29812.129
607.132,99.2,18323.93,29812.129
608.15,100.2,18323.93,29812.129
609.168,99.2,18323.93,29812.129
610.185,101.2,18323.93,29812.129
611.203,99.2,18323.93,29812.129
612.221,99.2,18323.93,29812.129
613.239,100.2,18323.93,29812.129
614.257,100.2,18323.93,29812.129
615.274,99.2,18323.93,29812.129
616.292,100.2,18323.93,29812.129
617.31,100.2,18323.93,29812.129
618.328,99.2,18323.93,29812.129
619.346,100.2,18323.93,29812.129
620.363,99.2,18323.93,29812.129
621.381,100.2,18323.93,29812.129
622.399,100.2,18323.93,29812.129
623.417,99.2,18323.93,29812.129
624.435,100.2,18323.93,29812.129
625.452,99.2,18323.93,29812.129
626.47,100.2,18323.93,29812.129
627.487,99.3,18323.93,29812.129
628.505,100.2,18323.93,29812.129
629.523,99.2,18323.93,29812.129
630.541,101.2,18323.93,29812.129
631.559,99.2,18323.93,29812.129
632.576,99.2,18323.93,29812.129
633.594,100.2,18323.93,29812.129
634.612,100.2,18323.93,29812.129
635.63,99.2,18323.93,29812.129
636.648,14.7,18363.605,30318.547
637.668,0.0,18386.465,39719.914
638.682,0.0,18356.41,30296.488
639.704,0.0,18356.41,30296.488
640.724,0.0,18465.762,40802.445
641.747,101.3,18501.66,41083.703
642.767,98.9,18581.637,41172.211
643.788,99.0,18737.164,41310.605
644.808,99.9,18748.602,41321.52
645.829,98.9,18781.262,41353.816
646.85,0.0,18400.148,38597.695
647.865,101.3,18470.512,40991.309
648.886,83.2,18535.207,41135.836
649.907,97.9,18659.867,41239.938
650.929,100.1,18656.25,41234.574
651.948,99.9,18678.281,41256.145
652.969,0.0,18393.469,38577.477
653.99,101.3,18464.508,41075.676
655.011,87.2,18544.41,41156.086
656.032,98.9,18571.191,41167.367
657.053,98.9,18717.875,41312.055
658.075,99.9,18749.746,41343.609
659.096,98.0,18355.855,30191.117
660.116,0.0,18438.465,40835.992
661.131,75.4,18506.176,41117.461
662.153,99.8,18559.832,41170.211
663.175,98.8,18614.977,41203.758
664.196,98.9,18784.824,41372.43
665.218,99.9,18821.996,41409.352
666.239,0.0,18364.75,30317.09
667.262,101.3,18442.43,40835.676
668.279,75.4,18510.449,41123.207
669.301,98.9,18590.879,41179.957
670.322,99.1,18591.0,41179.957
671.341,100.0,18592.945,41180.398
672.361,0.0,18415.91,38620.609
673.382,101.3,18485.449,41135.957
674.403,90.1,18547.008,41150.586
675.424,98.9,18597.816,41201.336
676.446,98.9,18649.25,41253.086
677.467,99.9,18700.773,41304.586
678.488,99.8,18818.762,41571.906
679.51,99.0,19112.809,41695.273
680.53,99.8,19185.801,41768.078
681.553,99.8,18355.855,30191.117
682.575,0.0,18451.055,40834.152
683.597,101.3,18503.855,41122.461
684.617,98.9,18555.273,41172.961
685.639,98.9,18609.434,41225.461
686.66,98.9,18851.91,41443.477
687.681,99.8,18866.621,41457.938
688.703,99.9,18911.855,41502.438
689.724,0.0,18362.395,30315.469
690.746,101.3,18468.199,40881.016
691.767,78.3,18523.773,41126.586
692.789,99.9,18578.68,41181.586
693.81,97.9,18717.906,41302.609
694.832,100.1,18717.934,41302.609
695.851,98.9,18704.754,41289.012
696.873,0.0,18426.742,38640.957
697.894,101.3,18487.27,41070.129
698.916,95.0,18559.758,41164.957
699.937,98.9,18609.98,41215.707
700.959,99.9,18659.211,41265.207
701.98,98.9,18710.582,41315.707
703.001,98.9,18760.59,41366.457
704.023,100.8,18809.906,41415.957
705.044,97.9,18861.453,41466.707
706.065,99.8,19277.305,41866.102
707.087,99.8,19475.129,42062.797
708.109,100.0,19475.16,42062.797
709.128,99.9,19590.883,42178.375
710.15,0.0,18405.512,38597.316
711.171,101.3,18476.055,41078.211
712.193,88.1,18514.055,41103.238
713.214,100.1,18514.082,41103.238
714.233,98.9,18503.523,41091.949
715.255,1.0,18428.16,40833.281
716.28,101.3,18501.625,41122.59
717.301,97.9,18531.34,41124.391
718.323,100.0,18537.105,41129.766
719.342,0.0,18355.855,30191.117
720.364,0.0,18437.266,40835.676
721.381,75.4,18504.832,41116.707
722.402,98.8,18555.113,41167.457
723.424,98.9,18607.832,41217.957
724.446,99.9,18658.074,41268.707
725.467,98.9,18710.227,41320.457
726.489,99.8,19045.148,41697.848
727.51,99.0,19126.801,41717.934
728.53,99.8,19206.098,41797.121
729.552,99.8,18355.855,30191.117
730.574,0.0,18458.414,40833.531
731.597,101.3,18502.781,41124.84
732.619,98.9,18551.043,41171.34
733.64,99.9,18600.062,41220.84
734.662,98.9,18648.887,41269.59
735.683,98.9,18698.027,41319.09
736.704,99.9,18746.707,41367.59
737.726,99.8,18829.043,41426.184
738.747,97.9,19238.531,41833.93
739.769,101.1,19238.531,41833.93
740.788,99.8,19329.797,41925.094
741.81,0.0,18397.773,38574.496
742.831,101.3,18489.047,41072.285
743.853,86.1,18552.141,41149.211
744.875,98.9,18603.367,41199.711
745.896,98.9,18656.711,41253.461
746.917,99.8,18702.07,41283.773
747.939,98.9,18974.031,41554.492
748.96,99.8,19034.82,41614.836
749.983,0.0,18355.855,30191.117
751.006,0.0,18433.145,40843.461
752.027,75.4,18509.824,41124.965
753.049,99.8,18559.301,41174.465
754.07,98.9,18608.965,41223.965
755.092,99.8,18660.602,41275.715
756.114,99.0,18709.5,41324.215
757.134,99.9,18761.633,41376.965
758.156,99.9,18810.801,41425.465
759.177,98.8,19189.895,41785.98
760.199,98.8,19367.766,41962.852
761.221,100.1,19367.836,41962.852
762.24,99.8,19323.449,41918.371
763.262,0.0,18419.457,38620.48
764.283,101.3,18491.199,41151.449
765.305,91.0,18547.277,41154.211
766.326,99.8,18589.512,41195.961
767.348,98.9,18631.656,41237.961
768.369,99.8,18674.035,41280.961
769.391,98.9,18716.738,41322.711
770.412,99.9,18758.801,41365.711
771.434,99.8,18801.598,41407.711
772.456,98.9,18844.668,41450.711
773.477,99.9,18887.773,41493.711
774.499,98.9,18930.465,41536.711
775.519,99.8,18973.238,41579.461
776.541,99.8,19016.395,41622.461
777.563,98.9,19058.457,41664.461
778.584,98.9,19101.344,41707.461
779.605,100.8,19143.984,41750.461
780.627,98.9,19187.152,41793.461
781.649,99.9,19235.383,41819.461
782.67,99.7,19361.016,42367.84
783.693,98.8,20125.387,42708.762
784.715,99.9,20125.527,42708.762
785.736,99.8,20164.266,42747.09
786.758,0.0,18361.242,30314.691
787.781,101.3,18444.152,40878.539
788.802,76.4,18516.012,41127.84
789.824,99.8,18571.152,41183.34
790.845,99.9,18624.422,41237.09
791.867,98.8,18679.152,41291.59
792.889,98.9,18998.516,41594.586
793.91,98.9,19015.898,41611.805
794.932,100.8,19084.965,41680.461
795.954,1.0,18388.496,38564.734
796.977,101.3,18484.637,40964.629
797.999,82.2,18538.617,41136.711
799.02,98.8,18592.324,41190.711
800.042,97.8,18745.809,41326.543
801.064,100.1,18745.914,41326.543
802.083,99.9,18779.48,41359.613
803.105,0.0,18394.059,38580.188
804.128,101.3,18455.719,41070.914
805.149,85.2,18525.324,41147.09
806.171,99.8,18574.469,41196.59
807.193,99.9,18623.332,41245.09
808.214,98.9,18673.203,41294.84
809.236,98.9,18723.105,41345.34
810.258,99.8,18773.254,41394.84
811.279,98.8,18919.277,41731.82
812.301,98.8,19294.824,41894.809
813.323,100.1,19294.824,41894.809
814.343,99.8,19252.852,41852.535
815.365,48.9,0.0,0.0
