Elapsed_time,CPU,Real_MB,Virtual_MB
0.000,0.000,35.180,8411.711
1.013,96.800,103.738,8403.109
2.033,81.400,127.223,8495.289
3.055,93.000,203.996,8574.082
4.076,96.000,305.133,8676.145
5.095,96.100,352.492,8727.918
6.116,98.000,363.176,8739.465
7.136,91.100,401.105,8778.336
8.158,82.300,455.891,8834.258
9.178,96.000,503.090,8882.078
10.198,99.000,503.105,8882.078
11.219,100.000,503.105,8882.078
12.239,99.000,503.105,8882.078
13.260,100.000,522.062,8901.406
14.280,98.900,522.062,8901.406
15.301,100.000,522.191,8901.406
16.321,100.000,613.945,9916.426
17.342,100.000,620.012,10072.426
18.362,100.000,631.492,10365.426
19.382,338.100,1727.648,12248.691
20.404,282.900,1300.887,10560.051
21.424,99.900,1789.699,11071.051
22.445,99.000,2150.555,11385.539
23.465,100.000,3091.773,12311.648
24.485,100.000,3574.641,12789.871
25.505,86.200,3286.734,12501.461
26.526,11.800,3282.023,12514.535
27.540,56.200,3291.785,12514.664
28.561,2.900,3291.188,12514.664
29.583,0.000,3290.832,12514.664
30.604,0.000,3289.809,12514.664
31.624,0.000,3289.230,12514.664
32.645,0.000,3289.039,12514.664
33.666,0.000,3288.883,12514.664
34.687,3.900,3287.969,12514.664
35.707,18.600,3289.309,12514.664
36.729,2.000,3289.305,12514.664
37.751,0.000,3289.305,12514.664
38.771,0.000,3289.305,12514.664
39.792,0.000,3289.305,12514.664
40.813,0.000,3289.305,12514.664
41.833,0.000,3289.305,12514.664
42.854,3.900,3289.305,12514.664
43.874,31.400,3291.465,12514.664
44.895,19.600,3292.516,12514.664
45.916,26.500,3294.691,12514.664
46.936,22.500,3295.953,12514.664
47.957,21.500,3297.051,12514.664
48.978,0.000,3296.848,12514.664
49.999,0.000,3296.848,12514.664
51.020,0.000,3296.848,12514.664
52.040,0.000,3296.848,12514.664
53.061,0.000,3296.848,12514.664
54.082,0.000,3296.848,12514.664
55.103,4.900,3296.902,12514.664
56.123,18.600,3297.898,12514.664
57.144,0.000,3297.898,12514.664
58.166,0.000,3297.898,12514.664
59.187,0.000,3297.898,12514.664
60.207,0.000,3297.898,12514.664
61.228,0.000,3297.898,12514.664
62.249,0.000,3297.898,12514.664
63.269,5.900,3297.898,12514.664
64.290,10.800,3298.395,12514.664
65.311,45.100,3302.141,12514.664
66.332,50.000,3302.141,12514.664
67.353,49.000,3302.145,12514.664
68.373,38.200,3302.145,12514.664
69.394,40.200,3302.145,12514.664
70.415,10.800,3302.145,12514.664
71.435,63.700,3371.074,12577.805
72.456,27.400,3371.637,12577.805
73.476,33.300,3372.879,12577.805
74.497,26.400,3373.406,12577.805
75.518,22.500,3327.836,12531.977
76.539,31.300,3327.836,12531.977
77.561,23.500,3327.836,12531.977
78.582,25.500,3327.836,12531.977
79.602,25.500,3327.836,12531.977
80.623,28.400,3327.840,12531.977
81.644,37.200,3327.840,12531.977
82.665,28.400,3327.840,12531.977
83.686,48.000,3327.840,12531.977
84.707,30.400,3327.840,12531.977
85.728,24.500,3327.840,12531.977
86.751,22.500,3327.863,12531.977
87.773,47.900,3404.438,12608.461
88.794,31.300,3404.441,12608.461
89.815,32.300,3404.441,12608.461
90.835,29.400,3404.449,12608.461
91.856,29.400,3404.449,12608.461
92.877,37.200,3404.453,12608.461
93.897,27.400,3404.453,12608.461
94.918,30.400,3404.555,12608.461
95.939,20.600,3404.555,12608.461
96.960,28.400,3404.555,12608.461
97.981,33.300,3516.852,12720.977
99.003,50.900,3517.047,12720.977
100.024,27.400,3517.047,12720.977
101.045,41.100,3381.016,12584.945
102.066,27.400,3381.016,12584.945
103.087,27.400,3381.016,12584.945
104.108,31.400,3381.016,12584.945
105.129,22.500,3381.016,12584.945
106.150,21.600,3381.016,12584.945
107.171,21.500,3381.016,12584.945
108.192,12.700,3381.016,12584.945
109.212,92.100,3385.191,12584.945
110.232,26.500,3385.191,12584.945
111.253,24.500,3385.305,12584.945
112.270,26.600,3385.305,12584.945
113.286,24.600,3385.305,12584.945
114.306,8.800,3385.305,12584.945
115.327,7.800,3385.305,12584.945
116.348,7.800,3385.305,12584.945
117.368,8.800,3385.305,12584.945
118.389,7.800,3385.305,12584.945
119.409,6.900,3385.305,12584.945
120.430,7.800,3385.305,12584.945
121.451,9.800,3385.305,12584.945
122.471,7.800,3385.305,12584.945
123.491,7.800,3385.305,12584.945
124.512,10.800,3385.305,12584.945
125.532,8.800,3385.305,12584.945
126.553,7.800,3385.305,12584.945
127.573,6.900,3385.305,12584.945
128.594,44.100,3385.324,12584.945
129.615,99.900,3385.324,12584.945
130.635,100.000,3385.324,12584.945
131.656,100.900,3385.324,12584.945
132.676,100.000,3385.324,12584.945
133.696,100.000,3385.324,12584.945
134.717,99.900,3385.324,12584.945
135.738,99.900,3385.324,12584.945
136.758,100.000,3385.324,12584.945
137.779,100.000,3385.324,12584.945
138.799,100.000,3385.324,12584.945
139.820,100.000,3385.324,12584.945
140.840,100.000,3385.324,12584.945
141.860,100.900,3385.324,12584.945
142.881,100.000,3385.324,12584.945
143.901,100.000,3385.324,12584.945
144.922,100.000,3385.324,12584.945
145.942,100.000,3385.324,12584.945
146.962,100.000,3385.324,12584.945
147.983,100.000,3385.324,12584.945
149.003,100.000,3385.324,12584.945
150.024,100.000,3385.324,12584.945
151.044,100.900,3385.324,12584.945
152.065,99.900,3385.324,12584.945
153.085,100.000,3385.324,12584.945
154.105,100.000,3385.324,12584.945
155.126,100.000,3385.324,12584.945
156.146,100.900,3385.324,12584.945
157.167,99.900,3385.324,12584.945
158.188,99.900,3385.324,12584.945
159.208,100.000,3385.324,12584.945
160.229,100.000,3385.324,12584.945
161.249,100.000,3385.324,12584.945
162.269,100.000,3385.324,12584.945
163.290,100.000,3385.324,12584.945
164.310,100.000,3385.324,12584.945
165.330,100.000,3385.324,12584.945
166.351,100.000,3385.324,12584.945
167.371,100.900,3385.324,12584.945
168.392,100.000,3385.324,12584.945
169.412,100.000,3385.324,12584.945
170.432,100.000,3385.324,12584.945
171.453,100.000,3385.324,12584.945
172.472,100.100,3385.324,12584.945
173.492,100.000,3385.324,12584.945
174.513,100.000,3385.324,12584.945
175.533,100.000,3385.324,12584.945
176.554,100.000,3385.324,12584.945
177.574,100.000,3385.324,12584.945
178.595,100.900,3385.324,12584.945
179.615,100.000,3385.324,12584.945
180.636,100.000,3385.324,12584.945
181.656,100.900,3385.324,12584.945
182.676,100.000,3385.324,12584.945
183.697,100.000,3385.324,12584.945
184.717,100.000,3385.324,12584.945
185.738,100.000,3385.324,12584.945
186.758,100.000,3385.324,12584.945
187.779,100.000,3385.324,12584.945
188.799,100.900,3385.324,12584.945
189.820,100.000,3385.324,12584.945
190.841,99.900,3385.324,12584.945
191.861,99.900,3385.324,12584.945
192.881,100.000,3385.324,12584.945
193.902,100.000,3385.324,12584.945
194.922,100.000,3385.324,12584.945
195.942,100.000,3385.324,12584.945
196.963,100.000,3385.324,12584.945
197.983,100.000,3385.324,12584.945
199.004,69.600,3385.324,12584.945
200.025,45.100,3385.324,12584.945
201.045,35.300,3385.324,12584.945
202.066,8.800,3385.324,12584.945
203.086,7.800,3385.324,12584.945
204.107,7.800,3385.324,12584.945
205.127,6.900,3385.324,12584.945
206.148,8.800,3385.324,12584.945
207.168,7.800,3385.324,12584.945
208.188,7.800,3385.324,12584.945
209.209,6.900,3385.324,12584.945
210.229,8.800,3385.324,12584.945
211.249,7.800,3385.324,12584.945
212.270,7.800,3385.324,12584.945
213.290,12.700,3385.324,12584.945
214.310,55.900,3385.324,12584.945
215.330,100.000,3385.324,12584.945
216.351,100.900,3385.324,12584.945
217.371,100.000,3385.324,12584.945
218.391,100.000,3385.324,12584.945
219.412,100.900,3385.324,12584.945
220.432,100.000,3385.324,12584.945
221.452,100.000,3385.324,12584.945
222.472,100.100,3385.324,12584.945
223.492,100.000,3385.324,12584.945
224.512,100.000,3385.324,12584.945
225.533,100.000,3385.324,12584.945
226.553,100.000,3385.324,12584.945
227.574,99.900,3385.324,12584.945
228.594,100.000,3385.324,12584.945
229.614,100.000,3385.324,12584.945
230.635,100.000,3385.324,12584.945
231.655,100.000,3385.324,12584.945
232.675,100.000,3385.324,12584.945
233.696,100.000,3385.324,12584.945
234.716,100.900,3385.324,12584.945
235.737,100.000,3385.324,12584.945
236.757,100.000,3385.324,12584.945
237.778,100.000,3385.324,12584.945
238.798,100.000,3385.324,12584.945
239.818,100.900,3385.324,12584.945
240.839,100.000,3385.324,12584.945
241.859,99.000,3385.324,12584.945
242.880,100.900,3385.324,12584.945
243.900,99.900,3385.324,12584.945
244.921,99.900,3385.324,12584.945
245.942,100.900,3385.324,12584.945
246.962,100.000,3385.324,12584.945
247.982,100.000,3385.324,12584.945
249.003,100.000,3385.324,12584.945
250.023,100.000,3385.324,12584.945
251.044,100.000,3385.324,12584.945
252.064,100.000,3385.324,12584.945
253.084,100.000,3385.324,12584.945
254.105,100.000,3385.324,12584.945
255.125,100.000,3385.324,12584.945
256.146,100.900,3385.324,12584.945
257.166,100.000,3385.324,12584.945
258.186,100.000,3385.324,12584.945
259.207,100.000,3385.324,12584.945
260.227,100.000,3385.324,12584.945
261.248,100.000,3385.324,12584.945
262.268,100.000,3385.324,12584.945
263.288,100.000,3385.324,12584.945
264.309,100.900,3385.324,12584.945
265.329,100.000,3385.324,12584.945
266.349,100.000,3385.324,12584.945
267.370,100.000,3385.324,12584.945
268.390,100.000,3385.324,12584.945
269.410,100.000,3385.324,12584.945
270.431,100.000,3385.324,12584.945
271.451,100.900,3385.324,12584.945
272.470,100.100,3385.324,12584.945
273.491,100.000,3385.324,12584.945
274.511,100.000,3385.324,12584.945
275.532,100.000,3385.324,12584.945
276.552,100.000,3385.324,12584.945
277.572,100.000,3385.324,12584.945
278.593,100.000,3385.324,12584.945
279.613,100.000,3385.324,12584.945
280.634,100.000,3430.277,12619.691
281.654,54.900,3441.145,12619.691
282.675,32.300,3441.145,12619.691
283.696,12.700,3441.145,12619.691
284.717,28.400,3441.145,12619.691
285.737,22.500,3441.145,12619.691
286.758,16.700,3441.145,12619.691
287.779,15.700,3441.145,12619.691
288.799,8.800,3441.145,12619.691
289.820,7.800,3441.145,12619.691
290.841,8.800,3441.145,12619.691
291.861,7.800,3441.145,12619.691
292.882,8.800,3441.145,12619.691
293.902,6.900,3441.145,12619.691
294.922,7.800,3441.145,12619.691
295.943,8.800,3441.145,12619.691
296.963,7.800,3441.145,12619.691
297.984,8.800,3441.145,12619.691
299.004,7.800,3441.145,12619.691
300.025,8.800,3441.145,12619.691
301.045,9.800,3441.145,12619.691
302.065,8.800,3441.145,12619.691
303.086,13.700,3441.145,12619.691
304.106,5.900,3441.145,12619.691
305.125,5.900,3441.145,12619.691
306.143,16.700,3441.145,12619.691
307.162,100.200,3441.160,12619.691
308.180,100.200,3441.160,12619.691
309.198,100.200,3441.160,12619.691
310.216,99.200,3441.160,12619.691
311.234,101.200,3441.160,12619.691
312.252,100.200,3441.160,12619.691
313.271,100.100,3441.160,12619.691
314.290,100.200,3441.160,12619.691
315.308,100.200,3441.160,12619.691
316.326,99.200,3441.160,12619.691
317.344,100.200,3441.160,12619.691
318.362,100.200,3441.160,12619.691
319.380,99.200,3441.160,12619.691
320.399,100.200,3441.160,12619.691
321.417,100.200,3441.160,12619.691
322.435,100.200,3441.160,12619.691
323.453,101.200,3441.160,12619.691
324.470,99.300,3441.160,12619.691
325.488,100.200,3441.160,12619.691
326.506,100.200,3441.160,12619.691
327.524,100.200,3441.160,12619.691
328.543,100.200,3441.160,12619.691
329.561,100.200,3441.160,12619.691
330.579,99.200,3441.160,12619.691
331.597,100.200,3441.160,12619.691
332.615,101.200,3441.160,12619.691
333.634,99.200,3441.160,12619.691
334.652,100.200,3441.160,12619.691
335.670,100.200,3441.160,12619.691
336.688,100.200,3441.160,12619.691
337.706,99.200,3441.160,12619.691
338.725,101.200,3441.160,12619.691
339.744,99.100,3441.160,12619.691
340.762,101.200,3441.160,12619.691
341.780,100.200,3441.160,12619.691
342.799,99.100,3441.160,12619.691
343.817,100.200,3441.160,12619.691
344.836,100.200,3441.160,12619.691
345.854,101.200,3441.160,12619.691
346.872,100.200,3441.160,12619.691
347.890,100.200,3441.160,12619.691
348.908,99.200,3441.160,12619.691
349.926,100.200,3441.160,12619.691
350.945,100.200,3441.160,12619.691
351.963,100.200,3441.160,12619.691
352.981,99.200,3441.160,12619.691
353.999,101.200,3441.160,12619.691
355.017,99.200,3441.160,12619.691
356.035,100.200,3441.160,12619.691
357.054,101.200,3441.160,12619.691
358.072,99.200,3441.160,12619.691
359.090,100.200,3441.160,12619.691
360.108,99.200,3441.160,12619.691
361.126,101.200,3441.160,12619.691
362.144,100.200,3441.160,12619.691
363.163,100.200,3441.160,12619.691
364.181,99.200,3441.160,12619.691
365.200,100.100,3441.160,12619.691
366.218,100.200,3441.160,12619.691
367.236,100.200,3441.160,12619.691
368.254,101.200,3441.160,12619.691
369.272,99.200,3441.160,12619.691
370.290,100.200,3441.160,12619.691
371.308,99.200,3441.160,12619.691
372.326,101.200,3441.160,12619.691
373.346,100.100,3441.160,12619.691
374.364,99.200,3441.160,12619.691
375.382,101.200,3441.160,12619.691
376.400,77.600,3441.160,12619.691
377.419,46.100,3441.160,12619.691
378.439,37.200,3441.160,12619.691
379.459,14.700,3441.160,12619.691
380.479,8.800,3441.160,12619.691
381.499,8.800,3441.160,12619.691
382.520,7.800,3441.160,12619.691
383.541,8.800,3441.160,12619.691
384.561,7.800,3441.160,12619.691
385.582,8.800,3441.160,12619.691
386.602,6.900,3441.160,12619.691
387.623,9.800,3441.160,12619.691
388.643,8.800,3441.160,12619.691
389.663,8.800,3441.160,12619.691
390.684,15.700,3441.160,12619.691
391.705,9.800,3441.160,12619.691
392.725,9.800,3441.160,12619.691
393.745,5.900,3441.160,12619.691
394.766,35.300,3441.160,12619.691
395.787,99.900,3441.160,12619.691
396.808,99.900,3441.160,12619.691
397.826,100.200,3441.160,12619.691
398.844,99.200,3441.160,12619.691
399.862,100.200,3441.160,12619.691
400.880,101.200,3441.160,12619.691
401.898,99.200,3441.160,12619.691
402.917,100.100,3441.160,12619.691
403.936,101.200,3441.160,12619.691
404.954,99.200,3441.160,12619.691
405.972,100.200,3441.160,12619.691
406.990,99.200,3441.160,12619.691
408.008,101.200,3441.160,12619.691
409.027,99.200,3441.160,12619.691
410.045,101.200,3441.160,12619.691
411.063,100.200,3441.160,12619.691
412.081,100.200,3441.160,12619.691
413.099,99.200,3441.160,12619.691
414.117,100.200,3441.160,12619.691
415.135,100.200,3441.160,12619.691
416.154,100.200,3441.160,12619.691
417.172,100.200,3441.160,12619.691
418.190,100.200,3441.160,12619.691
419.208,99.200,3441.160,12619.691
420.226,100.200,3441.160,12619.691
421.244,100.200,3441.160,12619.691
422.262,100.200,3441.160,12619.691
423.281,100.200,3441.160,12619.691
424.299,100.200,3441.160,12619.691
425.317,100.100,3441.160,12619.691
426.336,100.200,3441.160,12619.691
427.354,100.200,3441.160,12619.691
428.372,100.200,3441.160,12619.691
429.390,100.200,3441.160,12619.691
430.408,99.200,3441.160,12619.691
431.426,101.200,3441.160,12619.691
432.445,100.200,3441.160,12619.691
433.463,99.200,3441.160,12619.691
434.481,100.200,3441.160,12619.691
435.499,100.200,3441.160,12619.691
436.517,100.200,3441.160,12619.691
437.536,100.200,3441.160,12619.691
438.554,100.200,3441.160,12619.691
439.572,100.200,3441.160,12619.691
440.590,100.200,3441.160,12619.691
441.608,100.200,3441.160,12619.691
442.627,99.200,3441.160,12619.691
443.645,100.200,3441.160,12619.691
444.663,100.200,3441.160,12619.691
445.681,100.200,3441.160,12619.691
446.699,100.200,3441.160,12619.691
447.718,100.200,3441.160,12619.691
448.736,100.200,3441.160,12619.691
449.754,100.200,3441.160,12619.691
450.772,100.200,3441.160,12619.691
451.790,100.200,3441.160,12619.691
452.808,100.200,3441.160,12619.691
453.827,100.200,3441.160,12619.691
454.845,100.200,3441.160,12619.691
455.863,99.200,3441.160,12619.691
456.881,100.200,3441.160,12619.691
457.899,100.200,3441.160,12619.691
458.918,100.200,3441.160,12619.691
459.936,100.200,3441.160,12619.691
460.954,99.200,3441.160,12619.691
461.972,100.200,3441.160,12619.691
462.991,101.100,3441.160,12619.691
464.009,100.200,3441.160,12619.691
465.027,99.200,3441.160,12619.691
466.045,100.200,3503.176,12665.957
467.064,40.300,3504.531,12665.957
468.082,27.500,3504.531,12665.957
469.100,38.300,3504.660,12665.957
470.120,25.500,3504.660,12665.957
471.141,16.700,3504.660,12665.957
472.162,36.200,3504.660,12665.957
473.183,17.600,3504.660,12665.957
474.203,8.800,3504.660,12665.957
475.224,9.800,3504.660,12665.957
476.244,7.800,3504.660,12665.957
477.265,7.800,3504.660,12665.957
478.285,8.800,3504.660,12665.957
479.306,8.800,3504.660,12665.957
480.327,9.800,3504.660,12665.957
481.348,9.800,3504.660,12665.957
482.369,8.800,3504.660,12665.957
483.390,7.800,3504.660,12665.957
484.410,9.800,3504.660,12665.957
485.432,13.700,3504.660,12665.957
486.452,7.800,3504.660,12665.957
487.472,8.800,3504.660,12665.957
488.493,8.800,3504.660,12665.957
489.513,8.800,3504.660,12665.957
490.534,6.900,3504.660,12665.957
491.554,5.900,3504.660,12665.957
492.575,7.800,3504.660,12665.957
493.595,5.900,3504.660,12665.957
494.616,94.100,3504.660,12665.957
495.637,100.900,3504.660,12665.957
496.657,99.900,3504.660,12665.957
497.678,99.900,3504.660,12665.957
498.699,99.900,3504.660,12665.957
499.719,99.900,3504.660,12665.957
500.740,100.900,3504.660,12665.957
501.761,99.900,3504.660,12665.957
502.781,99.000,3504.660,12665.957
503.802,100.900,3504.660,12665.957
504.822,99.900,3504.660,12665.957
505.843,99.900,3504.660,12665.957
506.864,99.900,3504.660,12665.957
507.884,99.900,3504.660,12665.957
508.905,100.900,3504.660,12665.957
509.925,99.900,3504.660,12665.957
510.946,99.900,3504.660,12665.957
511.967,99.900,3504.660,12665.957
512.987,99.900,3504.660,12665.957
514.008,99.900,3504.660,12665.957
515.028,99.900,3504.660,12665.957
516.049,99.900,3504.660,12665.957
517.069,100.900,3504.660,12665.957
518.090,99.000,3504.660,12665.957
519.111,100.900,3504.660,12665.957
520.131,99.900,3504.660,12665.957
521.152,99.900,3504.660,12665.957
522.173,99.900,3504.660,12665.957
523.193,100.000,3504.660,12665.957
524.214,99.900,3504.660,12665.957
525.234,100.900,3504.660,12665.957
526.255,99.900,3504.660,12665.957
527.276,99.900,3504.660,12665.957
528.296,100.900,3504.660,12665.957
529.317,99.900,3504.660,12665.957
530.337,99.900,3504.660,12665.957
531.358,99.900,3504.660,12665.957
532.379,99.900,3504.660,12665.957
533.399,99.000,3504.660,12665.957
534.420,100.900,3504.660,12665.957
535.440,99.900,3504.660,12665.957
536.460,100.000,3504.660,12665.957
537.481,99.900,3504.660,12665.957
538.501,99.900,3504.660,12665.957
539.522,99.900,3504.660,12665.957
540.543,99.900,3504.660,12665.957
541.563,100.900,3504.660,12665.957
542.584,100.900,3504.660,12665.957
543.605,99.900,3504.660,12665.957
544.625,99.900,3504.660,12665.957
545.647,99.900,3504.660,12665.957
546.668,99.900,3504.660,12665.957
547.688,99.900,3504.660,12665.957
548.709,99.900,3504.660,12665.957
549.730,99.900,3504.660,12665.957
550.750,99.900,3504.660,12665.957
551.771,99.900,3504.660,12665.957
552.792,100.900,3504.660,12665.957
553.812,99.900,3504.660,12665.957
554.833,99.900,3504.660,12665.957
555.854,99.900,3504.660,12665.957
556.874,99.900,3504.660,12665.957
557.895,99.900,3504.660,12665.957
558.916,99.900,3504.660,12665.957
559.936,99.900,3504.660,12665.957
560.957,100.900,3504.660,12665.957
561.978,99.900,3578.590,12722.465
562.998,50.000,3594.031,12722.465
564.020,23.500,3594.035,12722.465
565.041,29.400,3594.035,12722.465
566.062,28.400,3594.055,12722.465
567.083,29.400,3594.055,12722.465
568.104,24.500,3594.055,12722.465
569.125,31.300,3594.055,12722.465
570.146,8.800,3594.055,12722.465
571.166,8.800,3594.055,12722.465
572.187,8.800,3594.055,12722.465
573.208,7.800,3594.055,12722.465
574.229,7.800,3594.055,12722.465
575.249,12.700,3594.055,12722.465
576.270,6.900,3594.055,12722.465
577.291,8.800,3594.055,12722.465
578.312,7.800,3594.055,12722.465
579.332,8.800,3594.055,12722.465
580.353,7.800,3594.055,12722.465
581.374,7.800,3594.055,12722.465
582.394,7.800,3594.055,12722.465
583.415,8.800,3594.055,12722.465
584.436,7.800,3594.055,12722.465
585.456,9.800,3594.055,12722.465
586.476,7.800,3594.055,12722.465
587.496,7.800,3594.055,12722.465
588.517,5.900,3594.055,12722.465
589.537,7.800,3594.055,12722.465
590.558,4.900,3594.055,12722.465
591.576,4.900,3594.055,12722.465
592.595,32.400,3594.055,12722.465
593.614,100.100,3594.055,12722.465
594.632,100.200,3594.055,12722.465
595.650,100.200,3594.055,12722.465
596.669,100.200,3594.055,12722.465
597.687,100.200,3594.055,12722.465
598.705,100.200,3594.055,12722.465
599.724,100.100,3594.055,12722.465
600.742,100.200,3594.055,12722.465
601.761,100.200,3594.055,12722.465
602.779,99.200,3594.055,12722.465
603.798,100.200,3594.055,12722.465
604.816,100.200,3594.055,12722.465
605.835,100.100,3594.055,12722.465
606.854,100.100,3594.055,12722.465
607.872,101.100,3594.055,12722.465
608.891,99.200,3594.055,12722.465
609.909,100.200,3594.055,12722.465
610.928,100.200,3594.055,12722.465
611.946,100.200,3594.055,12722.465
612.965,100.100,3594.055,12722.465
613.984,100.200,3594.055,12722.465
615.002,100.200,3594.055,12722.465
616.021,100.100,3594.055,12722.465
617.039,100.200,3594.055,12722.465
618.057,100.200,3594.055,12722.465
619.076,100.100,3594.055,12722.465
620.094,99.200,3594.055,12722.465
621.113,100.200,3594.055,12722.465
622.131,100.100,3594.055,12722.465
623.150,100.200,3594.055,12722.465
624.168,100.200,3594.055,12722.465
625.186,100.200,3594.055,12722.465
626.205,100.100,3594.055,12722.465
627.223,100.200,3594.055,12722.465
628.242,100.100,3594.055,12722.465
629.260,100.200,3594.055,12722.465
630.279,99.200,3594.055,12722.465
631.297,101.100,3594.055,12722.465
632.316,99.200,3594.055,12722.465
633.334,100.200,3594.055,12722.465
634.352,100.200,3594.055,12722.465
635.371,100.200,3594.055,12722.465
636.389,100.200,3594.055,12722.465
637.408,100.200,3594.055,12722.465
638.426,100.200,3594.055,12722.465
639.444,100.200,3594.055,12722.465
640.462,100.300,3594.055,12722.465
641.480,100.100,3594.055,12722.465
642.499,100.100,3594.055,12722.465
643.518,100.100,3594.055,12722.465
644.537,100.100,3594.055,12722.465
645.555,100.100,3594.055,12722.465
646.574,100.100,3594.055,12722.465
647.592,100.200,3594.055,12722.465
648.611,100.100,3594.055,12722.465
649.629,99.200,3594.055,12722.465
650.648,101.100,3594.055,12722.465
651.666,100.200,3594.055,12722.465
652.685,99.200,3594.055,12722.465
653.703,99.200,3594.055,12722.465
654.721,101.100,3594.055,12722.465
655.740,100.100,3594.055,12722.465
656.758,100.200,3594.055,12722.465
657.777,100.100,3594.055,12722.465
658.795,100.200,3594.055,12722.465
659.814,100.200,3594.055,12722.465
660.832,100.100,3594.055,12722.465
661.851,100.200,3594.055,12722.465
662.869,99.200,3594.055,12722.465
663.888,100.200,3594.055,12722.465
664.906,100.200,3594.055,12722.465
665.925,100.100,3594.055,12722.465
666.943,100.200,3594.055,12722.465
667.962,100.200,4405.070,13563.754
668.980,99.200,4972.375,14100.688
669.999,101.100,5629.051,14757.363
671.017,97.200,5730.340,14932.656
672.039,99.800,5838.457,14967.184
673.059,100.000,5852.484,14967.184
