Elapsed_time,CPU,Real_MB,Virtual_MB
0.000,0.000,23.988,8408.699
1.013,92.800,71.707,8374.484
2.033,87.300,120.449,8487.559
3.053,95.100,185.547,8557.496
4.073,96.100,245.895,8621.141
5.093,96.100,347.828,8727.914
6.112,98.100,358.488,8740.461
7.132,92.200,396.273,8778.332
8.154,85.200,450.879,8834.258
9.173,100.000,498.324,8882.078
10.193,99.100,498.324,8882.078
11.213,97.100,507.848,8891.742
12.233,99.000,517.426,8901.406
13.252,100.000,517.426,8901.406
14.273,99.000,517.426,8901.406
15.292,100.000,517.426,8901.406
16.312,96.100,517.426,8901.406
17.332,100.000,517.426,8901.406
18.352,99.000,517.426,8901.406
19.371,100.000,517.426,8901.406
20.388,99.300,517.426,8901.406
21.407,100.100,517.426,8901.406
22.427,99.000,517.426,8901.406
23.448,100.000,517.426,8901.406
24.470,99.700,517.426,8901.406
25.490,99.100,541.250,12762.523
26.507,101.300,770.906,12762.523
27.527,99.000,774.125,12851.523
28.546,101.000,781.301,13077.523
29.566,99.000,793.418,13469.523
30.586,101.000,806.309,13877.523
31.607,99.900,836.730,14851.523
32.627,100.000,889.324,16533.523
33.646,100.000,944.238,18290.523
34.666,907.400,5470.023,29063.266
35.686,1409.500,14427.176,29063.266
36.706,286.200,6601.559,17820.906
37.726,100.000,7741.348,18996.906
38.746,100.000,9012.871,20309.906
39.766,100.000,10265.582,21602.906
40.786,101.000,11968.137,23358.906
41.806,94.100,12022.527,23400.406
42.826,99.000,12237.309,23789.035
43.846,101.000,13076.703,24526.211
44.866,100.000,14665.469,26156.312
45.885,100.000,16095.973,27776.484
46.905,100.000,18056.742,29386.855
47.925,100.000,19630.488,30855.176
48.945,100.000,13997.375,25233.715
49.965,100.000,15694.109,27176.750
50.985,100.000,17465.059,28720.887
52.005,101.000,19352.375,30720.539
53.024,99.000,14995.738,26799.000
54.044,101.000,16975.023,28175.168
55.064,80.400,17952.480,29152.094
56.085,58.800,17952.531,29152.094
57.105,80.400,14236.762,25436.258
58.125,28.400,14233.762,25449.363
59.145,15.700,14232.488,25449.348
60.165,98.000,14431.129,25645.027
61.185,5.900,14430.324,25645.027
62.205,0.000,14429.227,25645.027
63.225,0.000,14428.945,25645.027
64.245,0.000,14428.367,25645.027
65.265,0.000,14428.176,25645.027
66.285,0.000,14427.906,25645.027
67.306,7.800,14427.105,25645.027
68.325,21.600,14427.082,25645.027
69.347,0.000,14427.082,25645.027
70.368,0.000,14427.082,25645.027
71.388,0.000,14427.082,25645.027
72.408,0.000,14427.082,25645.027
73.428,0.000,14427.082,25645.027
74.448,0.000,14427.082,25645.027
75.468,8.800,14427.082,25645.027
76.488,39.200,14427.227,25645.027
77.508,26.500,14427.227,25645.027
78.529,33.300,14427.551,25645.027
79.549,24.500,14427.613,25645.027
80.564,15.800,14427.613,25645.027
81.584,12.700,14427.270,25645.027
82.605,0.000,14427.266,25645.027
83.625,0.000,14427.266,25645.027
84.645,0.000,14427.266,25645.027
85.666,0.000,14427.266,25645.027
86.686,0.000,14427.266,25645.027
87.706,3.900,14427.266,25645.027
88.726,13.700,14427.266,25645.027
89.747,13.700,14427.262,25645.027
90.768,0.000,14427.262,25645.027
91.788,0.000,14427.262,25645.027
92.808,0.000,14427.262,25645.027
93.829,0.000,14427.262,25645.027
94.850,0.000,14427.262,25645.027
95.870,2.900,14427.262,25645.027
96.890,19.600,14427.262,25645.027
97.911,39.200,14489.555,25706.609
98.932,34.300,14493.008,25706.609
99.952,29.400,14494.125,25706.609
100.973,51.000,14502.922,25706.609
101.994,53.900,14510.973,25706.609
103.012,18.700,14515.102,25706.609
104.033,23.500,14519.246,25706.609
105.053,22.500,14575.199,25770.672
106.075,79.300,14322.633,25459.461
107.095,46.100,14322.637,25459.461
108.116,50.900,14322.637,25459.461
109.137,36.200,14322.637,25459.461
110.157,40.200,14322.637,25459.461
111.178,22.500,14370.328,25520.258
112.199,74.400,14413.836,25550.656
113.220,49.000,14413.953,25550.656
114.240,51.900,14413.953,25550.656
115.261,19.600,14413.953,25550.656
116.287,19.500,14413.953,25550.656
117.308,47.000,14413.953,25550.656
118.329,25.500,14462.305,25599.500
119.349,57.800,14463.016,25599.500
120.369,51.900,14463.680,25599.500
121.390,48.000,14464.637,25599.500
122.414,34.200,14465.109,25599.500
123.435,29.400,14374.980,25508.305
124.454,68.700,14468.816,25602.352
125.468,48.300,14468.816,25602.352
126.486,50.100,14468.852,25602.352
127.504,34.400,14468.852,25602.352
128.522,39.300,14468.855,25602.352
129.539,14.700,14468.855,25602.352
130.557,76.600,14576.160,25709.352
131.578,48.000,14576.230,25709.352
132.598,52.900,14576.297,25709.352
133.618,38.200,14576.297,25709.352
134.640,37.200,14576.332,25709.352
135.660,20.600,14576.531,25709.352
136.681,72.500,14686.793,25818.070
137.701,52.000,14687.285,25818.070
138.721,52.900,14687.285,25818.070
139.742,33.300,14687.285,25818.070
140.757,44.400,14687.285,25818.070
141.777,6.900,14687.285,25818.070
142.797,69.600,14687.492,25818.070
143.819,46.900,14687.492,25818.070
144.840,51.000,14687.492,25818.070
145.860,35.300,14687.492,25818.070
146.886,41.900,14687.492,25818.070
147.906,24.500,14801.070,25931.637
148.927,76.400,14801.363,25931.637
149.947,49.000,14801.645,25931.637
150.967,31.400,14801.891,25931.637
151.987,32.300,14802.383,25931.637
153.008,41.200,14803.316,25931.637
154.028,39.200,14803.543,25931.637
155.048,32.300,14849.688,25976.836
156.068,83.300,14849.734,25976.836
157.088,41.200,14849.734,25976.836
158.109,31.400,14849.734,25976.836
159.129,24.500,14849.734,25976.836
160.150,49.000,14849.734,25976.836
161.174,25.400,14849.734,25976.836
162.195,22.500,14849.734,25976.836
163.215,15.700,14849.734,25976.836
164.235,99.000,15044.125,26171.215
165.255,31.400,15044.125,26171.215
166.275,27.400,15044.125,26171.215
167.296,35.300,15044.125,26171.215
168.316,28.400,15044.125,26171.215
169.336,39.200,15044.125,26171.215
170.356,25.500,15044.125,26171.215
171.376,26.500,15044.125,26171.215
172.396,26.500,15044.125,26171.215
173.417,15.700,15044.816,26171.215
174.437,84.300,15156.598,26282.238
175.459,50.900,14692.430,25818.070
176.479,51.900,14692.430,25818.070
177.499,39.200,14692.430,25818.070
178.520,39.200,14692.430,25818.070
179.540,20.600,14750.766,25876.598
180.560,100.900,14893.887,25993.652
181.580,99.000,14924.934,25993.652
182.600,43.100,14950.016,25993.652
183.620,12.800,14950.016,25993.652
184.640,29.400,14950.359,25993.652
185.660,10.800,14950.359,25993.652
186.680,15.700,14950.359,25993.652
187.700,22.600,14951.070,25993.652
188.720,13.700,14951.070,25993.652
189.743,17.600,14951.254,25993.652
190.762,5.900,14951.254,25993.652
191.782,25.500,14951.254,25993.652
192.803,16.700,14951.254,25993.652
193.823,8.800,14951.254,25993.652
194.844,16.700,14951.254,25993.652
195.864,7.800,14951.254,25993.652
196.885,8.800,14951.254,25993.652
197.905,8.800,14951.254,25993.652
198.925,7.800,14951.254,25993.652
199.945,8.800,14951.254,25993.652
200.965,7.800,14951.254,25993.652
201.985,8.800,14951.254,25993.652
203.005,7.800,14951.254,25993.652
204.025,8.800,14951.254,25993.652
205.045,7.800,14951.254,25993.652
206.065,7.800,14951.254,25993.652
207.085,8.800,14951.254,25993.652
208.105,6.900,14951.254,25993.652
209.125,8.800,14951.254,25993.652
210.146,7.800,14951.254,25993.652
211.166,7.800,14951.254,25993.652
212.186,8.800,14951.254,25993.652
213.206,10.800,14951.254,25993.652
214.226,7.800,14951.254,25993.652
215.247,8.800,14951.254,25993.652
216.267,8.800,14951.254,25993.652
217.287,7.800,14951.254,25993.652
218.307,7.800,14951.254,25993.652
219.327,8.800,14951.254,25993.652
220.347,7.800,14951.254,25993.652
221.367,7.800,14951.254,25993.652
222.387,8.800,14951.254,25993.652
223.407,7.800,14951.254,25993.652
224.428,7.800,14951.254,25993.652
225.448,7.800,14951.254,25993.652
226.468,8.800,14951.254,25993.652
227.487,7.900,14951.254,25993.652
228.507,8.800,14951.254,25993.652
229.527,7.800,14951.254,25993.652
230.547,7.800,14951.254,25993.652
231.567,8.800,14951.254,25993.652
232.587,6.900,14951.254,25993.652
233.607,5.900,14951.254,25993.652
234.627,62.800,14951.582,25993.652
235.647,100.000,14952.680,25993.652
236.667,100.000,14952.680,25993.652
237.687,100.000,14952.680,25993.652
238.707,100.000,14894.172,25935.125
239.727,100.000,14894.180,25935.125
240.747,100.000,14894.191,25935.125
241.767,100.000,14894.191,25935.125
242.787,100.000,14894.191,25935.125
243.807,101.000,14894.191,25935.125
244.827,100.000,14894.223,25935.125
245.847,100.000,14894.230,25935.125
246.867,100.000,14894.316,25935.125
247.887,100.000,14895.453,25935.125
248.908,99.900,14895.457,25935.125
249.928,100.000,14895.457,25935.125
250.948,100.000,14895.457,25935.125
251.968,100.000,14895.457,25935.125
252.988,100.000,14895.457,25935.125
254.006,100.200,14895.457,25935.125
255.026,100.000,14895.457,25935.125
256.046,100.000,14895.457,25935.125
257.066,100.000,14895.457,25935.125
258.086,101.000,14895.457,25935.125
259.106,100.000,14895.457,25935.125
260.126,100.000,14895.457,25935.125
261.146,100.000,14895.457,25935.125
262.166,100.000,14895.457,25935.125
263.186,100.000,14895.590,25935.125
264.206,100.000,14895.590,25935.125
265.226,100.000,14895.590,25935.125
266.246,100.000,14895.590,25935.125
267.266,100.000,14895.590,25935.125
268.286,100.000,14895.594,25935.125
269.306,96.100,14895.594,25935.125
270.326,36.300,14895.594,25935.125
271.346,41.200,14895.594,25935.125
272.366,31.400,14895.594,25935.125
273.386,7.800,14895.594,25935.125
274.406,13.700,14895.594,25935.125
275.426,8.800,14895.594,25935.125
276.446,7.800,14895.594,25935.125
277.466,8.800,14895.594,25935.125
278.485,7.900,14895.594,25935.125
279.505,7.800,14895.594,25935.125
280.525,7.800,14895.594,25935.125
281.545,7.800,14895.594,25935.125
282.565,7.800,14895.594,25935.125
283.585,9.800,14895.594,25935.125
284.605,8.800,14895.594,25935.125
285.625,7.800,14895.594,25935.125
286.645,7.800,14895.594,25935.125
287.665,7.800,14895.594,25935.125
288.686,7.800,14895.594,25935.125
289.706,8.800,14895.594,25935.125
290.726,6.900,14895.594,25935.125
291.746,8.800,14895.594,25935.125
292.766,14.700,14895.594,25935.125
293.786,8.800,14895.594,25935.125
294.806,8.800,14895.594,25935.125
295.826,8.800,14895.594,25935.125
296.846,52.000,14895.594,25935.125
297.866,100.000,14895.594,25935.125
298.884,101.200,14895.594,25935.125
299.901,99.200,14895.594,25935.125
300.919,100.200,14895.594,25935.125
301.937,100.200,14895.594,25935.125
302.955,100.200,14895.594,25935.125
303.973,100.200,14895.594,25935.125
304.990,100.200,14895.594,25935.125
306.008,100.200,14895.594,25935.125
307.026,99.200,14895.594,25935.125
308.044,100.200,14895.594,25935.125
309.062,100.200,14778.539,25818.070
310.080,100.200,14778.539,25818.070
311.097,99.200,14778.539,25818.070
312.115,101.200,14778.539,25818.070
313.133,99.200,14778.539,25818.070
314.151,101.200,14778.539,25818.070
315.168,99.200,14778.539,25818.070
316.186,100.200,14778.539,25818.070
317.204,100.200,14778.539,25818.070
318.222,100.200,14778.539,25818.070
319.239,100.200,14778.539,25818.070
320.257,99.200,14778.539,25818.070
321.275,101.200,14778.539,25818.070
322.293,99.200,14778.539,25818.070
323.310,100.200,14852.742,25914.164
324.328,100.200,14874.633,25914.164
325.346,83.500,14874.633,25914.164
326.364,36.300,14874.633,25914.164
327.384,42.100,14874.633,25914.164
328.404,42.100,14874.633,25914.164
329.425,11.800,14874.633,25914.164
330.445,9.800,14874.633,25914.164
331.465,11.800,14874.633,25914.164
332.484,8.800,14874.633,25914.164
333.504,19.600,14874.633,25914.164
334.524,9.800,14874.633,25914.164
335.544,9.800,14874.633,25914.164
336.564,9.800,14874.633,25914.164
337.585,8.800,14874.633,25914.164
338.605,10.800,14874.633,25914.164
339.625,10.800,14874.633,25914.164
340.645,9.800,14874.633,25914.164
341.665,8.800,14874.633,25914.164
342.685,9.800,14874.633,25914.164
343.705,10.800,14874.633,25914.164
344.725,8.800,14874.633,25914.164
345.746,10.800,14874.633,25914.164
346.766,9.800,14874.633,25914.164
347.787,8.800,14874.633,25914.164
348.807,9.800,14874.633,25914.164
349.827,8.800,14874.633,25914.164
350.847,9.800,14874.648,25914.164
351.866,14.700,14874.648,25914.164
352.885,9.800,14874.648,25914.164
353.905,9.800,14874.648,25914.164
354.924,8.800,14874.648,25914.164
355.943,8.800,14874.648,25914.164
356.960,9.800,14874.648,25914.164
357.972,10.900,14874.648,25914.164
358.992,11.800,14874.648,25914.164
360.012,45.100,14874.648,25914.164
361.032,100.000,14874.648,25914.164
362.052,100.000,14842.617,25882.133
363.072,100.000,14842.617,25882.133
364.090,100.200,14842.617,25882.133
365.108,101.200,14842.617,25882.133
366.125,100.200,14842.617,25882.133
367.143,100.200,14842.617,25882.133
368.161,99.200,14842.617,25882.133
369.179,100.200,14842.617,25882.133
370.197,100.200,14842.617,25882.133
371.215,100.200,14842.617,25882.133
372.232,100.200,14842.617,25882.133
373.250,99.200,14842.617,25882.133
374.268,100.200,14842.617,25882.133
375.286,100.200,14842.617,25882.133
376.304,100.200,14842.617,25882.133
377.321,100.200,14842.617,25882.133
378.339,100.200,14842.617,25882.133
379.357,99.200,14842.617,25882.133
380.375,101.200,14842.617,25882.133
381.393,99.200,14842.617,25882.133
382.410,100.200,14842.617,25882.133
383.428,100.200,14842.617,25882.133
384.446,100.200,14842.617,25882.133
385.464,99.200,14842.617,25882.133
386.480,100.300,14842.617,25882.133
387.497,100.300,14873.020,25912.656
388.515,100.200,14934.066,25973.703
389.533,68.800,14934.066,25973.703
390.551,41.200,14934.066,25973.703
391.572,44.100,14934.066,25973.703
392.593,37.200,14934.066,25973.703
393.613,9.800,14934.066,25973.703
394.633,9.800,14934.066,25973.703
395.653,8.800,14934.066,25973.703
396.673,9.800,14934.066,25973.703
397.693,8.800,14934.066,25973.703
398.713,9.800,14934.066,25973.703
399.733,8.800,14934.066,25973.703
400.753,18.600,14934.066,25973.703
401.773,10.800,14934.066,25973.703
402.793,7.800,14934.066,25973.703
403.814,8.800,14934.066,25973.703
404.834,7.800,14934.066,25973.703
405.854,9.800,14934.066,25973.703
406.874,8.800,14934.066,25973.703
407.894,8.800,14934.066,25973.703
408.914,8.800,14934.066,25973.703
409.934,8.800,14934.066,25973.703
410.954,8.800,14934.066,25973.703
411.974,9.800,14934.066,25973.703
412.994,8.800,14934.066,25973.703
414.015,8.800,14934.066,25973.703
415.035,9.800,14934.066,25973.703
416.054,6.900,14934.066,25973.703
417.074,9.800,14934.066,25973.703
418.094,8.800,14934.066,25973.703
419.114,14.700,14934.066,25973.703
420.134,9.800,14934.066,25973.703
421.154,7.800,14934.066,25973.703
422.173,9.800,14934.066,25973.703
423.193,7.800,14934.066,25973.703
424.213,5.900,14934.066,25973.703
425.233,76.500,14934.066,25973.703
426.253,100.000,14934.066,25973.703
427.273,100.000,14934.066,25973.703
428.291,100.200,14934.066,25973.703
429.310,100.200,14934.066,25973.703
430.328,100.200,14934.066,25973.703
431.346,100.200,14934.066,25973.703
432.364,100.200,14870.004,25909.641
433.382,100.200,14870.004,25909.641
434.400,99.200,14870.004,25909.641
435.418,101.200,14870.004,25909.641
436.436,99.200,14870.004,25909.641
437.452,100.400,14870.004,25909.641
438.470,100.200,14870.004,25909.641
439.486,99.400,14870.004,25909.641
440.504,100.200,14870.004,25909.641
441.522,100.200,14870.004,25909.641
442.540,100.200,14870.004,25909.641
443.558,100.200,14870.004,25909.641
444.576,100.200,14870.004,25909.641
445.594,100.200,14870.004,25909.641
446.611,100.200,14870.004,25909.641
447.629,100.200,14870.004,25909.641
448.647,99.200,14870.004,25909.641
449.665,100.200,14870.004,25909.641
450.683,100.200,14870.004,25909.641
451.701,100.200,14870.004,25909.641
452.719,100.200,14870.004,25909.641
453.737,100.200,14870.004,25909.641
454.755,100.200,14870.004,25909.641
455.773,99.200,14870.004,25909.641
456.791,101.200,14870.004,25909.641
457.809,99.200,14870.004,25909.641
458.827,100.200,14870.125,25909.641
459.845,53.100,14870.125,25909.641
460.865,45.100,14870.125,25909.641
461.886,23.500,14870.125,25909.641
462.906,9.800,14870.125,25909.641
463.926,9.800,14870.125,25909.641
464.946,9.800,14870.125,25909.641
465.966,8.800,14870.125,25909.641
466.986,9.800,14870.125,25909.641
468.007,9.800,14870.125,25909.641
469.027,9.800,14870.125,25909.641
470.047,9.800,14870.125,25909.641
471.067,8.800,14870.125,25909.641
472.087,9.800,14870.125,25909.641
473.107,8.800,14870.125,25909.641
474.127,9.800,14870.125,25909.641
475.147,8.800,14870.125,25909.641
476.166,9.800,14870.125,25909.641
477.184,14.700,14870.125,25909.641
478.203,8.800,14870.125,25909.641
479.223,8.800,14870.125,25909.641
480.243,8.800,14870.125,25909.641
481.263,9.800,14870.125,25909.641
482.284,76.500,14870.125,25909.641
483.303,100.100,14870.125,25909.641
484.321,101.200,14870.125,25909.641
485.339,99.200,14870.125,25909.641
486.357,100.200,14870.125,25909.641
487.375,100.200,14870.125,25909.641
488.392,100.200,14870.125,25909.641
489.411,100.100,14870.125,25909.641
490.429,99.200,14870.125,25909.641
491.447,101.200,14870.125,25909.641
492.465,99.200,14870.125,25909.641
493.482,100.300,14870.125,25909.641
494.499,100.300,14870.125,25909.641
495.517,99.200,14870.125,25909.641
496.535,100.200,14870.125,25909.641
497.553,100.200,14870.125,25909.641
498.571,100.200,14870.125,25909.641
499.589,101.200,14870.125,25909.641
500.607,99.200,14870.125,25909.641
501.625,100.200,14870.125,25909.641
502.643,100.200,14870.125,25909.641
503.661,100.200,14870.125,25909.641
504.679,100.200,14870.125,25909.641
505.697,100.200,14870.125,25909.641
506.715,99.200,14870.125,25909.641
507.733,101.200,14870.125,25909.641
508.751,99.200,14870.125,25909.641
509.769,100.200,14870.125,25909.641
510.787,100.200,14870.125,25909.641
511.805,100.200,14870.125,25909.641
512.823,99.200,14870.125,25909.641
513.841,100.200,14870.125,25909.641
514.859,100.200,14870.125,25909.641
515.877,100.200,14870.125,25909.641
516.895,100.200,14870.125,25909.641
517.913,41.300,14870.125,25909.641
518.933,43.100,14870.125,25909.641
519.954,33.300,14870.125,25909.641
520.974,7.800,14870.125,25909.641
521.994,9.800,14870.125,25909.641
523.014,8.800,14870.125,25909.641
524.033,8.800,14870.125,25909.641
525.053,8.800,14870.125,25909.641
526.074,8.800,14870.125,25909.641
527.094,8.800,14870.125,25909.641
528.114,7.800,14870.125,25909.641
529.134,8.800,14870.125,25909.641
530.154,7.800,14870.125,25909.641
531.174,15.700,14870.125,25909.641
532.194,8.800,14870.125,25909.641
533.213,8.800,14870.125,25909.641
534.233,7.800,14870.125,25909.641
535.253,7.800,14870.125,25909.641
536.273,9.800,14870.125,25909.641
537.293,8.800,14870.125,25909.641
538.313,8.800,14870.125,25909.641
539.332,8.800,14870.125,25909.641
540.353,8.800,14870.125,25909.641
541.373,8.800,14870.125,25909.641
542.393,8.800,14870.125,25909.641
543.412,9.800,14870.125,25909.641
544.432,8.800,14870.125,25909.641
545.452,8.800,14870.125,25909.641
546.472,9.800,14870.125,25909.641
547.491,10.800,14870.125,25909.641
548.512,6.900,14870.125,25909.641
549.532,78.400,14870.125,25909.641
550.552,100.000,14870.125,25909.641
551.571,100.200,14870.125,25909.641
552.589,100.200,14870.125,25909.641
553.607,99.200,14870.125,25909.641
554.625,101.200,14870.125,25909.641
555.643,100.200,14870.125,25909.641
556.661,100.200,14870.125,25909.641
557.679,100.200,14870.125,25909.641
558.697,99.200,14870.125,25909.641
559.715,100.200,14870.125,25909.641
560.733,100.200,14870.125,25909.641
561.751,100.200,14870.125,25909.641
562.769,100.200,14870.125,25909.641
563.787,100.200,14870.125,25909.641
564.805,99.200,14870.125,25909.641
565.823,100.200,14870.125,25909.641
566.841,100.200,14870.125,25909.641
567.859,100.200,14870.125,25909.641
568.878,100.200,14870.125,25909.641
569.896,100.200,14870.125,25909.641
570.914,100.200,14870.125,25909.641
571.932,99.200,14870.125,25909.641
572.950,101.200,14870.125,25909.641
573.968,100.200,14870.125,25909.641
574.986,99.200,14870.125,25909.641
576.004,101.200,14870.125,25909.641
577.022,99.200,14870.125,25909.641
578.040,47.100,14870.125,25909.641
579.059,44.200,14870.125,25909.641
580.079,39.200,14870.125,25909.641
581.098,23.600,14870.125,25909.641
582.118,7.800,14870.125,25909.641
583.139,9.800,14870.125,25909.641
584.159,14.700,14870.125,25909.641
585.178,9.800,14870.125,25909.641
586.199,7.800,14870.125,25909.641
587.218,9.800,14870.125,25909.641
588.237,7.900,14870.125,25909.641
589.257,9.800,14870.125,25909.641
590.278,8.800,14870.125,25909.641
591.298,6.900,14870.125,25909.641
592.318,8.800,14870.125,25909.641
593.338,9.800,14870.125,25909.641
594.358,7.800,14870.125,25909.641
595.378,8.800,14870.125,25909.641
596.398,7.800,14870.125,25909.641
597.418,8.800,14870.125,25909.641
598.438,7.800,14870.125,25909.641
599.458,8.800,14870.125,25909.641
600.477,8.800,14870.125,25909.641
601.496,8.800,14870.125,25909.641
602.516,14.700,14870.125,25909.641
603.536,8.800,14870.125,25909.641
604.556,7.800,14870.125,25909.641
605.576,8.800,14870.125,25909.641
606.596,9.800,14870.125,25909.641
607.616,9.800,14870.125,25909.641
608.636,7.800,14870.125,25909.641
609.656,5.900,14870.125,25909.641
610.677,20.600,14870.125,25909.641
611.697,99.000,14870.125,25909.641
612.715,101.200,14870.125,25909.641
613.733,99.200,14870.125,25909.641
614.751,100.200,14870.125,25909.641
615.769,100.200,14870.125,25909.641
616.787,100.200,14870.125,25909.641
617.805,100.200,14870.125,25909.641
618.824,100.200,14870.125,25909.641
619.841,100.200,14870.125,25909.641
620.859,99.200,14870.125,25909.641
621.877,100.200,14870.125,25909.641
622.895,101.200,14870.125,25909.641
623.913,100.200,14870.125,25909.641
624.931,99.200,14870.125,25909.641
625.949,100.200,14870.125,25909.641
626.967,100.200,14870.125,25909.641
627.985,99.200,14870.125,25909.641
629.003,101.200,14870.125,25909.641
630.021,100.200,14870.125,25909.641
631.040,99.200,14870.125,25909.641
632.058,101.200,14870.125,25909.641
633.076,99.200,14870.125,25909.641
634.094,100.200,14870.125,25909.641
635.112,100.200,14870.125,25909.641
636.130,99.200,14870.125,25909.641
637.148,101.200,14870.125,25909.641
638.166,99.200,14870.125,25909.641
639.184,101.200,14870.125,25909.641
640.201,99.200,14870.246,25909.641
641.220,91.400,14870.246,25909.641
642.237,40.300,14870.246,25909.641
643.258,33.300,14870.246,25909.641
644.278,40.200,14870.246,25909.641
645.298,9.800,14870.246,25909.641
646.318,9.800,14870.246,25909.641
647.338,8.800,14870.246,25909.641
648.358,9.800,14870.246,25909.641
649.378,9.800,14870.246,25909.641
650.398,9.800,14870.246,25909.641
651.418,9.800,14870.246,25909.641
652.438,8.800,14870.246,25909.641
653.458,9.800,14870.246,25909.641
654.478,7.800,14870.246,25909.641
655.497,9.800,14870.246,25909.641
656.517,10.800,14870.246,25909.641
657.537,8.800,14870.246,25909.641
658.557,9.800,14870.246,25909.641
659.577,8.800,14870.246,25909.641
660.597,8.800,14870.246,25909.641
661.617,8.800,14870.246,25909.641
662.637,13.700,14870.246,25909.641
663.657,9.800,14870.246,25909.641
664.677,8.800,14870.246,25909.641
665.697,9.800,14870.246,25909.641
666.717,7.800,14870.246,25909.641
667.737,9.800,14870.246,25909.641
668.756,8.800,14870.246,25909.641
669.777,8.800,14870.246,25909.641
670.797,9.800,14870.246,25909.641
671.817,8.800,14870.246,25909.641
672.835,9.800,14870.246,25909.641
673.853,9.800,14870.246,25909.641
674.871,4.900,14870.246,25909.641
675.889,20.600,14870.246,25909.641
676.908,100.200,14870.246,25909.641
677.926,100.200,14870.246,25909.641
678.944,100.200,14870.246,25909.641
679.962,99.200,14870.246,25909.641
680.980,100.200,14870.246,25909.641
681.998,100.200,14870.246,25909.641
683.016,100.200,14870.246,25909.641
684.033,100.200,14870.246,25909.641
685.051,99.300,14870.246,25909.641
686.069,100.200,14870.246,25909.641
687.087,101.200,14870.246,25909.641
688.105,100.200,14870.246,25909.641
689.123,100.200,14870.246,25909.641
690.141,99.200,14870.246,25909.641
691.159,100.200,14870.246,25909.641
692.177,100.200,14870.246,25909.641
693.195,100.200,14870.246,25909.641
694.213,99.200,14870.246,25909.641
695.232,101.200,14870.246,25909.641
696.249,99.200,14870.246,25909.641
697.267,101.200,14870.246,25909.641
698.284,99.300,14870.246,25909.641
699.303,100.200,14870.246,25909.641
700.321,100.200,14870.246,25909.641
701.339,100.200,14870.246,25909.641
702.357,100.200,14870.246,25909.641
703.374,100.200,14870.246,25909.641
704.392,100.200,14870.246,25909.641
705.410,99.200,14870.246,25909.641
706.428,101.200,14870.246,25909.641
707.446,99.300,14870.246,25909.641
708.464,61.900,14870.246,25909.641
709.481,44.200,14870.246,25909.641
710.500,39.300,14870.246,25909.641
711.520,18.600,14870.246,25909.641
712.540,7.800,14870.246,25909.641
713.559,8.800,14870.246,25909.641
714.579,8.800,14870.246,25909.641
715.599,7.800,14870.246,25909.641
716.619,7.800,14870.246,25909.641
717.639,8.800,14870.246,25909.641
718.659,7.800,14870.246,25909.641
719.679,7.800,14870.246,25909.641
720.698,8.800,14870.246,25909.641
721.718,8.800,14870.246,25909.641
722.738,7.800,14870.246,25909.641
723.758,8.800,14870.246,25909.641
724.777,10.800,14870.246,25909.641
725.797,8.800,14870.246,25909.641
726.817,9.800,14870.246,25909.641
727.837,7.800,14870.246,25909.641
728.856,7.900,14870.246,25909.641
729.877,8.800,14870.246,25909.641
730.898,8.800,14870.246,25909.641
731.918,7.800,14870.246,25909.641
732.938,8.800,14870.246,25909.641
733.958,8.800,14870.246,25909.641
734.978,8.800,14870.246,25909.641
735.998,6.900,14870.246,25909.641
737.018,9.800,14870.246,25909.641
738.038,22.500,14870.246,25909.641
739.059,100.000,14870.246,25909.641
740.077,100.200,14870.246,25909.641
741.095,100.200,14870.246,25909.641
742.113,99.200,14870.246,25909.641
743.131,101.200,14870.246,25909.641
744.149,99.200,14870.246,25909.641
745.167,101.200,14870.246,25909.641
746.185,99.200,14870.246,25909.641
747.203,100.200,14870.246,25909.641
748.222,101.200,14870.246,25909.641
749.240,99.200,14870.246,25909.641
750.258,100.200,14870.246,25909.641
751.276,100.200,14870.246,25909.641
752.293,100.200,14870.246,25909.641
753.310,99.300,14870.246,25909.641
754.328,100.200,14870.246,25909.641
755.346,100.200,14870.246,25909.641
756.364,100.200,14870.246,25909.641
757.382,100.200,14870.246,25909.641
758.401,100.200,14870.246,25909.641
759.419,99.200,14870.246,25909.641
760.436,101.200,14870.246,25909.641
761.454,100.300,14870.246,25909.641
762.472,99.200,14870.246,25909.641
763.489,100.300,14870.246,25909.641
764.507,100.200,14870.246,25909.641
765.525,99.200,14870.246,25909.641
766.543,100.200,14870.246,25909.641
767.561,101.200,14870.246,25909.641
768.579,99.200,14983.812,26023.207
769.598,100.200,14983.812,26023.207
770.616,61.900,14983.812,26023.207
771.634,41.200,14983.812,26023.207
772.654,40.200,14983.812,26023.207
773.674,39.200,14983.812,26023.207
774.695,10.800,14983.812,26023.207
775.715,7.800,14983.812,26023.207
776.735,8.800,14983.812,26023.207
777.755,8.800,14983.812,26023.207
778.775,7.800,14983.812,26023.207
779.794,9.800,14983.812,26023.207
780.814,8.800,14983.812,26023.207
781.834,8.800,14983.812,26023.207
782.854,7.800,14983.812,26023.207
783.874,7.800,14983.812,26023.207
784.894,8.800,14983.812,26023.207
785.915,8.800,14983.812,26023.207
786.935,8.800,14983.812,26023.207
787.955,8.800,14983.812,26023.207
788.974,7.800,14983.812,26023.207
789.995,7.800,14983.812,26023.207
791.015,8.800,14983.812,26023.207
792.035,12.700,14983.812,26023.207
793.055,9.800,14983.812,26023.207
794.075,8.800,14983.812,26023.207
795.095,7.800,14983.812,26023.207
796.115,8.800,14983.812,26023.207
797.135,6.900,14983.812,26023.207
798.156,8.800,14983.812,26023.207
799.175,7.900,14983.812,26023.207
800.193,8.800,14983.812,26023.207
801.212,7.900,14983.812,26023.207
802.232,8.800,14983.812,26023.207
803.252,9.800,14983.812,26023.207
804.272,8.800,14983.812,26023.207
805.292,6.900,14983.812,26023.207
806.312,8.800,14983.812,26023.207
807.332,6.900,14983.812,26023.207
808.352,9.800,14983.812,26023.207
809.372,5.900,14983.812,26023.207
810.392,4.900,14983.812,26023.207
811.412,29.400,14983.812,26023.207
812.433,99.000,14983.812,26023.207
813.451,100.200,14983.812,26023.207
814.469,100.200,14983.812,26023.207
815.486,101.300,14983.812,26023.207
816.504,99.200,14983.812,26023.207
817.522,100.200,14945.957,25985.352
818.540,100.200,14945.957,25985.352
819.558,100.200,14945.957,25985.352
820.576,100.200,14945.957,25985.352
821.594,100.200,14945.957,25985.352
822.613,99.200,14945.957,25985.352
823.631,100.200,14945.957,25985.352
824.649,100.200,14945.957,25985.352
825.667,100.200,14945.957,25985.352
826.685,100.200,14945.957,25985.352
827.703,99.200,14945.957,25985.352
828.721,101.200,14945.957,25985.352
829.739,100.200,14945.957,25985.352
830.757,99.200,14945.957,25985.352
831.775,100.200,14945.957,25985.352
832.793,100.200,14945.957,25985.352
833.811,100.200,14945.957,25985.352
834.829,100.200,14945.957,25985.352
835.847,100.200,14945.957,25985.352
836.865,99.200,14945.957,25985.352
837.883,100.200,14945.957,25985.352
838.901,101.200,14945.957,25985.352
839.919,100.200,14945.957,25985.352
840.937,99.200,14945.957,25985.352
841.955,100.200,14945.957,25985.352
842.973,100.200,15104.723,26144.117
843.991,100.200,15104.723,26144.117
845.009,95.300,15109.980,26144.117
846.027,21.600,15109.980,26144.117
847.046,36.300,15110.105,26144.117
848.066,17.600,15110.105,26144.117
849.085,30.400,15110.387,26144.117
850.106,33.300,15110.512,26144.117
851.126,18.600,15110.512,26144.117
852.146,8.800,15110.512,26144.117
853.166,8.800,15110.512,26144.117
854.186,8.800,15110.512,26144.117
855.206,9.800,15110.512,26144.117
856.226,12.700,15110.512,26144.117
857.246,7.800,15110.512,26144.117
858.266,8.800,15110.512,26144.117
859.286,9.800,15110.512,26144.117
860.306,8.800,15110.512,26144.117
861.326,7.800,15110.512,26144.117
862.346,9.800,15110.512,26144.117
863.366,7.800,15110.512,26144.117
864.386,7.800,15110.512,26144.117
865.406,9.800,15110.512,26144.117
866.425,8.800,15110.512,26144.117
867.445,8.800,15110.512,26144.117
868.465,8.800,15110.512,26144.117
869.483,8.800,15110.512,26144.117
870.499,9.800,15110.512,26144.117
871.519,7.800,15110.512,26144.117
872.539,8.800,15110.512,26144.117
873.559,8.800,15110.512,26144.117
874.579,11.800,15110.512,26144.117
875.599,8.800,15110.512,26144.117
876.619,8.800,15110.512,26144.117
877.639,8.800,15110.512,26144.117
878.659,8.800,15110.512,26144.117
879.679,7.800,15110.512,26144.117
880.699,8.800,15110.512,26144.117
881.719,9.800,15110.512,26144.117
882.738,8.800,15110.512,26144.117
883.758,8.800,15110.512,26144.117
884.778,7.800,15110.512,26144.117
885.798,9.800,15110.512,26144.117
886.817,8.800,15110.512,26144.117
887.835,8.800,15110.512,26144.117
888.853,8.800,15110.512,26144.117
889.871,8.800,15110.512,26144.117
890.889,10.800,15110.512,26144.117
891.907,7.900,15110.512,26144.117
892.924,4.900,15110.512,26144.117
893.942,73.700,15110.512,26144.117
894.960,101.200,15110.512,26144.117
895.978,99.200,15110.512,26144.117
896.996,100.200,15110.512,26144.117
898.014,100.200,15110.512,26144.117
899.032,100.200,15057.590,26091.195
900.050,100.200,15057.590,26091.195
901.067,100.200,15057.590,26091.195
902.085,99.200,15057.590,26091.195
903.103,100.200,15057.590,26091.195
904.121,101.200,15057.590,26091.195
905.139,99.200,15057.590,26091.195
906.157,100.200,15057.590,26091.195
907.174,100.200,15057.590,26091.195
908.192,100.200,15057.590,26091.195
909.210,100.200,15057.590,26091.195
910.228,100.100,15057.590,26091.195
911.246,99.200,15057.590,26091.195
912.264,100.200,15057.590,26091.195
913.282,100.200,15057.590,26091.195
914.300,100.200,15057.590,26091.195
915.318,100.200,15057.590,26091.195
916.336,99.200,15057.590,26091.195
917.354,100.200,15057.590,26091.195
918.372,100.200,15057.590,26091.195
919.389,100.200,15057.590,26091.195
920.407,101.200,15057.590,26091.195
921.425,100.200,15057.590,26091.195
922.443,99.200,15057.590,26091.195
923.461,100.200,15057.590,26091.195
924.478,100.300,14981.879,26015.484
925.495,100.300,14981.879,26015.484
926.512,100.200,14981.879,26015.484
927.530,99.200,14981.879,26015.484
928.548,100.200,14981.879,26015.484
929.566,100.200,15176.273,26209.863
930.584,100.200,15176.273,26209.863
931.602,85.500,15196.129,26209.863
932.619,16.700,15196.129,26209.863
933.637,38.300,15196.203,26209.863
934.658,20.600,15196.203,26209.863
935.678,30.400,15196.293,26209.863
936.698,36.300,15196.293,26209.863
937.718,18.600,15196.293,26209.863
938.738,11.800,15196.293,26209.863
939.758,7.800,15196.293,26209.863
940.778,9.800,15196.293,26209.863
941.798,6.900,15196.293,26209.863
942.818,9.800,15196.293,26209.863
943.838,7.800,15196.293,26209.863
944.858,8.800,15196.293,26209.863
945.878,7.800,15196.293,26209.863
946.898,9.800,15196.293,26209.863
947.918,12.700,15196.293,26209.863
948.938,8.800,15196.293,26209.863
949.958,8.800,15196.293,26209.863
950.978,7.800,15196.293,26209.863
951.998,8.800,15196.293,26209.863
953.017,7.800,15196.293,26209.863
954.037,9.800,15196.293,26209.863
955.057,8.800,15196.293,26209.863
956.077,8.800,15196.293,26209.863
957.097,8.800,15196.293,26209.863
958.117,7.800,15196.293,26209.863
959.137,9.800,15196.293,26209.863
960.157,8.800,15196.293,26209.863
961.177,8.800,15196.293,26209.863
962.197,8.800,15196.293,26209.863
963.217,8.800,15196.293,26209.863
964.237,9.800,15196.293,26209.863
965.257,7.800,15196.293,26209.863
966.277,13.700,15196.293,26209.863
967.297,8.800,15196.293,26209.863
968.317,8.800,15196.293,26209.863
969.337,8.800,15196.293,26209.863
970.358,7.800,15196.293,26209.863
971.378,9.800,15196.293,26209.863
972.398,8.800,15196.293,26209.863
973.418,9.800,15196.293,26209.863
974.438,8.800,15196.293,26209.863
975.458,9.800,15196.293,26209.863
976.478,7.800,15196.293,26209.863
977.497,8.800,15196.293,26209.863
978.517,8.800,15196.293,26209.863
979.537,8.800,15196.293,26209.863
980.557,10.800,15196.293,26209.863
981.577,7.800,15196.293,26209.863
982.595,8.800,15196.293,26209.863
983.613,7.900,15196.293,26209.863
984.631,7.900,15196.293,26209.863
985.649,83.500,15196.293,26209.863
986.666,99.200,15131.500,26145.070
987.684,100.200,15131.500,26145.070
988.702,100.200,15131.500,26145.070
989.720,100.200,15131.500,26145.070
990.738,100.200,15131.500,26145.070
991.756,100.200,15131.500,26145.070
992.774,100.200,15131.500,26145.070
993.791,99.200,15131.500,26145.070
994.809,101.200,15131.500,26145.070
995.827,100.200,15131.500,26145.070
996.845,100.200,15131.500,26145.070
997.863,99.200,15131.500,26145.070
998.881,100.200,15131.500,26145.070
999.898,100.200,15131.500,26145.070
1000.916,100.200,15131.500,26145.070
1001.934,99.200,15131.500,26145.070
1002.952,100.200,15131.500,26145.070
1003.970,100.200,15131.500,26145.070
1004.987,100.200,15131.500,26145.070
1006.005,100.200,15131.500,26145.070
1007.023,100.200,15131.500,26145.070
1008.041,100.200,15131.500,26145.070
1009.059,100.200,15131.500,26145.070
1010.077,99.200,15131.500,26145.070
1011.094,100.200,15131.500,26145.070
1012.112,100.200,15131.500,26145.070
1013.130,100.200,15131.500,26145.070
1014.148,100.200,15131.500,26145.070
1015.166,100.200,15131.500,26145.070
1016.183,99.200,15242.523,26256.094
1017.201,100.200,15242.523,26256.094
1018.219,54.000,15242.523,26256.094
1019.237,36.300,15242.523,26256.094
1020.257,42.200,15242.523,26256.094
1021.277,27.400,15242.523,26256.094
1022.297,7.800,15242.523,26256.094
1023.317,8.800,15242.523,26256.094
1024.337,7.800,15242.523,26256.094
1025.357,7.800,15242.523,26256.094
1026.377,9.800,15242.523,26256.094
1027.397,8.800,15242.523,26256.094
1028.417,8.800,15242.523,26256.094
1029.437,8.800,15242.523,26256.094
1030.458,7.800,15242.523,26256.094
1031.478,8.800,15242.523,26256.094
1032.496,15.700,15242.523,26256.094
1033.516,9.800,15242.523,26256.094
1034.536,7.800,15242.523,26256.094
1035.556,9.800,15242.523,26256.094
1036.576,8.800,15242.523,26256.094
1037.596,8.800,15242.523,26256.094
1038.616,7.800,15242.523,26256.094
1039.636,9.800,15242.523,26256.094
1040.656,7.800,15242.523,26256.094
1041.676,8.800,15242.523,26256.094
1042.696,9.800,15242.523,26256.094
1043.716,8.800,15242.523,26256.094
1044.736,8.800,15242.523,26256.094
1045.756,7.800,15242.523,26256.094
1046.776,7.800,15242.523,26256.094
1047.796,8.800,15242.523,26256.094
1048.816,9.800,15242.523,26256.094
1049.836,7.800,15242.523,26256.094
1050.853,7.900,15242.523,26256.094
1051.871,12.800,15242.523,26256.094
1052.889,7.900,15242.523,26256.094
1053.907,54.000,15242.523,26256.094
1054.924,100.200,15242.523,26256.094
1055.942,99.300,15242.523,26256.094
1056.960,100.200,15205.516,26219.086
1057.978,101.200,15205.516,26219.086
1058.995,99.200,15205.516,26219.086
1060.013,100.200,15205.516,26219.086
1061.031,99.200,15205.516,26219.086
1062.048,101.200,15205.516,26219.086
1063.066,99.200,15205.516,26219.086
1064.084,100.200,15205.516,26219.086
1065.102,100.200,14970.086,25983.656
1066.119,100.200,14970.086,25983.656
1067.137,100.200,14970.086,25983.656
1068.155,100.200,14970.086,25983.656
1069.172,100.200,14970.086,25983.656
1070.190,100.200,14970.086,25983.656
1071.208,100.200,14970.086,25983.656
1072.226,99.200,14970.086,25983.656
1073.243,100.200,14970.086,25983.656
1074.261,100.200,14970.086,25983.656
1075.279,100.200,14970.086,25983.656
1076.296,100.200,14970.086,25983.656
1077.314,99.200,16367.758,27485.699
1078.332,100.200,18543.086,30097.902
1079.349,100.200,20643.023,31656.559
1080.367,47.200,20687.238,31701.086
1081.388,99.900,15522.859,26536.711
1082.408,100.000,15552.090,26565.820
1083.428,100.000,15838.895,26852.727
1084.448,100.000,16028.605,27042.586
1085.468,100.000,15043.598,26057.293
1086.487,99.100,15043.602,26057.293
1087.505,99.200,15043.773,26057.789
