Elapsed_time,CPU,Real_MB,Virtual_MB
0.000,0.000,25.938,8408.699
1.014,125.200,101.461,8403.109
2.025,83.100,124.945,8495.289
3.040,93.600,201.719,8574.102
4.052,96.800,323.969,8698.148
5.073,98.000,350.059,8729.480
6.092,98.100,360.621,8739.465
7.112,85.300,447.262,8829.090
8.133,88.200,454.375,8843.293
9.153,83.300,500.547,8882.078
10.174,98.000,500.625,8882.078
11.194,98.000,500.625,8882.078
12.215,99.900,500.625,8882.078
13.235,98.000,519.691,8901.406
14.256,98.900,519.691,8901.406
15.277,99.000,519.758,8901.406
16.298,98.000,519.758,8901.406
17.318,99.000,519.758,8901.406
18.339,94.100,519.758,8901.406
19.359,98.000,519.758,8901.406
20.380,98.900,519.758,8901.406
21.401,98.000,519.758,8901.406
22.421,99.000,519.758,8901.406
23.442,98.000,519.758,8901.406
24.463,99.000,519.758,8901.406
25.483,98.000,519.758,8901.406
26.503,97.000,519.758,8901.406
27.524,98.000,519.758,8901.406
28.544,99.000,519.758,8901.406
29.565,99.000,519.758,8901.406
30.585,99.000,519.758,8901.406
31.606,97.000,519.758,8901.406
32.626,99.000,524.504,12585.223
33.646,100.000,646.922,12585.223
34.667,100.900,831.738,12625.223
35.687,99.000,839.473,12826.223
36.708,100.900,853.137,13174.223
37.728,99.000,867.316,13538.223
38.749,100.900,901.090,14404.223
39.769,287.100,1740.648,19462.473
40.791,1173.200,8270.645,19462.473
41.812,205.700,3182.699,12916.906
42.833,101.000,3845.500,13609.906
43.853,99.900,5045.102,14862.906
44.874,82.300,5574.828,15426.035
45.894,100.000,6554.988,16479.672
46.915,99.900,6737.855,16518.859
47.935,100.900,7805.828,17787.930
48.956,99.000,8267.828,18250.430
49.976,100.900,9698.953,19411.188
50.997,100.000,10119.750,19870.461
52.017,97.000,10945.930,20619.031
53.038,70.500,10945.922,20619.016
54.059,52.900,9844.055,27909.625
55.080,14.700,9808.734,19500.016
56.096,59.100,9835.066,19500.145
57.110,0.000,9834.398,19500.145
58.131,0.000,9833.156,19500.145
59.152,0.000,9832.668,19500.145
60.173,0.000,9832.484,19500.145
61.188,0.000,9832.387,19500.145
62.209,0.000,9831.727,19500.145
63.231,6.900,9831.316,19500.145
64.251,18.600,9832.523,19500.145
65.274,0.000,9832.523,19500.145
66.295,0.000,9832.523,19500.145
67.316,0.000,9832.523,19500.145
68.338,0.000,9832.523,19500.145
69.359,0.000,9832.523,19500.145
70.381,0.000,9832.523,19500.145
71.402,13.700,9832.617,19500.145
72.422,25.500,9834.277,19500.145
73.439,26.500,9835.188,19500.145
74.460,27.400,9838.109,19500.145
75.481,19.600,9839.590,19500.145
76.503,21.500,9841.012,19500.145
77.525,0.000,9840.809,19500.145
78.546,0.000,9840.809,19500.145
79.567,0.000,9840.809,19500.145
80.588,0.000,9840.809,19500.145
81.609,0.000,9840.809,19500.145
82.630,0.000,9840.809,19500.145
83.651,6.900,9840.809,19500.145
84.671,21.600,9842.219,19500.145
85.693,0.000,9842.219,19500.145
86.715,0.000,9842.219,19500.145
87.735,0.000,9842.219,19500.145
88.756,0.000,9842.219,19500.145
89.778,0.000,9842.219,19500.145
90.798,0.000,9842.219,19500.145
91.817,6.900,9842.219,19500.145
92.838,22.500,9855.789,19512.797
93.860,43.000,9885.375,19527.902
94.881,24.500,9888.617,19527.902
95.902,51.900,9894.633,19527.902
96.923,32.300,9900.660,19527.902
97.944,24.500,9903.629,19527.902
98.965,18.600,9906.594,19527.902
99.986,25.500,9909.422,19527.902
101.007,16.700,9914.711,19527.902
102.029,47.900,9980.660,19576.895
103.051,22.500,9981.488,19576.895
104.072,32.300,9981.547,19576.895
105.092,25.500,9981.547,19576.895
106.114,36.200,9981.562,19576.895
107.136,24.500,9981.562,19576.895
108.157,32.300,9981.562,19576.895
109.179,27.400,9981.562,19576.895
110.201,50.900,9981.582,19576.895
111.222,45.000,9981.582,19576.895
112.244,47.900,9981.582,19576.895
113.265,37.200,9981.617,19576.895
114.286,22.500,9981.617,19576.895
115.307,8.800,9981.621,19576.895
116.328,75.400,10070.715,19665.879
117.349,30.400,10070.715,19665.879
118.370,17.600,10070.715,19665.879
119.391,32.300,10070.715,19665.879
120.412,26.400,10070.715,19665.879
121.433,33.300,10070.715,19665.879
122.454,29.400,10070.715,19665.879
123.475,34.300,10070.719,19665.879
124.497,19.600,10070.719,19665.879
125.519,26.400,10070.719,19665.879
126.540,33.300,10128.027,19723.789
127.560,39.200,10139.980,19735.371
128.581,24.500,10139.980,19735.371
129.602,31.300,10139.980,19735.371
130.623,26.400,10068.809,19664.184
131.644,34.300,10068.809,19664.184
132.665,27.400,10068.809,19664.184
133.686,20.600,10068.809,19664.184
134.707,26.400,10068.809,19664.184
135.728,15.700,10068.809,19664.184
136.749,52.900,10068.996,19664.184
137.772,48.900,10068.996,19664.184
138.793,52.900,10068.996,19664.184
139.814,34.300,10068.996,19664.184
140.835,37.200,10068.996,19664.184
141.856,16.700,10068.996,19664.184
142.877,49.000,10069.105,19664.184
143.898,21.500,10069.105,19664.184
144.918,49.000,10069.105,19664.184
145.940,49.000,10069.105,19664.184
146.960,36.200,10069.105,19664.184
147.982,26.400,10069.105,19664.184
149.003,84.200,10222.703,19817.902
150.024,28.400,10120.391,19715.590
151.044,22.500,10120.391,19715.590
152.065,36.200,10120.391,19715.590
153.085,36.300,10120.391,19715.590
154.106,24.500,10120.391,19715.590
155.128,34.300,10120.391,19715.590
156.149,23.500,10120.391,19715.590
157.170,39.200,10120.391,19715.590
158.191,20.600,10120.391,19715.590
159.213,25.400,10120.391,19715.590
160.234,25.500,10125.859,19735.898
161.255,67.600,10241.969,19837.441
162.276,32.300,10241.973,19837.441
163.297,25.500,10241.973,19837.441
164.319,30.300,10241.973,19837.441
165.340,43.100,10241.973,19837.441
166.361,31.300,10241.973,19837.441
167.382,22.500,10241.980,19837.441
168.403,28.400,10242.066,19837.441
169.424,33.300,10242.066,19837.441
170.445,19.600,10242.066,19837.441
171.467,54.800,10440.539,20036.098
172.488,94.000,10539.867,20135.301
173.509,12.700,10539.867,20135.301
174.530,39.200,10539.867,20135.301
175.551,13.700,10539.867,20135.301
176.572,43.100,10539.867,20135.301
177.594,27.400,10539.867,20135.301
178.614,28.400,10539.867,20135.301
179.635,49.000,10539.867,20135.301
180.656,26.400,10539.867,20135.301
181.677,28.400,10539.867,20135.301
182.692,34.500,10539.867,20135.301
183.712,28.400,10539.867,20135.301
184.733,32.300,10539.867,20135.301
185.755,22.500,10539.867,20135.301
186.775,22.500,10539.867,20135.301
187.797,87.200,10411.781,20007.215
188.817,28.400,10411.781,20007.215
189.838,24.500,10411.781,20007.215
190.858,48.000,10411.781,20007.215
191.880,27.400,10411.781,20007.215
192.902,25.500,10411.781,20007.215
193.923,32.300,10411.781,20007.215
194.943,34.300,10411.781,20007.215
195.965,31.300,10411.781,20007.215
196.986,21.500,10411.781,20007.215
198.007,25.500,10411.781,20007.215
199.027,23.500,10411.781,20007.215
200.048,83.300,10529.984,20125.730
201.069,29.400,10529.984,20125.730
202.090,19.600,10529.984,20125.730
203.111,31.400,10529.984,20125.730
204.132,31.300,10529.984,20125.730
205.153,44.100,10530.055,20125.730
206.173,29.400,10530.055,20125.730
207.191,21.600,10530.055,20125.730
208.212,26.400,10530.055,20125.730
209.233,28.400,10530.055,20125.730
210.254,16.700,10530.055,20125.730
211.275,85.200,10535.227,20125.730
212.296,51.900,10541.062,20125.730
213.317,39.200,10541.102,20125.730
214.338,35.200,10541.141,20125.730
215.358,18.600,10541.141,20125.730
216.376,7.900,10541.145,20125.730
217.397,8.800,10541.180,20125.730
218.418,13.700,10513.395,20097.652
219.438,7.800,10513.395,20097.652
220.459,7.800,10513.395,20097.652
221.480,7.800,10513.395,20097.652
222.501,7.800,10513.395,20097.652
223.522,8.800,10513.395,20097.652
224.543,7.800,10513.410,20097.652
225.564,8.800,10513.410,20097.652
226.585,8.800,10513.410,20097.652
227.605,8.800,10513.410,20097.652
228.626,9.800,10513.410,20097.652
229.648,5.900,10513.410,20097.652
230.668,96.000,10513.430,20097.652
231.689,99.900,10513.430,20097.652
232.710,99.900,10513.430,20097.652
233.731,100.900,10513.430,20097.652
234.752,100.900,10513.430,20097.652
235.773,99.900,10513.430,20097.652
236.794,99.900,10513.430,20097.652
237.815,99.900,10513.430,20097.652
238.836,99.900,10513.430,20097.652
239.857,99.900,10513.430,20097.652
240.878,99.900,10513.430,20097.652
241.899,99.900,10513.430,20097.652
242.920,100.900,10513.430,20097.652
243.941,99.900,10513.430,20097.652
244.962,99.900,10513.430,20097.652
245.982,99.900,10513.430,20097.652
247.004,99.800,10513.430,20097.652
248.025,99.900,10513.430,20097.652
249.046,100.900,10513.430,20097.652
250.066,100.000,10513.430,20097.652
251.087,99.900,10513.430,20097.652
252.108,99.900,10513.430,20097.652
253.129,100.900,10513.430,20097.652
254.150,99.900,10513.430,20097.652
255.171,99.900,10513.430,20097.652
256.192,99.900,10513.430,20097.652
257.213,99.900,10513.430,20097.652
258.234,99.900,10513.430,20097.652
259.255,99.900,10513.430,20097.652
260.276,99.900,10513.430,20097.652
261.297,99.900,10513.430,20097.652
262.318,100.900,10513.430,20097.652
263.339,100.900,10513.430,20097.652
264.360,99.900,10513.430,20097.652
265.381,99.900,10513.430,20097.652
266.402,99.900,10513.430,20097.652
267.423,99.900,10513.430,20097.652
268.444,99.900,10513.430,20097.652
269.465,99.900,10513.430,20097.652
270.486,100.900,10513.430,20097.652
271.506,99.900,10513.430,20097.652
272.527,98.900,10513.430,20097.652
273.548,100.900,10513.430,20097.652
274.569,99.900,10513.430,20097.652
275.590,99.900,10513.430,20097.652
276.611,100.900,10513.430,20097.652
277.632,99.900,10513.430,20097.652
278.653,99.900,10513.430,20097.652
279.674,99.900,10513.430,20097.652
280.695,100.900,10513.430,20097.652
281.716,99.900,10513.430,20097.652
282.737,99.900,10513.430,20097.652
283.758,99.900,10513.430,20097.652
284.779,100.900,10513.430,20097.652
285.800,99.900,10513.430,20097.652
286.820,99.900,10513.430,20097.652
287.841,99.900,10513.430,20097.652
288.862,99.900,10513.430,20097.652
289.883,99.900,10513.430,20097.652
290.904,100.900,10513.430,20097.652
291.925,99.900,10513.430,20097.652
292.946,99.900,10513.430,20097.652
293.967,99.900,10513.430,20097.652
294.988,99.900,10513.430,20097.652
296.009,99.900,10513.430,20097.652
297.030,99.900,10513.430,20097.652
298.051,99.900,10513.430,20097.652
299.070,100.000,10513.430,20097.652
300.091,100.900,10513.430,20097.652
301.112,98.900,10513.430,20097.652
302.133,100.900,10513.430,20097.652
303.154,99.900,10513.430,20097.652
304.175,99.900,10513.430,20097.652
305.196,68.600,10513.855,20097.652
306.217,46.000,10513.855,20097.652
307.239,35.200,10513.855,20097.652
308.260,8.800,10513.855,20097.652
309.281,7.800,10513.855,20097.652
310.302,8.800,10513.855,20097.652
311.323,7.800,10513.855,20097.652
312.344,7.800,10513.855,20097.652
313.365,7.800,10513.855,20097.652
314.386,7.800,10513.855,20097.652
315.407,8.800,10513.855,20097.652
316.428,7.800,10513.855,20097.652
317.449,7.800,10513.855,20097.652
318.469,7.800,10513.855,20097.652
319.490,9.800,10513.855,20097.652
320.511,11.800,10513.855,20097.652
321.532,7.800,10513.855,20097.652
322.553,6.900,10513.855,20097.652
323.572,48.100,10513.855,20097.652
324.594,99.800,10513.855,20097.652
325.615,99.900,10513.855,20097.652
326.636,99.900,10513.855,20097.652
327.656,99.900,10513.855,20097.652
328.677,100.900,10513.855,20097.652
329.698,99.900,10513.855,20097.652
330.719,99.900,10513.855,20097.652
331.740,99.900,10513.855,20097.652
332.761,99.900,10513.855,20097.652
333.782,99.900,10513.855,20097.652
334.803,99.900,10513.855,20097.652
335.824,99.900,10513.855,20097.652
336.845,100.900,10513.855,20097.652
337.866,99.900,10513.855,20097.652
338.887,99.900,10513.855,20097.652
339.908,99.900,10513.855,20097.652
340.929,99.900,10513.855,20097.652
341.949,99.900,10513.855,20097.652
342.970,99.900,10513.855,20097.652
343.991,100.900,10513.855,20097.652
345.012,99.900,10513.855,20097.652
346.033,99.900,10513.855,20097.652
347.053,100.000,10513.855,20097.652
348.073,100.000,10513.855,20097.652
349.094,99.900,10513.855,20097.652
350.115,100.900,10513.855,20097.652
351.136,99.900,10513.855,20097.652
352.157,99.900,10513.855,20097.652
353.178,99.900,10513.855,20097.652
354.199,99.900,10513.855,20097.652
355.220,99.900,10513.855,20097.652
356.241,99.900,10513.855,20097.652
357.262,99.900,10513.855,20097.652
358.282,100.900,10513.855,20097.652
359.303,99.900,10513.855,20097.652
360.324,99.900,10513.855,20097.652
361.345,99.900,10513.855,20097.652
362.366,99.900,10513.855,20097.652
363.387,99.900,10513.855,20097.652
364.408,100.900,10513.855,20097.652
365.429,99.900,10513.855,20097.652
366.450,99.900,10513.855,20097.652
367.471,99.900,10513.855,20097.652
368.492,100.900,10513.855,20097.652
369.513,99.900,10513.855,20097.652
370.534,99.900,10513.855,20097.652
371.555,99.900,10513.855,20097.652
372.576,99.900,10513.855,20097.652
373.597,99.900,10513.855,20097.652
374.618,100.900,10513.855,20097.652
375.639,99.900,10513.855,20097.652
376.660,99.900,10513.855,20097.652
377.681,99.900,10513.855,20097.652
378.702,99.900,10513.855,20097.652
379.723,99.900,10513.855,20097.652
380.744,100.900,10513.855,20097.652
381.765,100.900,10513.855,20097.652
382.786,99.900,10513.855,20097.652
383.807,99.900,10513.855,20097.652
384.828,99.900,10513.855,20097.652
385.849,99.900,10513.855,20097.652
386.870,99.900,10513.855,20097.652
387.891,99.900,10513.855,20097.652
388.912,99.900,10513.855,20097.652
389.933,100.900,10515.598,20097.652
390.954,45.100,10518.934,20097.652
391.975,36.200,10519.133,20097.652
392.996,40.200,10519.301,20097.652
394.010,13.800,10519.301,20097.652
395.031,8.800,10519.301,20097.652
396.052,7.800,10519.301,20097.652
397.071,8.800,10519.301,20097.652
398.093,11.800,10519.301,20097.652
399.113,8.800,10519.301,20097.652
400.134,8.800,10519.301,20097.652
401.156,6.900,10519.301,20097.652
402.177,7.800,10519.301,20097.652
403.197,7.800,10519.301,20097.652
404.217,8.800,10519.301,20097.652
405.238,7.800,10519.301,20097.652
406.259,8.800,10519.301,20097.652
407.280,8.800,10519.305,20097.652
408.301,6.900,10519.305,20097.652
409.322,5.900,10519.305,20097.652
410.341,5.900,10519.305,20097.652
411.359,5.900,10519.305,20097.652
412.378,100.100,10519.305,20097.652
413.396,101.100,10519.305,20097.652
414.415,99.200,10519.305,20097.652
415.433,100.200,10519.305,20097.652
416.452,100.200,10519.305,20097.652
417.471,100.100,10519.305,20097.652
418.489,100.200,10519.305,20097.652
419.508,100.200,10519.305,20097.652
420.526,100.200,10519.305,20097.652
421.545,100.100,10519.305,20097.652
422.563,100.100,10519.305,20097.652
423.581,100.200,10519.305,20097.652
424.600,100.100,10519.305,20097.652
425.619,100.200,10519.305,20097.652
426.637,100.100,10519.305,20097.652
427.656,100.100,10519.305,20097.652
428.675,100.100,10519.305,20097.652
429.693,99.200,10519.305,20097.652
430.711,100.200,10519.305,20097.652
431.730,100.200,10519.305,20097.652
432.748,100.100,10519.305,20097.652
433.767,100.200,10519.305,20097.652
434.785,100.100,10519.305,20097.652
435.804,100.200,10519.305,20097.652
436.822,100.200,10519.305,20097.652
437.840,100.100,10519.305,20097.652
438.859,100.100,10519.305,20097.652
439.877,100.100,10519.305,20097.652
440.896,99.200,10519.305,20097.652
441.914,100.200,10519.305,20097.652
442.933,100.100,10519.305,20097.652
443.951,100.200,10519.305,20097.652
444.970,100.100,10519.305,20097.652
445.988,100.200,10519.305,20097.652
447.001,100.700,10519.305,20097.652
448.019,99.200,10519.305,20097.652
449.037,100.200,10519.305,20097.652
450.056,100.200,10519.305,20097.652
451.074,100.200,10519.305,20097.652
452.092,100.200,10519.305,20097.652
453.111,100.200,10519.305,20097.652
454.129,100.100,10519.305,20097.652
455.146,100.300,10519.305,20097.652
456.165,99.200,10519.305,20097.652
457.183,100.200,10519.305,20097.652
458.201,101.100,10519.305,20097.652
459.220,99.200,10519.305,20097.652
460.238,100.200,10519.305,20097.652
461.257,100.200,10519.305,20097.652
462.275,100.200,10519.305,20097.652
463.293,100.200,10519.305,20097.652
464.312,100.100,10519.305,20097.652
465.330,100.100,10519.305,20097.652
466.349,100.100,10519.305,20097.652
467.360,99.900,10519.305,20097.652
468.379,100.100,10519.305,20097.652
469.397,99.200,10519.305,20097.652
470.416,101.100,10519.305,20097.652
471.435,100.100,10519.305,20097.652
472.453,99.200,10519.305,20097.652
473.472,101.100,10519.305,20097.652
474.490,100.200,10519.305,20097.652
475.508,100.200,10519.305,20097.652
476.527,99.200,10519.305,20097.652
477.546,101.000,10519.305,20097.652
478.565,99.200,10519.305,20097.652
479.583,100.100,10519.305,20097.652
480.602,100.200,10519.305,20097.652
481.620,100.100,10519.305,20097.652
482.639,100.100,10519.305,20097.652
483.657,100.200,10519.305,20097.652
484.676,100.200,10519.305,20097.652
485.694,100.200,10519.305,20097.652
486.712,99.200,10519.305,20097.652
487.731,100.100,10519.305,20097.652
488.751,95.200,10519.305,20097.652
489.769,40.200,10519.305,20097.652
490.791,44.000,10519.305,20097.652
491.812,15.700,10519.305,20097.652
492.833,7.800,10519.305,20097.652
493.855,7.800,10519.305,20097.652
494.876,8.800,10519.305,20097.652
495.896,8.800,10519.305,20097.652
496.917,8.800,10519.305,20097.652
497.939,7.800,10519.305,20097.652
498.960,9.800,10519.305,20097.652
499.981,8.800,10519.305,20097.652
501.002,6.900,10519.305,20097.652
502.023,9.800,10519.305,20097.652
503.043,10.800,10519.305,20097.652
504.063,88.300,10519.305,20097.652
505.083,100.100,10519.305,20097.652
506.101,100.100,10519.305,20097.652
507.120,100.200,10519.305,20097.652
508.139,100.100,10519.305,20097.652
509.157,100.200,10519.305,20097.652
510.176,100.100,10519.305,20097.652
511.195,100.100,10519.305,20097.652
512.213,99.200,10519.305,20097.652
513.232,101.100,10519.305,20097.652
514.250,99.200,10519.305,20097.652
515.268,100.200,10519.305,20097.652
516.288,100.100,10519.305,20097.652
517.306,101.100,10519.305,20097.652
518.325,99.200,10519.305,20097.652
519.343,100.100,10519.305,20097.652
520.362,100.200,10519.305,20097.652
521.380,101.100,10519.305,20097.652
522.399,99.200,10519.305,20097.652
523.417,100.200,10519.305,20097.652
524.436,100.100,10519.305,20097.652
525.454,99.200,10519.305,20097.652
526.473,101.100,10519.305,20097.652
527.491,100.100,10519.305,20097.652
528.510,100.200,10519.305,20097.652
529.528,99.200,10519.305,20097.652
530.547,100.100,10519.305,20097.652
531.565,100.100,10519.305,20097.652
532.584,100.100,10519.305,20097.652
533.603,100.100,10519.305,20097.652
534.621,100.200,10519.305,20097.652
535.640,100.200,10519.305,20097.652
536.658,100.200,10519.305,20097.652
537.677,101.000,10519.305,20097.652
538.696,99.200,10519.305,20097.652
539.714,100.100,10519.305,20097.652
540.733,100.100,10519.305,20097.652
541.751,100.200,10519.305,20097.652
542.770,100.100,10519.305,20097.652
543.788,100.200,10519.305,20097.652
544.806,100.200,10519.305,20097.652
545.825,99.200,10519.305,20097.652
546.843,100.200,10519.305,20097.652
547.862,101.100,10519.305,20097.652
548.880,100.200,10519.305,20097.652
549.899,100.200,10519.305,20097.652
550.917,100.200,10519.305,20097.652
551.935,100.200,10519.305,20097.652
552.954,99.200,10519.305,20097.652
553.972,100.200,10519.305,20097.652
554.991,100.200,10519.305,20097.652
556.009,100.200,10519.305,20097.652
557.027,100.200,10519.305,20097.652
558.046,100.200,10519.305,20097.652
559.063,100.200,10519.305,20097.652
560.082,99.100,10519.305,20097.652
561.101,101.100,10519.305,20097.652
562.119,100.100,10519.305,20097.652
563.138,100.100,10519.305,20097.652
564.157,99.200,10519.305,20097.652
565.175,100.100,10519.305,20097.652
566.194,100.100,10519.305,20097.652
567.212,100.100,10519.305,20097.652
568.232,100.100,10519.305,20097.652
569.250,100.100,10519.305,20097.652
570.269,100.100,10519.305,20097.652
571.287,100.200,10519.305,20097.652
572.306,100.200,10560.234,20097.652
573.324,54.000,10566.227,20097.652
574.343,27.500,10566.227,20097.652
575.362,33.400,10566.227,20097.652
576.382,30.400,10566.227,20097.652
577.404,20.600,10566.227,20097.652
578.426,40.100,10566.227,20097.652
579.447,19.600,10566.227,20097.652
580.468,18.600,10566.227,20097.652
581.489,11.800,10566.227,20097.652
582.511,10.800,10566.227,20097.652
583.532,10.800,10566.227,20097.652
584.553,9.800,10566.227,20097.652
585.574,10.800,10566.227,20097.652
586.595,7.800,10566.227,20097.652
587.616,9.800,10566.227,20097.652
588.637,10.800,10566.227,20097.652
589.658,9.800,10566.227,20097.652
590.679,8.800,10566.227,20097.652
591.700,9.800,10566.227,20097.652
592.721,14.700,10566.227,20097.652
593.742,7.800,10566.227,20097.652
594.763,8.800,10566.227,20097.652
595.784,9.800,10566.227,20097.652
596.805,8.800,10566.227,20097.652
597.827,10.800,10566.227,20097.652
598.848,6.900,10566.227,20097.652
599.869,5.900,10566.227,20097.652
600.890,5.900,10566.227,20097.652
601.911,5.900,10566.227,20097.652
602.932,22.500,10566.227,20097.652
603.953,100.900,10566.227,20097.652
604.972,100.100,10566.227,20097.652
605.991,99.200,10566.227,20097.652
607.009,100.200,10566.227,20097.652
608.028,100.200,10566.227,20097.652
609.046,100.200,10566.227,20097.652
610.063,99.300,10566.227,20097.652
611.082,101.100,10566.227,20097.652
612.100,99.200,10566.227,20097.652
613.119,100.200,10566.227,20097.652
614.137,100.100,10566.227,20097.652
615.156,100.100,10566.227,20097.652
616.174,100.100,10566.227,20097.652
617.193,100.100,10566.227,20097.652
618.211,100.200,10566.227,20097.652
619.230,100.200,10566.227,20097.652
620.248,99.200,10566.227,20097.652
621.267,100.100,10566.227,20097.652
622.285,100.100,10566.227,20097.652
623.304,100.200,10566.227,20097.652
624.322,100.100,10566.227,20097.652
625.341,100.100,10566.227,20097.652
626.359,101.100,10566.227,20097.652
627.378,99.200,10566.227,20097.652
628.397,100.000,10566.227,20097.652
629.416,100.100,10566.227,20097.652
630.434,101.100,10566.227,20097.652
631.452,99.200,10566.227,20097.652
632.471,100.100,10566.227,20097.652
633.489,100.100,10566.227,20097.652
634.508,100.200,10566.227,20097.652
635.526,100.200,10566.227,20097.652
636.545,100.200,10566.227,20097.652
637.563,100.200,10566.227,20097.652
638.582,100.100,10566.227,20097.652
639.600,100.200,10566.227,20097.652
640.619,100.100,10566.227,20097.652
641.637,100.200,10566.227,20097.652
642.656,99.200,10566.227,20097.652
643.674,100.200,10566.227,20097.652
644.692,100.200,10566.227,20097.652
645.711,101.100,10566.227,20097.652
646.729,100.200,10566.227,20097.652
647.748,100.100,10566.227,20097.652
648.766,99.200,10566.227,20097.652
649.785,100.100,10566.227,20097.652
650.803,100.100,10566.227,20097.652
651.822,100.200,10566.227,20097.652
652.840,100.200,10566.227,20097.652
653.858,100.200,10566.227,20097.652
654.877,100.200,10566.227,20097.652
655.895,100.200,10566.227,20097.652
656.914,100.200,10566.227,20097.652
657.933,100.100,10566.227,20097.652
658.951,99.200,10566.227,20097.652
659.970,100.100,10566.227,20097.652
660.988,100.200,10566.227,20097.652
662.007,100.100,10566.227,20097.652
663.025,100.100,10566.227,20097.652
664.043,100.200,10566.227,20097.652
665.063,100.000,10566.227,20097.652
666.082,100.100,10566.227,20097.652
667.100,100.200,10566.227,20097.652
668.118,100.100,10566.227,20097.652
669.137,100.100,10566.227,20097.652
670.155,99.200,10566.227,20097.652
671.174,101.100,10566.227,20097.652
672.193,91.300,10570.781,20097.652
673.211,18.700,10570.781,20097.652
674.230,35.300,10570.984,20097.652
675.252,39.200,10571.102,20097.652
676.273,27.400,10571.102,20097.652
677.294,18.600,10571.102,20097.652
678.315,18.600,10571.102,20097.652
679.336,9.800,10571.102,20097.652
680.357,11.800,10571.102,20097.652
681.378,10.800,10571.102,20097.652
682.399,8.800,10571.102,20097.652
683.420,9.800,10571.102,20097.652
684.441,8.800,10571.102,20097.652
685.463,9.800,10571.102,20097.652
686.484,10.800,10571.102,20097.652
687.505,9.800,10571.102,20097.652
688.526,8.800,10571.102,20097.652
689.546,8.800,10571.102,20097.652
690.567,7.800,10571.102,20097.652
691.589,10.800,10571.102,20097.652
692.610,9.800,10571.102,20097.652
693.631,7.800,10571.102,20097.652
694.652,35.300,10571.102,20097.652
695.672,99.900,10571.102,20097.652
696.694,99.900,10571.102,20097.652
697.712,100.100,10571.102,20097.652
698.731,100.100,10571.102,20097.652
699.750,100.200,10571.102,20097.652
700.768,100.100,10571.102,20097.652
701.787,100.100,10571.102,20097.652
702.805,100.200,10571.102,20097.652
703.824,100.100,10571.102,20097.652
704.842,99.200,10571.102,20097.652
705.861,101.100,10571.102,20097.652
706.879,99.200,10571.102,20097.652
707.898,101.100,10571.102,20097.652
708.916,100.100,10571.102,20097.652
709.935,99.200,10571.102,20097.652
710.953,101.100,10571.102,20097.652
711.971,100.100,10571.102,20097.652
712.990,99.200,10571.102,20097.652
714.009,100.100,10571.102,20097.652
715.027,100.100,10571.102,20097.652
716.045,100.200,10571.102,20097.652
717.063,100.200,10571.102,20097.652
718.083,100.000,10571.102,20097.652
719.101,100.100,10571.102,20097.652
720.120,100.100,10571.102,20097.652
721.138,100.100,10571.102,20097.652
722.157,100.200,10571.102,20097.652
723.175,100.100,10571.102,20097.652
724.194,99.200,10571.102,20097.652
725.213,100.100,10571.102,20097.652
726.232,101.100,10571.102,20097.652
727.250,100.100,10571.102,20097.652
728.269,99.200,10571.102,20097.652
729.288,101.100,10571.102,20097.652
730.306,100.200,10571.102,20097.652
731.325,99.200,10571.102,20097.652
732.343,100.100,10571.102,20097.652
733.362,100.100,10571.102,20097.652
734.380,100.100,10571.102,20097.652
735.399,100.100,10571.102,20097.652
736.417,100.100,10571.102,20097.652
737.436,100.100,10571.102,20097.652
738.455,99.200,10571.102,20097.652
739.473,101.100,10571.102,20097.652
740.492,100.100,10571.102,20097.652
741.510,100.200,10571.102,20097.652
742.528,99.200,10571.102,20097.652
743.547,100.100,10571.102,20097.652
744.566,100.100,10571.102,20097.652
745.584,101.100,10571.102,20097.652
746.603,100.100,10571.102,20097.652
747.622,99.100,10571.102,20097.652
748.641,100.100,10571.102,20097.652
749.659,100.200,10571.102,20097.652
750.678,100.100,10571.102,20097.652
751.696,101.100,10571.102,20097.652
752.715,100.100,10571.102,20097.652
753.733,100.200,10571.102,20097.652
754.752,99.200,10571.102,20097.652
755.770,100.200,10571.102,20097.652
756.788,100.100,10571.102,20097.652
757.807,100.100,10571.102,20097.652
758.826,100.100,10571.102,20097.652
759.844,99.100,10571.102,20097.652
760.863,100.100,10571.102,20097.652
761.881,100.200,10571.102,20097.652
762.900,96.200,10571.102,20097.652
763.918,38.300,10571.102,20097.652
764.939,35.200,10571.102,20097.652
765.961,42.100,10571.102,20097.652
766.982,8.800,10571.102,20097.652
768.003,8.800,10571.102,20097.652
769.024,8.800,10571.102,20097.652
770.045,8.800,10571.102,20097.652
771.065,8.800,10571.102,20097.652
772.086,8.800,10571.102,20097.652
773.107,7.800,10571.102,20097.652
774.128,7.800,10571.102,20097.652
775.149,8.800,10571.102,20097.652
776.170,7.800,10571.102,20097.652
777.191,8.800,10571.102,20097.652
778.212,16.600,10571.102,20097.652
779.234,7.800,10571.102,20097.652
780.255,8.800,10571.102,20097.652
781.276,81.300,10571.102,20097.652
782.297,100.900,10571.102,20097.652
783.318,98.900,10571.102,20097.652
784.339,100.900,10571.102,20097.652
785.361,99.800,10571.102,20097.652
786.382,99.900,10571.102,20097.652
787.403,99.900,10571.102,20097.652
788.424,100.900,10571.102,20097.652
789.445,98.900,10571.102,20097.652
790.464,101.100,10571.102,20097.652
791.482,99.200,10571.102,20097.652
792.501,101.100,10571.102,20097.652
793.519,100.100,10571.102,20097.652
794.538,99.200,10571.102,20097.652
795.556,101.100,10571.102,20097.652
796.575,100.100,10571.102,20097.652
797.593,99.200,10571.102,20097.652
798.612,101.100,10571.102,20097.652
799.630,99.200,10571.102,20097.652
800.649,100.200,10571.102,20097.652
801.667,100.100,10571.102,20097.652
802.686,100.100,10571.102,20097.652
803.704,100.200,10571.102,20097.652
804.723,100.100,10571.102,20097.652
805.741,100.100,10571.102,20097.652
806.760,100.200,10571.102,20097.652
807.779,100.100,10571.102,20097.652
808.798,100.100,10571.102,20097.652
809.816,100.200,10571.102,20097.652
810.835,99.200,10571.102,20097.652
811.853,100.100,10571.102,20097.652
812.872,100.100,10571.102,20097.652
813.890,100.100,10571.102,20097.652
814.909,100.100,10571.102,20097.652
815.927,100.200,10571.102,20097.652
816.946,100.100,10571.102,20097.652
817.964,100.100,10571.102,20097.652
818.983,100.200,10571.102,20097.652
820.001,100.100,10571.102,20097.652
821.020,99.200,10571.102,20097.652
822.038,101.100,10571.102,20097.652
823.056,100.300,10571.102,20097.652
824.074,100.100,10571.102,20097.652
825.093,100.100,10571.102,20097.652
826.111,99.200,10571.102,20097.652
827.130,101.100,10571.102,20097.652
828.148,100.100,10571.102,20097.652
829.167,99.200,10571.102,20097.652
830.185,100.100,10571.102,20097.652
831.204,100.200,10571.102,20097.652
832.223,100.100,10571.102,20097.652
833.241,100.100,10571.102,20097.652
834.260,100.100,10571.102,20097.652
835.279,100.100,10571.102,20097.652
836.297,100.100,10571.102,20097.652
837.316,100.100,10571.102,20097.652
838.335,100.000,10571.102,20097.652
839.354,99.200,10571.102,20097.652
840.372,101.100,10571.102,20097.652
841.391,100.100,10571.102,20097.652
842.409,100.100,10571.102,20097.652
843.428,100.100,10571.102,20097.652
844.446,100.100,10571.102,20097.652
845.466,100.100,10571.102,20097.652
846.484,100.100,10571.102,20097.652
847.503,100.100,10571.102,20097.652
848.521,100.200,10571.102,20097.652
849.540,99.200,10571.102,20097.652
850.558,100.100,10571.102,20097.652
851.577,61.800,10571.102,20097.652
852.598,36.200,10571.102,20097.652
853.620,34.300,10571.102,20097.652
854.641,10.800,10571.102,20097.652
855.662,10.800,10571.102,20097.652
856.683,10.800,10571.102,20097.652
857.704,11.800,10571.102,20097.652
858.725,10.800,10571.102,20097.652
859.746,10.800,10571.102,20097.652
860.767,16.700,10571.102,20097.652
861.788,8.800,10571.102,20097.652
862.809,8.800,10571.102,20097.652
863.830,9.800,10571.102,20097.652
864.852,9.800,10571.102,20097.652
865.873,9.800,10571.102,20097.652
866.894,9.800,10571.102,20097.652
867.915,8.800,10571.102,20097.652
868.936,62.700,10571.102,20097.652
869.957,100.800,10571.102,20097.652
870.976,100.200,10571.102,20097.652
871.994,100.100,10571.102,20097.652
873.013,99.200,10571.102,20097.652
874.031,101.100,10571.102,20097.652
875.049,100.200,10571.102,20097.652
876.067,99.300,10571.102,20097.652
877.085,101.100,10571.102,20097.652
878.104,100.100,10571.102,20097.652
879.122,99.200,10571.102,20097.652
880.141,100.100,10571.102,20097.652
881.159,100.100,10571.102,20097.652
882.178,100.100,10571.102,20097.652
883.196,100.200,10571.102,20097.652
884.215,100.100,10571.102,20097.652
885.233,99.200,10571.102,20097.652
886.252,101.100,10571.102,20097.652
887.270,100.100,10571.102,20097.652
888.289,100.200,10571.102,20097.652
889.307,100.100,10571.102,20097.652
890.326,100.100,10571.102,20097.652
891.344,99.200,10571.102,20097.652
892.363,101.100,10571.102,20097.652
893.381,99.200,10571.102,20097.652
894.400,100.200,10571.102,20097.652
895.418,100.200,10571.102,20097.652
896.437,100.200,10571.102,20097.652
897.456,100.100,10571.102,20097.652
898.475,100.100,10571.102,20097.652
899.493,100.200,10571.102,20097.652
900.512,100.100,10571.102,20097.652
901.530,99.200,10571.102,20097.652
902.549,100.100,10571.102,20097.652
903.567,100.200,10571.102,20097.652
904.585,100.200,10571.102,20097.652
905.605,100.100,10571.102,20097.652
906.623,101.100,10571.102,20097.652
907.642,99.200,10571.102,20097.652
908.660,100.100,10571.102,20097.652
909.679,100.200,10571.102,20097.652
910.697,101.100,10571.102,20097.652
911.715,99.200,10571.102,20097.652
912.734,100.200,10571.102,20097.652
913.752,100.100,10571.102,20097.652
914.771,100.200,10571.102,20097.652
915.789,100.100,10571.102,20097.652
916.808,100.200,10571.102,20097.652
917.827,100.100,10571.102,20097.652
918.845,100.200,10571.102,20097.652
919.863,99.200,10571.102,20097.652
920.882,100.100,10571.102,20097.652
921.900,100.100,10571.102,20097.652
922.919,100.200,10571.102,20097.652
923.937,101.100,10571.102,20097.652
924.956,100.100,10571.102,20097.652
925.974,100.100,10571.102,20097.652
926.993,100.100,10571.102,20097.652
928.012,100.100,10571.102,20097.652
929.031,100.100,10571.102,20097.652
930.049,99.200,10571.102,20097.652
931.067,100.200,10571.102,20097.652
932.085,100.200,10571.102,20097.652
933.104,100.100,10571.102,20097.652
934.122,100.100,10571.102,20097.652
935.141,100.100,10571.102,20097.652
936.160,100.100,10648.090,20174.762
937.178,99.200,10683.098,20174.762
938.197,54.000,10708.625,20174.762
939.215,12.800,10708.625,20174.762
940.234,45.200,10708.746,20174.762
941.255,15.700,10708.812,20174.762
942.276,49.000,10708.945,20174.762
943.297,15.700,10708.945,20174.762
944.318,40.100,10708.945,20174.762
945.340,22.500,10708.945,20174.762
946.361,22.500,10708.945,20174.762
947.382,22.500,10708.945,20174.762
948.403,10.800,10708.945,20174.762
949.425,10.800,10708.945,20174.762
950.446,9.800,10708.945,20174.762
951.467,8.800,10708.945,20174.762
952.488,9.800,10708.945,20174.762
953.509,10.800,10708.945,20174.762
954.530,8.800,10708.945,20174.762
955.551,9.800,10708.945,20174.762
956.572,8.800,10708.945,20174.762
957.594,9.800,10708.945,20174.762
958.615,7.800,10708.945,20174.762
959.636,9.800,10708.945,20174.762
960.657,9.800,10708.945,20174.762
961.678,8.800,10708.945,20174.762
962.699,7.800,10708.945,20174.762
963.720,7.800,10708.945,20174.762
964.741,11.700,10708.945,20174.762
965.763,8.800,10708.945,20174.762
966.784,21.500,10708.945,20174.762
967.805,9.800,10708.945,20174.762
968.827,5.900,10708.945,20174.762
969.848,52.900,10708.945,20174.762
970.869,99.900,10708.945,20174.762
971.888,100.100,10708.945,20174.762
972.906,99.200,10708.945,20174.762
973.925,101.100,10708.945,20174.762
974.943,99.200,10708.945,20174.762
975.961,100.200,10708.945,20174.762
976.980,101.100,10708.945,20174.762
977.998,99.200,10708.945,20174.762
979.017,100.200,10708.945,20174.762
980.035,100.200,10708.945,20174.762
981.052,100.300,10708.945,20174.762
982.070,100.200,10708.945,20174.762
983.088,100.200,10708.945,20174.762
984.107,100.100,10708.945,20174.762
985.125,100.100,10708.945,20174.762
986.144,99.200,10708.945,20174.762
987.162,101.100,10708.945,20174.762
988.182,99.100,10708.945,20174.762
989.201,100.100,10708.945,20174.762
990.219,101.100,10708.945,20174.762
991.238,99.200,10708.945,20174.762
992.256,100.100,10708.945,20174.762
993.275,101.100,10708.945,20174.762
994.293,99.200,10708.945,20174.762
995.312,100.100,10708.945,20174.762
996.330,100.100,10708.945,20174.762
997.349,100.100,10708.945,20174.762
998.367,99.200,10708.945,20174.762
999.386,101.100,10708.945,20174.762
1000.404,100.100,10708.945,20174.762
1001.423,100.100,10708.945,20174.762
1002.442,100.100,10708.945,20174.762
1003.460,99.200,10708.945,20174.762
1004.478,100.200,10708.945,20174.762
1005.497,101.100,10708.945,20174.762
1006.515,99.200,10708.945,20174.762
1007.534,100.200,10708.945,20174.762
1008.552,100.100,10708.945,20174.762
1009.571,100.200,10708.945,20174.762
1010.589,101.100,10708.945,20174.762
1011.608,99.200,10708.945,20174.762
1012.626,100.200,10708.945,20174.762
1013.645,100.100,10708.945,20174.762
1014.663,100.200,10708.945,20174.762
1015.682,100.100,10708.945,20174.762
1016.700,99.200,10708.945,20174.762
1017.720,100.000,10708.945,20174.762
1018.738,100.100,10708.945,20174.762
1019.757,100.200,10708.945,20174.762
1020.775,100.100,10708.945,20174.762
1021.794,100.200,10708.945,20174.762
1022.812,100.100,10708.945,20174.762
1023.831,100.200,10708.945,20174.762
1024.849,100.100,10708.945,20174.762
1025.868,100.100,10708.945,20174.762
1026.887,100.100,10708.945,20174.762
1027.906,100.100,10708.945,20174.762
1028.924,100.200,10708.945,20174.762
1029.942,100.200,10708.945,20174.762
1030.961,100.100,10708.945,20174.762
1031.979,100.200,10708.945,20174.762
1032.998,100.100,10708.945,20174.762
1034.016,100.100,10708.945,20174.762
1035.035,100.200,10708.945,20174.762
1036.052,99.300,10708.945,20174.762
1037.070,100.300,10708.945,20174.762
1038.088,100.100,10708.945,20174.762
1039.107,96.200,10742.668,20174.762
1040.125,25.500,10742.668,20174.762
1041.144,30.400,10742.875,20174.762
1042.165,38.200,10742.918,20174.762
1043.187,42.100,10743.137,20174.762
1044.208,21.500,10743.156,20174.762
1045.229,39.200,10743.273,20174.762
1046.250,19.600,10743.273,20174.762
1047.271,10.800,10743.273,20174.762
1048.292,11.800,10743.273,20174.762
1049.313,10.800,10743.273,20174.762
1050.334,9.800,10743.273,20174.762
1051.354,22.500,10743.273,20174.762
1052.375,9.800,10743.273,20174.762
1053.396,9.800,10743.273,20174.762
1054.417,10.800,10743.273,20174.762
1055.438,8.800,10743.273,20174.762
1056.459,10.800,10743.273,20174.762
1057.480,10.800,10743.273,20174.762
1058.501,8.800,10743.273,20174.762
1059.522,9.800,10743.273,20174.762
1060.543,8.800,10743.273,20174.762
1061.564,8.800,10743.273,20174.762
1062.584,10.800,10743.273,20174.762
1063.605,8.800,10743.273,20174.762
1064.626,9.800,10743.273,20174.762
1065.647,6.900,10743.273,20174.762
1066.668,5.900,10743.273,20174.762
1067.688,76.400,10743.273,20174.762
1068.709,100.000,10743.273,20174.762
1069.727,100.200,10743.273,20174.762
1070.745,99.200,10743.273,20174.762
1071.764,100.200,10743.273,20174.762
1072.782,100.200,10743.273,20174.762
1073.800,101.100,10743.273,20174.762
1074.818,99.200,10743.273,20174.762
1075.837,100.200,10743.273,20174.762
1076.855,100.200,10743.273,20174.762
1077.874,100.100,10743.273,20174.762
1078.893,100.200,10743.273,20174.762
1079.911,99.200,10743.273,20174.762
1080.929,101.200,10743.273,20174.762
1081.947,99.200,10743.273,20174.762
1082.966,100.200,10743.273,20174.762
1083.984,101.200,10743.273,20174.762
1085.002,100.200,10743.273,20174.762
1086.021,99.100,10743.273,20174.762
1087.039,101.100,10743.273,20174.762
1088.056,99.300,10743.273,20174.762
1089.074,100.200,10743.273,20174.762
1090.093,100.200,10743.273,20174.762
1091.111,100.200,10743.273,20174.762
1092.129,100.200,10743.273,20174.762
1093.147,100.200,10743.273,20174.762
1094.166,100.200,10743.273,20174.762
1095.184,100.200,10743.273,20174.762
1096.202,99.200,10743.273,20174.762
1097.220,100.200,10743.273,20174.762
1098.239,100.200,10743.273,20174.762
1099.257,100.200,10743.273,20174.762
1100.275,100.200,10743.273,20174.762
1101.293,99.200,10743.273,20174.762
1102.312,100.200,10743.273,20174.762
1103.330,101.200,10743.273,20174.762
1104.348,99.200,10743.273,20174.762
1105.366,100.200,10743.273,20174.762
1106.385,100.200,10743.273,20174.762
1107.403,101.200,10743.273,20174.762
1108.422,99.100,10743.273,20174.762
1109.440,100.200,10743.273,20174.762
1110.459,100.200,10743.273,20174.762
1111.477,100.200,10743.273,20174.762
1112.495,100.200,10743.273,20174.762
1113.513,100.200,10743.273,20174.762
1114.532,100.200,10743.273,20174.762
1115.550,99.200,10743.273,20174.762
1116.568,100.200,10743.273,20174.762
1117.586,100.200,10743.273,20174.762
1118.605,100.200,10743.273,20174.762
1119.623,100.200,10743.273,20174.762
1120.641,101.200,10743.273,20174.762
1121.660,99.200,10743.273,20174.762
1122.678,100.200,10743.273,20174.762
1123.696,100.200,10743.273,20174.762
1124.714,100.200,10743.273,20174.762
1125.733,100.200,10743.273,20174.762
1126.751,99.200,10743.273,20174.762
1127.769,101.200,10743.273,20174.762
1128.787,100.200,10743.273,20174.762
1129.805,100.200,10743.273,20174.762
1130.824,99.200,10743.273,20174.762
1131.842,100.200,10743.273,20174.762
1132.860,100.200,10743.273,20174.762
1133.878,100.200,10743.273,20174.762
1134.897,100.200,10837.461,20273.965
1135.915,100.200,10977.863,20323.566
1136.933,99.200,11002.336,20273.965
1137.952,31.400,11009.680,20273.965
1138.971,29.500,11009.680,20273.965
1139.989,21.600,11009.680,20273.965
1141.008,46.100,11009.766,20273.965
1142.029,32.300,11009.766,20273.965
1143.049,19.600,11009.766,20273.965
1144.069,43.200,11009.852,20273.965
1145.090,66.600,11009.852,20273.965
1146.112,31.300,11009.852,20273.965
1147.133,25.500,11009.852,20273.965
1148.154,41.100,11009.938,20273.965
1149.175,26.400,11009.938,20273.965
1150.197,24.500,11009.938,20273.965
1151.218,33.300,11009.938,20273.965
1152.239,11.800,11009.938,20273.965
1153.260,9.800,11009.938,20273.965
1154.280,9.800,11009.938,20273.965
1155.301,9.800,11009.938,20273.965
1156.322,9.800,11009.938,20273.965
1157.343,10.800,11009.938,20273.965
1158.364,8.800,11009.938,20273.965
1159.385,8.800,11009.938,20273.965
1160.406,9.800,11009.938,20273.965
1161.427,8.800,11009.938,20273.965
1162.448,8.800,11009.938,20273.965
1163.469,8.800,11009.938,20273.965
1164.490,14.700,11009.938,20273.965
1165.511,8.800,11009.938,20273.965
1166.532,8.800,11009.938,20273.965
1167.552,8.800,11009.938,20273.965
1168.573,8.800,11009.938,20273.965
1169.594,7.800,11009.938,20273.965
1170.615,9.800,11009.938,20273.965
1171.636,7.800,11009.938,20273.965
1172.657,8.800,11009.938,20273.965
1173.678,7.800,11009.938,20273.965
1174.699,9.800,11009.938,20273.965
1175.720,7.800,11009.938,20273.965
1176.740,8.800,11009.938,20273.965
1177.761,7.800,11009.938,20273.965
1178.782,9.800,11009.938,20273.965
1179.803,7.800,11009.938,20273.965
1180.824,8.800,11009.938,20273.965
1181.845,5.900,11009.938,20273.965
1182.866,5.900,11009.938,20273.965
1183.887,43.100,11009.938,20273.965
1184.907,100.900,11009.938,20273.965
1185.928,100.000,11009.938,20273.965
1186.946,100.200,11009.938,20273.965
1187.964,100.200,11009.938,20273.965
1188.983,100.200,11009.938,20273.965
1190.001,99.200,11009.938,20273.965
1191.019,101.200,11009.938,20273.965
1192.037,99.200,11009.938,20273.965
1193.055,100.300,11009.938,20273.965
1194.073,100.200,11009.938,20273.965
1195.091,100.200,11009.938,20273.965
1196.110,100.200,11009.938,20273.965
1197.128,100.200,11009.938,20273.965
1198.147,99.100,11009.938,20273.965
1199.166,100.200,11009.938,20273.965
1200.184,100.200,11009.938,20273.965
1201.202,100.200,11009.938,20273.965
1202.221,100.200,11009.938,20273.965
1203.239,100.200,11009.938,20273.965
1204.257,101.100,11009.938,20273.965
1205.276,99.100,11009.938,20273.965
1206.295,100.100,11009.938,20273.965
1207.313,100.200,11009.938,20273.965
1208.331,100.200,11009.938,20273.965
1209.350,100.200,11009.938,20273.965
1210.368,99.200,11009.938,20273.965
1211.386,100.200,11009.938,20273.965
1212.405,101.200,11009.938,20273.965
1213.423,100.200,11009.938,20273.965
1214.441,99.200,11009.938,20273.965
1215.459,100.200,11009.938,20273.965
1216.478,100.200,11009.938,20273.965
1217.496,100.200,11009.938,20273.965
1218.514,100.200,11009.938,20273.965
1219.533,100.200,11009.938,20273.965
1220.551,100.200,11009.938,20273.965
1221.569,100.200,11009.938,20273.965
1222.587,99.200,11009.938,20273.965
1223.606,100.200,11009.938,20273.965
1224.624,100.200,11009.938,20273.965
1225.642,100.200,11009.938,20273.965
1226.660,100.200,11009.938,20273.965
1227.680,100.100,11009.938,20273.965
1228.698,100.200,11009.938,20273.965
1229.716,100.200,11009.938,20273.965
1230.735,100.200,11009.938,20273.965
1231.753,100.200,11009.938,20273.965
1232.771,99.200,11009.938,20273.965
1233.789,101.200,11009.938,20273.965
1234.808,100.200,11009.938,20273.965
1235.826,99.200,11009.938,20273.965
1236.844,100.200,11009.938,20273.965
1237.862,101.200,11009.938,20273.965
1238.880,99.200,11009.938,20273.965
1239.899,100.200,11009.938,20273.965
1240.917,100.200,11009.938,20273.965
1241.935,100.200,11009.938,20273.965
1242.953,100.200,11009.938,20273.965
1243.972,100.200,11009.938,20273.965
1244.990,100.200,11009.938,20273.965
1246.008,100.200,11009.938,20273.965
1247.026,99.200,11009.938,20273.965
1248.045,100.200,11009.938,20273.965
1249.062,100.300,11009.938,20273.965
1250.080,100.200,11009.938,20273.965
1251.098,100.200,11009.938,20273.965
1252.117,100.200,11009.938,20273.965
1253.135,100.200,11136.305,20358.574
1254.153,63.800,11164.227,20358.574
1255.172,18.700,11164.285,20358.574
1256.190,43.200,11164.496,20358.574
1257.211,40.100,11164.512,20358.574
1258.232,50.000,11164.512,20358.574
1259.253,38.200,11164.512,20358.574
1260.274,37.200,11164.512,20358.574
1261.295,26.400,11164.512,20358.574
1262.316,11.800,11164.512,20358.574
1263.337,10.800,11164.512,20358.574
1264.358,9.800,11164.512,20358.574
1265.379,9.800,11164.512,20358.574
1266.400,9.800,11164.512,20358.574
1267.421,10.800,11164.512,20358.574
1268.442,16.700,11164.512,20358.574
1269.463,9.800,11164.512,20358.574
1270.484,8.800,11164.512,20358.574
1271.505,9.800,11164.512,20358.574
1272.526,8.800,11164.512,20358.574
1273.547,8.800,11164.512,20358.574
1274.567,8.800,11164.512,20358.574
1275.588,8.800,11164.512,20358.574
1276.609,8.800,11164.512,20358.574
1277.630,8.800,11164.512,20358.574
1278.651,8.800,11164.512,20358.574
1279.672,9.800,11164.512,20358.574
1280.693,8.800,11164.512,20358.574
1281.714,8.800,11164.512,20358.574
1282.735,9.800,11164.512,20358.574
1283.755,6.900,11164.512,20358.574
1284.776,6.900,11164.512,20358.574
1285.797,67.600,11164.512,20358.574
1286.818,99.900,11164.512,20358.574
1287.838,99.900,11164.512,20358.574
1288.857,100.200,11164.512,20358.574
1289.875,100.200,11164.512,20358.574
1290.893,100.200,11164.512,20358.574
1291.911,100.200,11164.512,20358.574
1292.930,100.200,11164.512,20358.574
1293.948,99.200,11164.512,20358.574
1294.966,101.200,11164.512,20358.574
1295.985,99.200,11164.512,20358.574
1297.003,100.200,11164.512,20358.574
1298.021,100.200,11164.512,20358.574
1299.039,100.200,11164.512,20358.574
1300.056,100.300,11164.512,20358.574
1301.075,100.200,11164.512,20358.574
1302.093,100.200,11164.512,20358.574
1303.111,99.200,11164.512,20358.574
1304.130,101.200,11164.512,20358.574
1305.148,100.200,11164.512,20358.574
1306.166,100.200,11164.512,20358.574
1307.184,99.200,11065.309,20259.371
1308.203,100.200,11065.309,20259.371
1309.221,100.200,11065.309,20259.371
1310.239,100.200,11065.309,20259.371
1311.258,100.200,11065.309,20259.371
1312.276,100.200,11065.309,20259.371
1313.294,100.200,11065.309,20259.371
1314.313,100.200,11065.309,20259.371
1315.331,100.200,11065.309,20259.371
1316.349,100.200,11065.309,20259.371
1317.368,100.200,11065.309,20259.371
1318.387,100.100,11065.309,20259.371
1319.405,100.200,11065.309,20259.371
1320.424,100.200,11065.309,20259.371
1321.442,100.200,11065.309,20259.371
1322.460,99.200,11065.309,20259.371
1323.479,100.200,11065.309,20259.371
1324.497,100.200,11065.309,20259.371
1325.515,100.200,11065.309,20259.371
1326.534,99.100,11065.309,20259.371
1327.553,101.100,11065.309,20259.371
1328.571,100.200,11065.309,20259.371
1329.589,100.200,11065.309,20259.371
1330.608,100.200,11065.309,20259.371
1331.626,99.200,11065.309,20259.371
1332.644,100.200,11065.309,20259.371
1333.663,100.200,11065.309,20259.371
1334.681,100.200,11065.309,20259.371
1335.699,100.200,11065.309,20259.371
1336.717,100.200,11065.309,20259.371
1337.736,100.200,11065.309,20259.371
1338.754,100.200,11065.309,20259.371
1339.772,99.200,11065.309,20259.371
1340.791,100.200,11065.309,20259.371
1341.809,100.200,11065.309,20259.371
1342.827,101.100,11065.309,20259.371
1343.846,100.200,11065.309,20259.371
1344.864,100.200,11065.309,20259.371
1345.882,99.200,11065.309,20259.371
1346.900,100.200,11065.309,20259.371
1347.919,100.100,11065.309,20259.371
1348.938,100.200,11065.309,20259.371
1349.956,100.200,11065.309,20259.371
1350.974,100.200,11065.309,20259.371
1351.992,99.200,11065.309,20259.371
1353.011,101.200,11065.309,20259.371
1354.029,99.200,11073.438,20259.371
1355.047,97.300,11115.500,20259.371
1356.064,35.400,11115.500,20259.371
1357.083,43.200,11115.605,20259.371
1358.104,38.200,11115.684,20259.371
1359.126,33.300,11115.684,20259.371
1360.147,41.100,11115.684,20259.371
1361.168,27.400,11115.684,20259.371
1362.189,10.800,11115.684,20259.371
1363.210,10.800,11115.684,20259.371
1364.230,9.800,11115.684,20259.371
1365.251,8.800,11115.684,20259.371
1366.272,9.800,11115.684,20259.371
1367.293,8.800,11115.684,20259.371
1368.313,9.800,11115.684,20259.371
1369.334,8.800,11115.684,20259.371
1370.355,8.800,11115.684,20259.371
1371.376,8.800,11115.684,20259.371
1372.397,16.700,11115.684,20259.371
1373.418,7.800,11115.684,20259.371
1374.438,8.800,11115.684,20259.371
1375.459,7.800,11115.684,20259.371
1376.480,7.800,11115.684,20259.371
1377.501,9.800,11115.684,20259.371
1378.522,7.800,11115.684,20259.371
1379.542,6.900,11115.684,20259.371
1380.563,10.800,11115.684,20259.371
1381.584,7.800,11115.684,20259.371
1382.605,5.900,11115.684,20259.371
1383.626,46.000,11115.684,20259.371
1384.647,100.900,11115.684,20259.371
1385.665,100.200,11115.684,20259.371
1386.684,100.100,11115.684,20259.371
1387.703,99.200,11115.684,20259.371
1388.721,100.200,11115.684,20259.371
1389.739,100.200,11115.684,20259.371
1390.758,100.200,11115.684,20259.371
1391.776,100.200,11115.684,20259.371
1392.794,100.200,11115.684,20259.371
1393.812,100.200,11115.684,20259.371
1394.830,100.200,11115.684,20259.371
1395.849,100.200,11115.684,20259.371
1396.866,99.300,11115.684,20259.371
1397.884,101.100,11115.684,20259.371
1398.902,100.200,11115.684,20259.371
1399.921,99.200,11115.684,20259.371
1400.939,100.200,11115.684,20259.371
1401.957,100.200,11115.684,20259.371
1402.975,100.200,11115.684,20259.371
1403.994,100.200,11115.684,20259.371
1405.012,100.200,11115.684,20259.371
1406.030,100.200,11115.684,20259.371
1407.048,100.200,11115.684,20259.371
1408.066,100.200,11115.684,20259.371
1409.085,100.200,11115.684,20259.371
1410.103,99.200,11115.684,20259.371
1411.121,100.100,11115.684,20259.371
1412.140,100.200,11115.684,20259.371
1413.158,100.200,11115.684,20259.371
1414.176,100.200,11115.684,20259.371
1415.195,100.200,11115.684,20259.371
1416.213,100.200,11115.684,20259.371
1417.231,100.200,11115.684,20259.371
1418.250,100.200,11115.684,20259.371
1419.268,100.200,11115.684,20259.371
1420.286,100.200,11115.684,20259.371
1421.304,100.200,11115.684,20259.371
1422.323,100.200,11115.684,20259.371
1423.341,99.200,11115.684,20259.371
1424.359,100.200,11115.684,20259.371
1425.377,100.200,11115.684,20259.371
1426.396,100.200,11115.684,20259.371
1427.414,101.100,11115.684,20259.371
1428.433,99.200,11115.684,20259.371
1429.451,100.200,11115.684,20259.371
1430.469,100.200,11115.684,20259.371
1431.488,99.200,11115.684,20259.371
1432.506,101.100,11115.684,20259.371
1433.524,100.200,11115.684,20259.371
1434.543,99.200,11115.684,20259.371
1435.561,100.200,11115.684,20259.371
1436.579,100.200,11115.684,20259.371
1437.599,100.100,11115.684,20259.371
1438.617,100.200,11115.684,20259.371
1439.635,100.200,11115.684,20259.371
1440.654,101.100,11115.684,20259.371
1441.672,100.100,11115.684,20259.371
1442.691,99.200,11115.684,20259.371
1443.709,100.200,11115.684,20259.371
1444.727,100.200,11115.684,20259.371
1445.746,100.200,11115.684,20259.371
1446.765,100.100,11115.684,20259.371
1447.783,100.200,11115.684,20259.371
1448.801,100.200,11115.684,20259.371
1449.820,100.200,11115.684,20259.371
1450.838,99.200,11115.684,20259.371
1451.856,100.200,11859.438,21318.285
1452.875,101.100,14012.590,23914.242
1453.893,99.200,13686.184,23521.469
1454.912,100.200,13820.543,23401.301
1455.930,100.200,13484.891,24109.699
1456.948,100.200,15665.477,24980.270
1457.966,100.200,17858.145,27421.797
1458.985,100.200,14777.020,26836.410
1460.003,100.200,17408.676,26836.410
1461.021,100.200,15290.027,27663.973
1462.040,100.200,17899.160,27663.973
1463.056,99.400,18624.027,27980.387
