Elapsed_time,CPU,Real_MB,Virtual_MB
0.000,0.000,33.176,8417.707
1.012,88.900,88.695,8392.051
2.033,86.200,123.168,8495.070
3.055,93.900,199.699,8574.016
4.074,98.100,287.262,8662.145
5.094,96.100,346.750,8727.918
6.115,98.000,357.516,8740.465
7.136,92.100,395.375,8778.336
8.157,81.300,449.922,8834.258
9.177,84.300,487.961,8872.414
10.198,99.000,497.504,8882.078
11.218,98.000,497.504,8882.078
12.239,99.000,497.504,8882.078
13.259,99.000,516.457,8901.406
14.279,98.000,516.457,8901.406
15.300,99.000,516.613,8901.406
16.320,99.000,516.613,8901.406
17.341,97.000,516.613,8901.406
18.361,97.000,516.613,8901.406
19.381,98.000,516.613,8901.406
20.402,99.000,516.613,8901.406
21.422,98.000,516.613,8901.406
22.442,99.000,516.613,8901.406
23.462,98.000,516.613,8901.406
24.482,99.000,516.613,8901.406
25.503,98.000,516.613,8901.406
26.523,98.000,516.613,8901.406
27.543,96.100,516.613,8901.406
28.563,99.000,516.613,8901.406
29.584,98.000,516.613,8901.406
30.603,99.000,516.613,8901.406
31.624,98.000,516.613,8901.406
32.643,98.100,516.613,8901.406
33.663,99.000,516.613,8901.406
34.684,99.000,516.613,8901.406
35.704,95.100,516.613,8901.406
36.724,99.000,516.613,8901.406
37.744,99.000,516.613,8901.406
38.765,98.000,516.613,8901.406
39.785,98.000,516.613,8901.406
40.805,99.000,555.410,13717.152
41.826,100.900,754.363,13717.152
42.847,99.900,924.820,13758.152
43.867,99.900,932.812,13960.152
44.888,99.900,941.062,14172.152
45.909,99.900,960.656,14676.152
46.930,99.900,994.688,15546.152
47.950,100.900,1053.469,17051.152
48.971,469.400,2802.121,22523.246
49.993,1152.600,8993.066,22523.246
51.022,429.500,3860.246,13780.906
52.042,101.000,4927.328,14895.906
53.062,100.900,6229.797,16256.906
54.083,99.000,7120.660,17185.535
55.103,80.400,7285.621,17457.148
56.124,98.900,8172.684,18138.895
57.144,100.900,9468.027,19421.121
58.165,99.900,11420.477,21263.574
59.186,99.900,11055.820,21059.152
60.206,100.900,11642.680,21588.910
61.226,100.000,11720.406,21512.988
62.247,99.000,13648.219,23440.871
63.267,100.900,13645.609,23529.469
64.288,81.300,13019.762,22811.180
65.309,79.300,13019.820,22811.164
66.329,28.400,13016.809,22824.254
67.350,15.700,13014.926,22824.254
68.371,51.000,13058.891,22847.867
69.393,0.000,13058.039,22847.867
70.413,0.000,13057.016,22847.867
71.433,0.000,13056.488,22847.867
72.454,0.000,13056.246,22847.867
73.475,0.000,13056.246,22847.867
74.496,2.900,13055.176,22847.867
75.516,12.700,13055.906,22847.867
76.536,10.800,13056.336,22847.867
77.557,0.000,13056.336,22847.867
78.578,0.000,13056.336,22847.867
79.599,0.000,13056.336,22847.867
80.620,0.000,13056.336,22847.867
81.640,0.000,13056.336,22847.867
82.661,4.900,13056.336,22847.867
83.681,11.800,13056.781,22847.867
84.702,22.500,13057.992,22847.867
85.720,22.600,13058.668,22847.867
86.738,35.400,13060.402,22847.867
87.756,26.500,13061.258,22847.867
88.774,10.800,13061.570,22847.867
89.793,13.700,13062.676,22847.867
90.813,0.000,13062.672,22847.867
91.834,0.000,13062.672,22847.867
92.854,0.000,13062.672,22847.867
93.875,0.000,13062.672,22847.867
94.896,0.000,13062.672,22847.867
95.916,3.900,13062.672,22847.867
96.936,22.600,13064.145,22847.867
97.951,3.000,13064.125,22847.867
98.972,0.000,13064.125,22847.867
99.992,0.000,13064.125,22847.867
101.014,0.000,13064.125,22847.867
102.035,0.000,13064.125,22847.867
103.057,0.000,13064.125,22847.867
104.078,4.900,13064.125,22847.867
105.099,13.700,13064.898,22847.867
106.118,44.200,13104.902,22873.043
107.139,21.500,13107.941,22873.043
108.160,31.300,13114.676,22873.043
109.179,45.200,13124.516,22873.043
110.199,22.500,13128.449,22873.043
111.222,24.500,13130.574,22873.043
112.244,22.500,13134.535,22873.043
113.265,23.500,13136.672,22873.043
114.286,39.200,13204.117,22922.035
115.307,25.500,13206.117,22922.035
116.328,25.500,13208.211,22922.035
117.348,28.400,13213.316,22922.035
118.369,27.400,13215.668,22922.035
119.389,35.300,13218.383,22922.035
120.410,23.500,13218.383,22922.035
121.430,38.200,13218.383,22922.035
122.451,16.600,13218.383,22922.035
123.472,50.900,13254.008,22957.910
124.493,24.500,13254.035,22957.910
125.514,30.400,13254.035,22957.910
126.536,24.500,13254.035,22957.910
127.557,33.300,13254.035,22957.910
128.577,25.500,13254.035,22957.910
129.598,24.500,13254.082,22957.910
130.618,25.500,13254.082,22957.910
131.639,11.800,13254.082,22957.910
132.660,34.300,13254.191,22957.910
133.681,38.200,13254.203,22957.910
134.703,49.900,13254.273,22957.910
135.724,49.900,13254.273,22957.910
136.746,38.200,13255.016,22957.910
137.767,14.700,13255.262,22957.910
138.788,64.600,13356.293,23055.918
139.809,27.400,13356.949,23055.918
140.830,29.400,13357.781,23055.918
141.850,28.400,13287.043,22984.730
142.871,27.400,13287.043,22984.730
143.892,34.300,13287.043,22984.730
144.913,29.400,13287.043,22984.730
145.934,33.300,13287.043,22984.730
146.955,24.500,13287.043,22984.730
147.976,22.500,13287.043,22984.730
148.997,44.100,13356.203,23054.223
150.018,30.400,13356.203,23054.223
151.039,24.500,13356.203,23054.223
152.060,31.300,13356.203,23054.223
153.080,25.500,13356.203,23054.223
154.101,36.300,13356.203,23054.223
155.121,21.600,13356.203,23054.223
156.142,20.600,13356.203,23054.223
157.164,27.400,13356.203,23054.223
158.185,15.700,13356.203,23054.223
159.206,61.700,13356.520,23054.223
160.228,44.100,13356.520,23054.223
161.249,52.900,13356.520,23054.223
162.270,35.300,13356.520,23054.223
163.291,38.200,13356.902,23054.223
164.312,18.600,13357.180,23054.223
165.333,67.600,13529.336,23225.641
166.353,39.200,13417.789,23111.531
167.374,33.300,13417.789,23111.531
168.395,36.200,13417.789,23111.531
169.416,20.600,13417.789,23111.531
170.437,27.400,13417.789,23111.531
171.458,30.400,13417.789,23111.531
172.478,37.200,13417.789,23111.531
173.499,22.500,13417.789,23111.531
174.519,28.400,13417.789,23111.531
175.540,31.300,13417.789,23111.531
176.561,18.600,13417.789,23111.531
177.583,51.900,13417.789,23111.531
178.603,49.000,13417.789,23111.531
179.623,47.100,13417.789,23111.531
180.645,41.100,13417.789,23111.531
181.666,12.700,13417.789,23111.531
182.687,55.800,13417.930,23111.531
183.709,49.900,13417.930,23111.531
184.730,47.000,13417.930,23111.531
185.752,37.200,13417.930,23111.531
186.773,23.500,13418.066,23111.531
187.794,82.300,13531.016,23223.375
188.815,36.200,13531.016,23223.375
189.837,41.100,13531.016,23223.375
190.858,41.100,13531.016,23223.375
191.881,31.300,13531.016,23223.375
192.902,21.500,13531.016,23223.375
193.923,39.200,13531.016,23223.375
194.944,35.200,13531.016,23223.375
195.965,40.200,13640.395,23333.492
196.987,53.800,13662.922,23355.516
198.008,34.300,13662.922,23355.516
199.029,33.300,13662.922,23355.516
200.050,20.600,13662.922,23355.516
201.072,32.300,13662.922,23355.516
202.093,34.300,13662.922,23355.516
203.114,30.400,13662.922,23355.516
204.135,35.200,13662.922,23355.516
205.156,35.200,13662.922,23355.516
206.177,15.700,13662.922,23355.516
207.198,63.700,13706.590,23399.191
208.220,28.400,13706.590,23399.191
209.241,20.600,13706.590,23399.191
210.263,49.900,13707.957,23399.191
211.284,44.100,13708.992,23399.191
212.305,37.200,13709.000,23399.191
213.326,23.500,13709.152,23399.191
214.341,27.600,13709.184,23399.191
215.362,17.600,13709.184,23399.191
216.384,88.100,13863.098,23553.410
217.405,20.600,13863.098,23553.410
218.426,27.400,13863.098,23553.410
219.447,41.100,13863.098,23553.410
220.468,28.400,13863.098,23553.410
221.489,37.200,13863.098,23553.410
222.510,36.200,13863.098,23553.410
223.532,20.600,13863.098,23553.410
224.552,28.400,13863.098,23553.410
225.573,26.400,13863.098,23553.410
226.594,17.600,13863.098,23553.410
227.614,97.100,14135.801,23826.344
228.635,47.000,14136.207,23826.344
229.657,26.400,14136.207,23826.344
230.677,26.500,14136.207,23826.344
231.699,28.400,14136.207,23826.344
232.720,29.400,14136.207,23826.344
233.741,48.000,14136.207,23826.344
234.763,25.500,14136.207,23826.344
235.784,38.200,14136.207,23826.344
236.805,34.300,14136.207,23826.344
237.826,29.400,14136.207,23826.344
238.847,37.200,14136.207,23826.344
239.868,14.700,14136.207,23826.344
240.886,39.300,14136.207,23826.344
241.908,10.800,14136.207,23826.344
242.929,28.400,14136.207,23826.344
243.950,68.500,14136.223,23826.344
244.972,24.500,14136.223,23826.344
245.994,22.500,14136.223,23826.344
247.015,49.900,14136.223,23826.344
248.037,46.000,14136.223,23826.344
249.058,36.200,13937.816,23627.938
250.079,24.500,13937.816,23627.938
251.100,31.300,13937.816,23627.938
252.121,14.700,13937.816,23627.938
253.143,58.800,13937.816,23627.938
254.165,46.000,13937.816,23627.938
255.186,52.900,13937.816,23627.938
256.208,36.200,13937.816,23627.938
257.229,39.200,13937.816,23627.938
258.250,14.700,13937.816,23627.938
259.271,86.200,13961.398,23651.641
260.293,40.100,13961.398,23651.641
261.314,42.100,13961.398,23651.641
262.335,41.100,13961.398,23651.641
263.357,50.900,13961.398,23651.641
264.377,37.200,13961.398,23651.641
265.399,37.200,13961.398,23651.641
266.419,36.200,13961.398,23651.641
267.440,40.200,13962.715,23651.641
268.461,73.400,13962.754,23651.641
269.483,30.300,13962.754,23651.641
270.504,22.500,13962.754,23651.641
271.525,40.200,13962.754,23651.641
272.546,21.600,13962.754,23651.641
273.567,7.800,13962.754,23651.641
274.587,7.800,13962.754,23651.641
275.608,7.800,13962.754,23651.641
276.629,8.800,13962.754,23651.641
277.648,6.900,13962.754,23651.641
278.669,7.800,13962.754,23651.641
279.689,8.800,13962.754,23651.641
280.710,7.800,13962.754,23651.641
281.730,6.900,13962.754,23651.641
282.751,7.800,13962.754,23651.641
283.772,8.800,13962.754,23651.641
284.792,8.800,13962.754,23651.641
285.812,7.800,13962.754,23651.641
286.833,5.900,13962.754,23651.641
287.853,88.200,13962.766,23651.641
288.876,99.700,13962.766,23651.641
289.897,100.900,13962.766,23651.641
290.918,99.900,13962.766,23651.641
291.939,99.900,13962.766,23651.641
292.959,99.900,13962.766,23651.641
293.980,100.900,13962.766,23651.641
295.001,99.900,13962.766,23651.641
296.022,99.900,13962.766,23651.641
297.042,99.900,13962.766,23651.641
298.063,100.900,13962.766,23651.641
299.084,99.900,13962.766,23651.641
300.104,99.900,13962.766,23651.641
301.125,99.900,13962.766,23651.641
302.146,100.900,13962.766,23651.641
303.166,99.900,13962.766,23651.641
304.187,99.900,13962.766,23651.641
305.208,99.900,13962.766,23651.641
306.229,100.800,13962.766,23651.641
307.250,99.900,13962.766,23651.641
308.271,99.900,13962.766,23651.641
309.292,99.900,13962.766,23651.641
310.312,99.000,13962.773,23651.641
311.333,99.900,13962.773,23651.641
312.354,99.900,13962.773,23651.641
313.374,99.900,13962.773,23651.641
314.395,99.900,13962.773,23651.641
315.416,100.900,13962.773,23651.641
316.437,99.900,13962.773,23651.641
317.457,99.900,13962.773,23651.641
318.478,99.900,13962.773,23651.641
319.499,100.900,13962.773,23651.641
320.520,99.900,13962.773,23651.641
321.539,100.100,13962.773,23651.641
322.558,100.000,13962.773,23651.641
323.579,99.900,13962.773,23651.641
324.600,99.900,13962.773,23651.641
325.621,100.900,13962.773,23651.641
326.641,99.900,13962.773,23651.641
327.662,99.900,13962.773,23651.641
328.683,99.900,13962.773,23651.641
329.704,100.900,13962.773,23651.641
330.724,99.900,13962.773,23651.641
331.745,99.900,13962.773,23651.641
332.766,100.000,13962.773,23651.641
333.787,99.900,13962.773,23651.641
334.807,100.900,13962.773,23651.641
335.828,99.900,13962.773,23651.641
336.849,99.900,13962.773,23651.641
337.870,99.900,13962.773,23651.641
338.891,99.900,13962.773,23651.641
339.911,100.900,13962.773,23651.641
340.932,99.900,13962.773,23651.641
341.953,99.900,13962.773,23651.641
342.973,99.900,13962.773,23651.641
343.994,100.900,13962.773,23651.641
345.015,99.900,13962.773,23651.641
346.036,99.900,13962.773,23651.641
347.056,99.900,13962.773,23651.641
348.077,99.900,13962.773,23651.641
349.098,99.900,13962.773,23651.641
350.119,99.900,13962.773,23651.641
351.139,100.900,13962.773,23651.641
352.160,99.900,13962.773,23651.641
353.181,99.900,13962.773,23651.641
354.201,99.900,13962.773,23651.641
355.222,100.900,13962.773,23651.641
356.243,65.600,13962.773,23651.641
357.266,45.900,13962.773,23651.641
358.292,35.100,13962.773,23651.641
359.314,8.800,13962.773,23651.641
360.336,7.800,13962.773,23651.641
361.359,7.800,13962.773,23651.641
362.379,7.800,13962.773,23651.641
363.392,7.900,13962.773,23651.641
364.412,6.900,13962.773,23651.641
365.433,10.800,13962.773,23651.641
366.454,7.800,13962.773,23651.641
367.475,6.900,13962.773,23651.641
368.496,7.800,13962.773,23651.641
369.516,7.800,13962.773,23651.641
370.537,7.800,13962.773,23651.641
371.557,7.800,13962.773,23651.641
372.577,32.300,13962.773,23651.641
373.598,100.900,13962.773,23651.641
374.619,99.900,13962.773,23651.641
375.639,99.900,13962.773,23651.641
376.660,99.900,13962.773,23651.641
377.681,99.900,13962.773,23651.641
378.702,100.900,13962.773,23651.641
379.723,99.900,13962.773,23651.641
380.743,99.900,13962.773,23651.641
381.764,99.900,13962.773,23651.641
382.785,100.900,13962.773,23651.641
383.806,99.900,13962.773,23651.641
384.826,99.900,13962.773,23651.641
385.847,99.900,13962.773,23651.641
386.868,99.900,13962.773,23651.641
387.889,100.900,13962.773,23651.641
388.909,99.900,13962.773,23651.641
389.930,99.900,13962.773,23651.641
390.951,99.900,13962.773,23651.641
391.972,99.900,13962.773,23651.641
392.992,100.900,13962.773,23651.641
394.013,99.900,13962.773,23651.641
395.034,99.900,13962.773,23651.641
396.055,99.900,13962.773,23651.641
397.075,99.900,13962.773,23651.641
398.096,100.900,13962.773,23651.641
399.117,99.900,13962.773,23651.641
400.138,99.900,13962.773,23651.641
401.158,99.900,13962.773,23651.641
402.179,99.900,13962.773,23651.641
403.200,100.900,13962.773,23651.641
404.220,99.900,13962.773,23651.641
405.241,99.900,13962.773,23651.641
406.262,99.900,13962.773,23651.641
407.283,99.900,13962.773,23651.641
408.303,99.900,13962.773,23651.641
409.324,100.900,13962.773,23651.641
410.345,99.900,13962.773,23651.641
411.366,99.900,13962.773,23651.641
412.387,99.900,13962.773,23651.641
413.407,99.900,13962.773,23651.641
414.428,100.900,13962.773,23651.641
415.449,99.900,13962.773,23651.641
416.470,99.900,13962.773,23651.641
417.490,99.900,13962.773,23651.641
418.511,99.900,13962.773,23651.641
419.532,99.900,13962.773,23651.641
420.552,101.000,13962.773,23651.641
421.572,99.900,13962.773,23651.641
422.593,99.900,13962.773,23651.641
423.614,99.900,13962.773,23651.641
424.634,99.900,13962.773,23651.641
425.655,99.900,13962.773,23651.641
426.677,100.900,13962.773,23651.641
427.697,99.900,13962.773,23651.641
428.718,99.900,13962.773,23651.641
429.739,99.900,13962.773,23651.641
430.760,100.900,13962.773,23651.641
431.781,99.900,13962.773,23651.641
432.801,99.900,13962.773,23651.641
433.822,99.900,13962.773,23651.641
434.843,99.900,13962.773,23651.641
435.864,99.900,13962.773,23651.641
436.885,100.900,13962.773,23651.641
437.905,99.900,13962.773,23651.641
438.926,99.900,13962.773,23651.641
439.947,43.100,13962.773,23651.641
440.971,37.100,13962.773,23651.641
441.992,31.300,13962.773,23651.641
443.014,19.600,13962.773,23651.641
444.034,6.900,13962.773,23651.641
445.055,7.800,13962.773,23651.641
446.076,7.800,13962.773,23651.641
447.096,7.800,13962.773,23651.641
448.117,7.800,13962.773,23651.641
449.138,8.800,13962.773,23651.641
450.158,7.800,13962.773,23651.641
451.179,7.800,13962.773,23651.641
452.200,6.900,13962.773,23651.641
453.220,8.800,13962.773,23651.641
454.241,6.900,13962.773,23651.641
455.262,7.800,13962.773,23651.641
456.283,10.800,13962.773,23651.641
457.303,32.300,13962.773,23651.641
458.324,99.900,13962.773,23651.641
459.343,100.200,13962.773,23651.641
460.361,100.200,13962.773,23651.641
461.379,100.200,13962.773,23651.641
462.397,100.200,13962.773,23651.641
463.415,100.200,13962.773,23651.641
464.434,100.200,13962.773,23651.641
465.452,100.200,13962.773,23651.641
466.470,99.200,13962.773,23651.641
467.488,100.200,13962.773,23651.641
468.506,100.200,13962.773,23651.641
469.525,100.200,13962.773,23651.641
470.542,100.300,13962.773,23651.641
471.560,100.200,13962.773,23651.641
472.578,100.200,13962.773,23651.641
473.596,100.200,13962.773,23651.641
474.615,100.200,13962.773,23651.641
475.633,100.200,13962.773,23651.641
476.651,100.200,13962.773,23651.641
477.669,99.200,13962.773,23651.641
478.688,100.200,13962.773,23651.641
479.706,100.200,13962.773,23651.641
480.724,100.200,13962.773,23651.641
481.742,100.200,13962.773,23651.641
482.761,100.100,13962.773,23651.641
483.779,100.200,13962.773,23651.641
484.798,100.200,13962.773,23651.641
485.816,100.200,13962.773,23651.641
486.835,100.100,13962.773,23651.641
487.853,100.200,13962.773,23651.641
488.871,100.200,13962.773,23651.641
489.889,100.200,13962.773,23651.641
490.908,100.200,13962.773,23651.641
491.926,100.200,13962.773,23651.641
492.944,99.200,13962.773,23651.641
493.962,100.200,13962.773,23651.641
494.980,100.200,13962.773,23651.641
495.999,100.200,13962.773,23651.641
497.017,100.200,13962.773,23651.641
498.035,100.200,13962.773,23651.641
499.053,100.200,13962.773,23651.641
500.072,100.200,13962.773,23651.641
501.090,100.200,13962.773,23651.641
502.108,100.200,13962.773,23651.641
503.126,100.200,13962.773,23651.641
504.144,99.200,13962.773,23651.641
505.162,100.200,13962.773,23651.641
506.181,100.200,13962.773,23651.641
507.199,100.200,13962.773,23651.641
508.217,100.200,13962.773,23651.641
509.235,100.200,13962.773,23651.641
510.253,99.200,13962.773,23651.641
511.272,100.200,13962.773,23651.641
512.291,101.100,13962.773,23651.641
513.309,99.200,13962.773,23651.641
514.322,99.700,13962.773,23651.641
515.341,100.100,13962.773,23651.641
516.359,100.200,13962.773,23651.641
517.378,100.200,13962.773,23651.641
518.396,100.200,13962.773,23651.641
519.414,100.200,13962.773,23651.641
520.432,100.200,13962.773,23651.641
521.450,100.200,13962.773,23651.641
522.468,100.200,13962.773,23651.641
523.487,99.200,13962.773,23651.641
524.505,101.100,13962.773,23651.641
525.523,99.200,13962.773,23651.641
526.541,100.200,13962.773,23651.641
527.560,100.200,13962.773,23651.641
528.578,100.200,13962.773,23651.641
529.596,100.200,13962.773,23651.641
530.614,100.200,13962.773,23651.641
531.632,100.200,13962.773,23651.641
532.651,100.200,13962.773,23651.641
533.669,100.200,13965.914,23651.641
534.686,50.100,13965.914,23651.641
535.703,40.300,13965.914,23651.641
536.717,34.500,13965.914,23651.641
537.738,22.500,13965.914,23651.641
538.759,7.800,13965.914,23651.641
539.779,7.800,13965.914,23651.641
540.800,7.800,13965.914,23651.641
541.821,8.800,13965.914,23651.641
542.841,7.800,13965.914,23651.641
543.862,7.800,13965.914,23651.641
544.882,7.800,13965.914,23651.641
545.903,8.800,13965.930,23651.641
546.924,6.900,13965.930,23651.641
547.945,8.800,13965.930,23651.641
548.966,6.900,13965.930,23651.641
549.987,14.700,13965.930,23651.641
551.007,8.800,13965.930,23651.641
552.028,7.800,13965.930,23651.641
553.049,79.300,13965.930,23651.641
554.070,99.900,13965.930,23651.641
555.090,99.900,13965.930,23651.641
556.111,100.900,13965.930,23651.641
557.132,99.900,13965.930,23651.641
558.153,100.900,13965.930,23651.641
559.174,99.000,13965.930,23651.641
560.194,100.900,13965.930,23651.641
561.215,99.900,13965.930,23651.641
562.235,99.900,13965.930,23651.641
563.256,99.900,13965.930,23651.641
564.277,99.900,13965.930,23651.641
565.298,99.900,13965.930,23651.641
566.319,99.900,13965.930,23651.641
567.339,99.900,13965.930,23651.641
568.360,100.000,13965.930,23651.641
569.380,99.900,13965.930,23651.641
570.401,100.900,13965.930,23651.641
571.422,100.900,13965.930,23651.641
572.442,100.000,13965.930,23651.641
573.462,99.900,13965.930,23651.641
574.483,99.900,13965.930,23651.641
575.505,99.900,13965.930,23651.641
576.525,99.900,13965.930,23651.641
577.546,99.900,13965.930,23651.641
578.567,99.900,13965.930,23651.641
579.587,99.900,13965.930,23651.641
580.608,99.900,13965.930,23651.641
581.628,100.000,13965.930,23651.641
582.647,100.000,13965.930,23651.641
583.668,99.900,13965.930,23651.641
584.689,100.900,13965.930,23651.641
585.710,99.900,13965.930,23651.641
586.730,99.900,13965.930,23651.641
587.751,99.900,13965.930,23651.641
588.772,99.900,13965.930,23651.641
589.792,100.900,13965.930,23651.641
590.813,99.900,13965.930,23651.641
591.834,99.900,13965.930,23651.641
592.855,99.900,13965.930,23651.641
593.876,100.900,13965.930,23651.641
594.897,99.900,13965.930,23651.641
595.917,99.900,13965.930,23651.641
596.938,99.900,13965.930,23651.641
597.958,99.900,13965.930,23651.641
598.979,99.900,13965.930,23651.641
599.999,100.900,13965.930,23651.641
601.020,99.900,13965.930,23651.641
602.041,99.900,13965.930,23651.641
603.061,100.000,13965.930,23651.641
604.082,99.900,13965.930,23651.641
605.102,99.900,13965.930,23651.641
606.123,99.900,13965.930,23651.641
607.144,100.900,13965.930,23651.641
608.164,99.900,13965.930,23651.641
609.185,99.000,13965.930,23651.641
610.205,100.900,13965.930,23651.641
611.226,99.900,13965.930,23651.641
612.247,99.900,13965.930,23651.641
613.267,99.900,13965.930,23651.641
614.288,100.900,13965.930,23651.641
615.308,99.900,13965.930,23651.641
616.329,99.900,13965.930,23651.641
617.350,99.900,13965.930,23651.641
618.370,99.900,13965.930,23651.641
619.391,95.000,13965.930,23651.641
620.412,41.100,13965.930,23651.641
621.433,39.200,13965.930,23651.641
622.454,12.700,13965.930,23651.641
623.474,7.800,13965.930,23651.641
624.495,8.800,13965.930,23651.641
625.515,7.800,13965.930,23651.641
626.536,7.800,13965.930,23651.641
627.556,7.800,13965.930,23651.641
628.577,11.800,13965.930,23651.641
629.597,8.800,13965.930,23651.641
630.617,7.800,13965.930,23651.641
631.637,7.800,13965.930,23651.641
632.657,8.800,13965.930,23651.641
633.678,24.500,13965.930,23651.641
634.699,99.000,13965.930,23651.641
635.719,99.900,13965.930,23651.641
636.740,100.900,13965.930,23651.641
637.760,100.000,13965.930,23651.641
638.781,100.000,13965.930,23651.641
639.801,99.900,13965.930,23651.641
640.822,100.900,13965.930,23651.641
641.842,99.900,13965.930,23651.641
642.863,99.900,13965.930,23651.641
643.883,99.900,13965.930,23651.641
644.904,100.000,13965.930,23651.641
645.923,100.100,13965.930,23651.641
646.944,100.900,13965.930,23651.641
647.964,99.900,13965.930,23651.641
648.985,99.900,13965.930,23651.641
650.006,99.900,13965.930,23651.641
651.026,99.900,13965.930,23651.641
652.047,100.000,13965.930,23651.641
653.067,99.900,13965.930,23651.641
654.087,100.000,13965.930,23651.641
655.105,100.200,13965.930,23651.641
656.123,100.200,13965.930,23651.641
657.142,99.200,13965.930,23651.641
658.160,100.200,13965.930,23651.641
659.178,101.200,13965.930,23651.641
660.196,100.200,13965.930,23651.641
661.214,99.200,13965.930,23651.641
662.232,100.200,13965.930,23651.641
663.251,100.200,13965.930,23651.641
664.269,100.100,13965.930,23651.641
665.288,100.200,13965.930,23651.641
666.306,100.200,13965.930,23651.641
667.324,100.200,13965.930,23651.641
668.342,99.200,13965.930,23651.641
669.360,100.200,13965.930,23651.641
670.378,100.200,13965.930,23651.641
671.396,100.200,13965.930,23651.641
672.415,100.200,13965.930,23651.641
673.433,101.200,13965.930,23651.641
674.451,99.200,13965.930,23651.641
675.469,100.200,13965.930,23651.641
676.487,100.200,13965.930,23651.641
677.505,100.200,13965.930,23651.641
678.523,100.200,13965.930,23651.641
679.541,100.200,13965.930,23651.641
680.560,99.200,13965.930,23651.641
681.578,100.200,13965.930,23651.641
682.596,100.200,13965.930,23651.641
683.614,100.200,13965.930,23651.641
684.632,100.200,13965.930,23651.641
685.650,100.200,13965.930,23651.641
686.667,100.300,13965.930,23651.641
687.685,100.200,13965.930,23651.641
688.703,99.200,13965.930,23651.641
689.721,100.200,13965.930,23651.641
690.740,100.200,13965.930,23651.641
691.758,100.200,13965.930,23651.641
692.776,100.200,13965.930,23651.641
693.794,100.200,13965.930,23651.641
694.812,100.200,13965.930,23651.641
695.830,99.200,13965.930,23651.641
696.848,101.200,13965.930,23651.641
697.866,100.200,13965.930,23651.641
698.884,100.200,13965.930,23651.641
699.903,99.200,13972.305,23651.641
700.921,72.700,14000.090,23651.641
701.939,10.800,14000.090,23651.641
702.950,47.500,14000.172,23651.641
703.970,19.600,14000.203,23651.641
704.991,26.500,14000.289,23651.641
706.011,35.300,14000.391,23651.641
707.031,18.600,14000.391,23651.641
708.045,23.700,14000.391,23651.641
709.066,7.800,14000.391,23651.641
710.087,8.800,14000.391,23651.641
711.107,7.800,14000.391,23651.641
712.128,7.800,14000.391,23651.641
713.148,8.800,14000.391,23651.641
714.169,6.900,14000.391,23651.641
715.189,7.800,14000.391,23651.641
716.210,8.800,14000.391,23651.641
717.230,7.800,14000.391,23651.641
718.251,8.800,14000.391,23651.641
719.271,8.800,14000.391,23651.641
720.292,6.900,14000.391,23651.641
721.312,7.800,14000.391,23651.641
722.333,8.800,14000.391,23651.641
723.353,7.800,14000.391,23651.641
724.375,8.800,14000.391,23651.641
725.396,8.800,14000.391,23651.641
726.417,64.600,14000.391,23651.641
727.438,100.900,14000.391,23651.641
728.459,99.900,14000.391,23651.641
729.479,99.900,14000.391,23651.641
730.500,100.900,14000.391,23651.641
731.521,99.900,14000.391,23651.641
732.541,100.000,14000.391,23651.641
733.562,100.000,14000.391,23651.641
734.582,100.000,14000.391,23651.641
735.603,99.900,14000.391,23651.641
736.623,100.000,14000.391,23651.641
737.644,100.000,14000.391,23651.641
738.664,100.900,14000.391,23651.641
739.685,100.000,14000.391,23651.641
740.705,100.000,14000.391,23651.641
741.725,99.900,14000.391,23651.641
742.746,99.900,14000.391,23651.641
743.766,100.000,14000.391,23651.641
744.787,100.000,14000.391,23651.641
745.807,100.900,14000.391,23651.641
746.828,99.000,14000.391,23651.641
747.849,100.900,14000.391,23651.641
748.869,99.900,14000.391,23651.641
749.890,100.000,14000.391,23651.641
750.910,100.000,14000.391,23651.641
751.931,100.000,14000.391,23651.641
752.951,100.000,14000.391,23651.641
753.972,100.900,14000.391,23651.641
754.992,100.000,14000.391,23651.641
756.013,99.900,14000.391,23651.641
757.034,100.000,14000.391,23651.641
758.054,100.000,14000.391,23651.641
759.074,100.000,14000.391,23651.641
760.095,99.900,14000.391,23651.641
761.116,100.000,14000.391,23651.641
762.136,99.900,14000.391,23651.641
763.156,100.900,14000.391,23651.641
764.177,99.900,14000.391,23651.641
765.198,100.000,14000.391,23651.641
766.218,99.900,14000.391,23651.641
767.239,100.000,14000.391,23651.641
768.259,100.900,14000.391,23651.641
769.280,100.000,14000.391,23651.641
770.300,99.900,14000.391,23651.641
771.321,99.900,14000.391,23651.641
772.342,99.900,14000.391,23651.641
773.363,99.900,14000.391,23651.641
774.383,100.900,14000.391,23651.641
775.404,99.900,14000.391,23651.641
776.424,99.900,14000.391,23651.641
777.445,99.900,14000.391,23651.641
778.465,99.000,14000.391,23651.641
779.486,100.900,14000.391,23651.641
780.506,100.000,14000.391,23651.641
781.527,100.000,14000.391,23651.641
782.547,100.000,14000.391,23651.641
783.568,100.900,14000.391,23651.641
784.588,100.000,14000.391,23651.641
785.609,99.900,14000.391,23651.641
786.628,100.100,14000.391,23651.641
787.648,99.900,14000.391,23651.641
788.669,99.900,14000.391,23651.641
789.690,99.900,14000.391,23651.641
790.710,99.900,14000.391,23651.641
791.731,100.900,14000.398,23651.641
792.751,75.500,14000.398,23651.641
793.772,35.300,14000.398,23651.641
794.793,35.300,14000.398,23651.641
795.814,19.600,14000.398,23651.641
796.834,27.400,14000.398,23651.641
797.855,14.700,14000.398,23651.641
798.877,7.800,14000.398,23651.641
799.897,7.800,14000.398,23651.641
800.918,7.800,14000.398,23651.641
801.939,7.800,14000.398,23651.641
802.959,8.800,14000.398,23651.641
803.980,7.800,14000.398,23651.641
805.000,13.700,14000.398,23651.641
806.021,7.800,14000.398,23651.641
807.041,8.800,14000.398,23651.641
808.062,7.800,14000.398,23651.641
809.082,8.800,14000.398,23651.641
810.103,7.800,14000.398,23651.641
811.123,7.800,14000.398,23651.641
812.144,10.800,14000.398,23651.641
813.164,5.900,14000.398,23651.641
814.185,16.700,14000.398,23651.641
815.205,100.000,14000.398,23651.641
816.226,99.900,14000.398,23651.641
817.246,100.000,14000.398,23651.641
818.267,100.000,14000.398,23651.641
819.287,100.000,14000.398,23651.641
820.308,100.000,14000.398,23651.641
821.328,99.900,14000.398,23651.641
822.349,100.000,14000.398,23651.641
823.369,100.900,14000.398,23651.641
824.390,100.000,14000.398,23651.641
825.410,99.900,14000.398,23651.641
826.431,100.000,14000.398,23651.641
827.451,99.900,14000.398,23651.641
828.472,100.900,14000.398,23651.641
829.492,99.900,14000.398,23651.641
830.513,99.900,14000.398,23651.641
831.533,99.900,14000.398,23651.641
832.554,99.900,14000.398,23651.641
833.574,100.000,14000.398,23651.641
834.595,99.900,14000.398,23651.641
835.615,101.000,14000.398,23651.641
836.634,100.100,14000.398,23651.641
837.655,100.000,14000.398,23651.641
838.675,100.000,14000.398,23651.641
839.695,100.000,14000.398,23651.641
840.716,99.900,14000.398,23651.641
841.737,99.900,14000.398,23651.641
842.758,99.900,14000.398,23651.641
843.778,100.900,14000.398,23651.641
844.799,100.000,14000.398,23651.641
845.819,99.900,14000.398,23651.641
846.840,99.900,14000.398,23651.641
847.860,100.000,14000.398,23651.641
848.881,100.000,14000.398,23651.641
849.901,99.900,14000.398,23651.641
850.922,99.900,14000.398,23651.641
851.942,99.900,14000.398,23651.641
852.963,99.900,14000.398,23651.641
853.984,100.900,14000.398,23651.641
855.004,99.900,14000.398,23651.641
856.025,99.900,14000.398,23651.641
857.046,100.900,14000.398,23651.641
858.066,99.900,14000.398,23651.641
859.087,100.000,14000.398,23651.641
860.107,100.000,14000.398,23651.641
861.127,100.000,14000.398,23651.641
862.148,100.000,14000.398,23651.641
863.168,100.000,14000.398,23651.641
864.189,99.900,14000.398,23651.641
865.210,99.900,14000.398,23651.641
866.230,99.900,14000.398,23651.641
867.251,99.900,14000.398,23651.641
868.271,99.900,14000.398,23651.641
869.292,100.000,14000.398,23651.641
870.312,100.900,14000.398,23651.641
871.333,100.000,14000.398,23651.641
872.353,100.000,14000.398,23651.641
873.374,100.900,14000.398,23651.641
874.394,99.000,14000.398,23651.641
875.415,100.900,14000.398,23651.641
876.435,100.000,14000.398,23651.641
877.456,99.900,14000.398,23651.641
878.476,99.900,14000.398,23651.641
879.497,100.000,14000.398,23651.641
880.517,99.900,14000.398,23651.641
881.538,100.000,14000.398,23651.641
882.558,99.900,14000.398,23651.641
883.579,50.000,14000.398,23651.641
884.599,36.300,14000.398,23651.641
885.619,37.300,14000.398,23651.641
886.633,13.800,14000.398,23651.641
887.654,10.800,14000.398,23651.641
888.675,8.800,14000.398,23651.641
889.695,7.800,14000.398,23651.641
890.716,7.800,14000.398,23651.641
891.736,7.800,14000.398,23651.641
892.756,8.800,14000.398,23651.641
893.777,7.800,14000.398,23651.641
894.798,7.800,14000.398,23651.641
895.818,7.800,14000.398,23651.641
896.839,9.800,14000.398,23651.641
897.859,8.800,14000.398,23651.641
898.880,8.800,14000.398,23651.641
899.900,55.900,14000.398,23651.641
900.921,100.900,14000.398,23651.641
901.941,99.900,14000.398,23651.641
902.962,98.900,14000.398,23651.641
903.983,100.900,14000.398,23651.641
905.003,99.000,14000.398,23651.641
906.024,100.900,14000.398,23651.641
907.044,100.000,14000.398,23651.641
908.065,100.000,14000.398,23651.641
909.085,100.900,14000.398,23651.641
910.106,100.000,14000.398,23651.641
911.126,100.000,14000.398,23651.641
912.147,99.900,14000.398,23651.641
913.167,100.000,14000.398,23651.641
914.188,100.000,14000.398,23651.641
915.208,100.000,14000.398,23651.641
916.229,99.900,14000.398,23651.641
917.249,99.900,14000.398,23651.641
918.270,100.000,14000.398,23651.641
919.290,99.900,14000.398,23651.641
920.311,99.900,14000.398,23651.641
921.331,100.000,14000.398,23651.641
922.352,100.900,14000.398,23651.641
923.372,100.000,14000.398,23651.641
924.393,101.000,14000.398,23651.641
925.413,100.000,14000.398,23651.641
926.433,100.000,14000.398,23651.641
927.453,100.000,14000.398,23651.641
928.474,100.000,14000.398,23651.641
929.495,99.900,14000.398,23651.641
930.515,99.900,14000.398,23651.641
931.536,100.000,14000.398,23651.641
932.556,100.000,14000.398,23651.641
933.576,100.900,14000.398,23651.641
934.597,99.900,14000.398,23651.641
935.617,100.000,14000.398,23651.641
936.637,100.100,14000.398,23651.641
937.657,100.000,14000.398,23651.641
938.678,100.000,14000.398,23651.641
939.698,100.000,14000.398,23651.641
940.719,99.900,14000.398,23651.641
941.739,100.900,14000.398,23651.641
942.760,99.900,14000.398,23651.641
943.780,100.000,14000.398,23651.641
944.801,99.900,14000.398,23651.641
945.821,99.900,14000.398,23651.641
946.842,100.000,14000.398,23651.641
947.862,100.000,14000.398,23651.641
948.883,100.000,14000.398,23651.641
949.903,100.000,14000.398,23651.641
950.924,100.000,14000.398,23651.641
951.944,100.000,14000.398,23651.641
952.965,100.900,14000.398,23651.641
953.985,99.900,14000.398,23651.641
955.006,100.000,14000.398,23651.641
956.026,99.900,14000.398,23651.641
957.047,100.000,14000.398,23651.641
958.067,99.900,14000.398,23651.641
959.088,100.000,14000.398,23651.641
960.108,100.000,14000.398,23651.641
961.129,100.000,14000.398,23651.641
962.149,100.900,14000.398,23651.641
963.170,99.900,14000.398,23651.641
964.191,100.000,14000.398,23651.641
965.211,99.900,14063.691,23737.598
966.232,99.900,14122.754,23737.598
967.252,41.200,14137.562,23737.598
968.273,29.400,14137.562,23737.598
969.294,39.200,14137.645,23737.598
970.315,20.600,14137.645,23737.598
971.336,35.300,14137.727,23737.598
972.356,25.500,14137.727,23737.598
973.377,31.400,14137.809,23737.598
974.398,30.400,14137.809,23737.598
975.418,18.600,14137.809,23737.598
976.439,7.800,14137.809,23737.598
977.459,8.800,14137.809,23737.598
978.480,8.800,14137.809,23737.598
979.500,7.800,14137.809,23737.598
980.521,8.800,14137.809,23737.598
981.541,8.800,14137.809,23737.598
982.562,7.800,14137.809,23737.598
983.582,8.800,14137.809,23737.598
984.603,7.800,14137.809,23737.598
985.622,7.800,14137.809,23737.598
986.642,8.800,14137.809,23737.598
987.663,7.800,14137.809,23737.598
988.683,8.800,14137.809,23737.598
989.703,8.800,14137.809,23737.598
990.724,7.800,14137.809,23737.598
991.744,12.700,14137.809,23737.598
992.765,7.800,14137.809,23737.598
993.786,7.800,14137.809,23737.598
994.806,10.800,14137.809,23737.598
995.827,5.900,14137.809,23737.598
996.847,6.900,14137.809,23737.598
997.868,38.200,14137.809,23737.598
998.889,99.900,14137.809,23737.598
999.909,101.000,14137.809,23737.598
1000.930,99.900,14137.809,23737.598
1001.950,99.900,14137.809,23737.598
1002.971,100.000,14137.809,23737.598
1003.991,99.900,14137.809,23737.598
1005.012,100.000,14137.809,23737.598
1006.032,99.900,14137.809,23737.598
1007.053,100.900,14137.809,23737.598
1008.073,99.000,14137.809,23737.598
1009.094,100.900,14137.809,23737.598
1010.114,100.000,14137.809,23737.598
1011.135,99.900,14137.809,23737.598
1012.156,99.900,14137.809,23737.598
1013.176,99.900,14137.809,23737.598
1014.197,100.900,14137.809,23737.598
1015.217,99.900,14137.809,23737.598
1016.238,99.900,14137.809,23737.598
1017.258,100.000,14137.809,23737.598
1018.279,99.900,14137.809,23737.598
1019.299,100.000,14137.809,23737.598
1020.320,99.900,14137.809,23737.598
1021.340,100.900,14137.809,23737.598
1022.361,100.000,14137.809,23737.598
1023.382,99.900,14137.809,23737.598
1024.403,99.000,14137.809,23737.598
1025.423,100.900,14137.809,23737.598
1026.444,99.900,14137.809,23737.598
1027.464,99.900,14137.809,23737.598
1028.485,99.900,14137.809,23737.598
1029.505,100.000,14137.809,23737.598
1030.526,100.900,14137.809,23737.598
1031.547,99.900,14137.809,23737.598
1032.567,99.900,14137.809,23737.598
1033.588,100.000,14137.809,23737.598
1034.608,99.900,14137.809,23737.598
1035.628,100.100,14137.809,23737.598
1036.648,99.900,14137.809,23737.598
1037.669,99.900,14137.809,23737.598
1038.690,100.900,14137.809,23737.598
1039.710,99.900,14137.809,23737.598
1040.731,99.900,14137.809,23737.598
1041.751,99.900,14137.809,23737.598
1042.772,99.900,14137.809,23737.598
1043.792,99.900,14137.809,23737.598
1044.813,99.900,14137.809,23737.598
1045.833,100.000,14137.809,23737.598
1046.854,100.900,14137.809,23737.598
1047.874,100.000,14137.809,23737.598
1048.895,100.000,14137.809,23737.598
1049.915,100.000,14137.809,23737.598
1050.935,100.000,14137.809,23737.598
1051.956,100.000,14137.809,23737.598
1052.976,100.000,14137.809,23737.598
1053.996,100.900,14137.809,23737.598
1055.017,99.000,14137.809,23737.598
1056.037,100.900,14137.809,23737.598
1057.058,99.900,14137.809,23737.598
1058.078,100.000,14137.809,23737.598
1059.099,100.000,14137.809,23737.598
1060.119,100.000,14137.809,23737.598
1061.140,100.000,14137.809,23737.598
1062.160,100.000,14137.809,23737.598
1063.180,100.000,14137.809,23737.598
1064.201,79.400,14137.809,23737.598
1065.222,44.100,14137.809,23737.598
1066.242,27.400,14137.809,23737.598
1067.263,9.800,14137.809,23737.598
1068.283,6.900,14137.809,23737.598
1069.304,7.800,14137.809,23737.598
1070.324,8.800,14137.809,23737.598
1071.344,6.900,14137.809,23737.598
1072.364,8.800,14137.809,23737.598
1073.385,7.800,14137.809,23737.598
1074.405,7.800,14137.809,23737.598
1075.426,8.800,14137.809,23737.598
1076.446,6.900,14137.809,23737.598
1077.466,10.800,14137.809,23737.598
1078.487,88.200,14137.809,23737.598
1079.507,100.000,14137.809,23737.598
1080.527,100.900,14137.809,23737.598
1081.548,100.000,14137.809,23737.598
1082.568,100.000,14137.809,23737.598
1083.589,99.900,14137.809,23737.598
1084.609,100.000,14137.809,23737.598
1085.629,100.000,14137.809,23737.598
1086.650,100.000,14137.809,23737.598
1087.670,100.000,14137.809,23737.598
1088.690,100.900,14137.809,23737.598
1089.711,100.000,14137.809,23737.598
1090.731,100.000,14137.809,23737.598
1091.752,100.000,14137.809,23737.598
1092.772,100.000,14137.809,23737.598
1093.793,100.000,14137.809,23737.598
1094.813,100.000,14137.809,23737.598
1095.833,100.000,14137.809,23737.598
1096.854,100.900,14137.809,23737.598
1097.874,100.000,14137.809,23737.598
1098.895,100.000,14137.809,23737.598
1099.915,99.000,14137.809,23737.598
1100.935,100.900,14137.809,23737.598
1101.956,100.000,14137.809,23737.598
1102.976,100.000,14137.809,23737.598
1103.996,100.000,14137.809,23737.598
1105.017,100.000,14137.809,23737.598
1106.037,100.000,14137.809,23737.598
1107.058,100.000,14137.809,23737.598
1108.078,100.900,14137.809,23737.598
1109.099,100.000,14137.809,23737.598
1110.119,100.000,14137.809,23737.598
1111.139,100.000,14137.809,23737.598
1112.159,101.000,14137.809,23737.598
1113.180,100.000,14137.809,23737.598
1114.200,100.000,14137.809,23737.598
1115.221,100.000,14137.809,23737.598
1116.241,100.000,14137.809,23737.598
1117.261,100.000,14137.809,23737.598
1118.282,100.000,14137.809,23737.598
1119.302,100.000,14137.809,23737.598
1120.322,100.000,14137.809,23737.598
1121.343,100.000,14137.809,23737.598
1122.363,100.000,14137.809,23737.598
1123.383,100.000,14137.809,23737.598
1124.404,100.000,14137.809,23737.598
1125.424,100.000,14137.809,23737.598
1126.445,100.900,14137.809,23737.598
1127.465,100.900,14137.809,23737.598
1128.485,100.000,14137.809,23737.598
1129.506,100.000,14137.809,23737.598
1130.526,100.000,14137.809,23737.598
1131.546,100.000,14137.809,23737.598
1132.567,100.000,14137.809,23737.598
1133.587,100.000,14137.809,23737.598
1134.608,100.000,14137.809,23737.598
1135.627,100.100,14137.809,23737.598
1136.647,100.000,14137.809,23737.598
1137.668,100.000,14137.809,23737.598
1138.688,100.900,14137.809,23737.598
1139.709,100.000,14137.809,23737.598
1140.729,100.000,14137.809,23737.598
1141.750,99.000,14137.809,23737.598
1142.770,100.000,14137.809,23737.598
1143.791,100.900,14137.809,23737.598
1144.811,100.000,14137.809,23737.598
1145.832,100.900,14137.809,23737.598
1146.852,95.100,14137.809,23737.598
1147.873,47.000,14137.809,23737.598
1148.894,31.300,14137.809,23737.598
1149.914,6.900,14137.809,23737.598
1150.934,8.800,14137.809,23737.598
1151.954,7.800,14137.809,23737.598
1152.975,7.800,14137.809,23737.598
1153.995,7.800,14137.809,23737.598
1155.015,7.800,14137.809,23737.598
1156.036,7.800,14137.809,23737.598
1157.056,7.800,14137.809,23737.598
1158.076,7.800,14137.809,23737.598
1159.097,7.800,14137.809,23737.598
1160.117,7.800,14137.809,23737.598
1161.137,9.800,14137.809,23737.598
1162.157,9.800,14137.809,23737.598
1163.178,100.000,14137.809,23737.598
1164.198,100.000,14137.809,23737.598
1165.218,100.000,14137.809,23737.598
1166.239,100.000,14137.809,23737.598
1167.259,100.900,14137.809,23737.598
1168.279,100.000,14137.809,23737.598
1169.300,100.000,14137.809,23737.598
1170.320,100.000,14137.809,23737.598
1171.341,100.000,14137.809,23737.598
1172.361,100.000,14137.809,23737.598
1173.381,100.000,14137.809,23737.598
1174.401,100.900,14137.809,23737.598
1175.422,100.000,14137.809,23737.598
1176.442,100.000,14137.809,23737.598
1177.462,100.000,14137.809,23737.598
1178.483,100.000,14137.809,23737.598
1179.503,100.000,14137.809,23737.598
1180.524,100.000,14137.809,23737.598
1181.544,100.000,14137.809,23737.598
1182.565,99.900,14137.809,23737.598
1183.585,100.000,14137.809,23737.598
1184.605,100.000,14137.809,23737.598
1185.625,100.100,14137.809,23737.598
1186.645,100.900,14137.809,23737.598
1187.666,100.000,14137.809,23737.598
1188.686,100.000,14137.809,23737.598
1189.706,99.900,14137.809,23737.598
1190.727,100.000,14137.809,23737.598
1191.747,100.000,14137.809,23737.598
1192.768,100.900,14137.809,23737.598
1193.788,100.000,14137.809,23737.598
1194.808,100.000,14137.809,23737.598
1195.829,100.000,14137.809,23737.598
1196.849,100.000,14137.809,23737.598
1197.869,100.000,14137.809,23737.598
1198.890,100.000,14137.809,23737.598
1199.910,100.000,14137.809,23737.598
1200.930,100.000,14137.809,23737.598
1201.950,100.000,14137.809,23737.598
1202.971,100.000,14137.809,23737.598
1203.992,99.900,14137.809,23737.598
1205.012,99.900,14137.809,23737.598
1206.032,100.000,14137.809,23737.598
1207.053,100.900,14137.809,23737.598
1208.073,100.000,14137.809,23737.598
1209.094,100.000,14137.809,23737.598
1210.114,100.000,14137.809,23737.598
1211.134,100.000,14137.809,23737.598
1212.155,100.000,14137.809,23737.598
1213.175,100.000,14137.809,23737.598
1214.196,100.900,14137.809,23737.598
1215.216,100.000,14137.809,23737.598
1216.236,100.000,14137.809,23737.598
1217.257,99.900,14137.809,23737.598
1218.277,100.000,14137.809,23737.598
1219.298,100.900,14137.809,23737.598
1220.318,100.000,14137.809,23737.598
1221.339,100.000,14137.809,23737.598
1222.359,100.000,14137.809,23737.598
1223.379,100.000,14137.809,23737.598
1224.400,100.000,14137.809,23737.598
1225.420,100.900,14137.809,23737.598
1226.440,100.000,14137.809,23737.598
1227.461,99.900,14137.809,23737.598
1228.481,100.000,14137.809,23737.598
1229.502,100.000,14137.809,23737.598
1230.522,100.000,14137.809,23737.598
1231.543,100.000,14137.809,23737.598
1232.563,99.900,14147.891,23737.598
1233.583,71.500,14159.219,23737.598
1234.603,39.200,14159.316,23737.598
1235.623,36.300,14159.398,23737.598
1236.643,34.300,14159.398,23737.598
1237.665,35.200,14159.480,23737.598
1238.686,19.600,14159.480,23737.598
1239.706,6.900,14159.480,23737.598
1240.727,7.800,14159.480,23737.598
1241.747,9.800,14159.480,23737.598
1242.768,7.800,14159.480,23737.598
1243.788,8.800,14159.480,23737.598
1244.809,8.800,14159.480,23737.598
1245.829,8.800,14159.480,23737.598
1246.849,7.800,14159.480,23737.598
1247.870,7.800,14159.480,23737.598
1248.890,7.800,14159.480,23737.598
1249.911,10.800,14159.480,23737.598
1250.931,8.800,14159.480,23737.598
1251.951,7.800,14159.480,23737.598
1252.971,6.900,14159.480,23737.598
1253.992,7.800,14159.480,23737.598
1255.012,7.800,14159.480,23737.598
1256.033,8.800,14159.480,23737.598
1257.053,9.800,14159.480,23737.598
1258.073,87.200,14159.480,23737.598
1259.094,100.000,14159.480,23737.598
1260.114,100.000,14159.480,23737.598
1261.135,100.000,14159.480,23737.598
1262.155,100.000,14159.480,23737.598
1263.175,99.900,14159.480,23737.598
1264.196,99.900,14159.480,23737.598
1265.217,100.900,14159.480,23737.598
1266.237,100.000,14159.480,23737.598
1267.258,99.000,14159.480,23737.598
1268.278,100.900,14159.480,23737.598
1269.298,100.000,14159.480,23737.598
1270.319,100.000,14159.480,23737.598
1271.339,100.000,14159.480,23737.598
1272.360,100.900,14159.480,23737.598
1273.380,100.000,14159.480,23737.598
1274.400,100.000,14159.480,23737.598
1275.421,100.000,14159.480,23737.598
1276.441,100.000,14159.480,23737.598
1277.461,100.000,14159.480,23737.598
1278.482,100.000,14159.480,23737.598
1279.502,100.000,14159.480,23737.598
1280.522,100.000,14159.480,23737.598
1281.543,100.000,14159.480,23737.598
1282.563,100.000,14159.480,23737.598
1283.584,100.000,14159.480,23737.598
1284.612,100.100,14159.480,23737.598
1285.640,101.200,14159.480,23737.598
1286.669,99.200,14159.480,23737.598
1287.697,101.100,14159.480,23737.598
1288.718,100.000,14159.480,23737.598
1289.738,100.000,14159.480,23737.598
1290.759,99.900,14159.480,23737.598
1291.779,100.000,14159.480,23737.598
1292.799,100.000,14159.480,23737.598
1293.820,100.000,14159.480,23737.598
1294.840,100.000,14159.480,23737.598
1295.861,100.000,14159.480,23737.598
1296.881,100.000,14159.480,23737.598
1297.902,100.900,14159.480,23737.598
1298.922,100.000,14159.480,23737.598
1299.942,100.000,14159.480,23737.598
1300.963,100.000,14159.480,23737.598
1301.983,100.900,14159.480,23737.598
1303.004,100.000,14159.480,23737.598
1304.024,99.000,14159.480,23737.598
1305.044,100.900,14159.480,23737.598
1306.065,100.000,14159.480,23737.598
1307.085,100.000,14159.480,23737.598
1308.106,100.000,14159.480,23737.598
1309.126,100.000,14159.480,23737.598
1310.146,100.000,14159.480,23737.598
1311.167,100.900,14159.480,23737.598
1312.187,100.000,14159.480,23737.598
1313.207,100.000,14159.480,23737.598
1314.228,100.000,14159.480,23737.598
1315.248,100.000,14159.480,23737.598
1316.268,100.000,14159.480,23737.598
1317.289,100.000,14159.480,23737.598
1318.309,100.000,14159.480,23737.598
1319.330,100.000,14159.480,23737.598
1320.350,100.000,14159.480,23737.598
1321.370,100.900,14159.480,23737.598
1322.391,99.000,14159.480,23737.598
1323.411,100.900,14160.777,23737.598
1324.431,92.200,14188.031,23737.598
1325.452,17.600,14188.031,23737.598
1326.472,41.200,14188.031,23737.598
1327.494,39.200,14188.031,23737.598
1328.508,30.500,14188.031,23737.598
1329.529,39.200,14188.031,23737.598
1330.549,25.500,14188.031,23737.598
1331.570,7.800,14188.031,23737.598
1332.590,8.800,14188.031,23737.598
1333.609,8.800,14188.031,23737.598
1334.630,7.800,14188.031,23737.598
1335.650,8.800,14188.031,23737.598
1336.671,7.800,14188.031,23737.598
1337.691,7.800,14188.031,23737.598
1338.711,8.800,14188.031,23737.598
1339.732,8.800,14188.031,23737.598
1340.752,7.800,14188.031,23737.598
1341.773,7.800,14188.031,23737.598
1342.793,7.800,14188.031,23737.598
1343.813,7.800,14188.031,23737.598
1344.834,7.800,14188.031,23737.598
1345.854,7.800,14188.031,23737.598
1346.874,13.700,14188.031,23737.598
1347.895,7.800,14188.031,23737.598
1348.915,7.800,14188.031,23737.598
1349.935,10.800,14188.031,23737.598
1350.956,6.900,14188.031,23737.598
1351.976,32.300,14188.031,23737.598
1352.997,100.000,14188.031,23737.598
1354.017,100.000,14188.031,23737.598
1355.037,101.000,14188.031,23737.598
1356.058,100.000,14188.031,23737.598
1357.078,100.000,14188.031,23737.598
1358.098,100.000,14188.031,23737.598
1359.119,100.000,14188.031,23737.598
1360.139,100.000,14188.031,23737.598
1361.160,100.900,14188.031,23737.598
1362.180,99.000,14188.031,23737.598
1363.200,100.900,14188.031,23737.598
1364.221,100.000,14188.031,23737.598
1365.241,100.000,14188.031,23737.598
1366.261,99.000,14188.031,23737.598
1367.282,100.900,14188.031,23737.598
1368.302,100.000,14188.031,23737.598
1369.323,100.000,14188.031,23737.598
1370.343,100.000,14188.031,23737.598
1371.363,100.000,14188.031,23737.598
1372.383,100.000,14188.031,23737.598
1373.404,100.000,14188.031,23737.598
1374.424,100.000,14188.031,23737.598
1375.445,100.000,14188.031,23737.598
1376.465,100.900,14188.031,23737.598
1377.485,100.000,14188.031,23737.598
1378.506,100.000,14188.031,23737.598
1379.526,101.000,14188.031,23737.598
1380.546,99.000,14188.031,23737.598
1381.567,100.000,14188.031,23737.598
1382.587,100.000,14188.031,23737.598
1383.606,100.000,14188.031,23737.598
1384.626,101.000,14188.031,23737.598
1385.647,99.900,14188.031,23737.598
1386.667,100.000,14188.031,23737.598
1387.688,99.900,14188.031,23737.598
1388.708,100.000,14188.031,23737.598
1389.729,100.900,14188.031,23737.598
1390.749,100.000,14188.031,23737.598
1391.770,100.000,14188.031,23737.598
1392.790,100.000,14188.031,23737.598
1393.810,100.000,14188.031,23737.598
1394.831,100.000,14188.031,23737.598
1395.851,100.000,14188.031,23737.598
1396.872,100.900,14188.031,23737.598
1397.892,100.000,14188.031,23737.598
1398.912,100.000,14188.031,23737.598
1399.933,100.000,14188.031,23737.598
1400.953,99.000,14188.031,23737.598
1401.973,100.900,14188.031,23737.598
1402.994,100.000,14188.031,23737.598
1404.014,99.900,14188.031,23737.598
1405.035,100.000,14188.031,23737.598
1406.055,100.000,14188.031,23737.598
1407.075,100.000,14188.031,23737.598
1408.095,100.000,14188.031,23737.598
1409.116,100.000,14188.031,23737.598
1410.136,100.000,14188.031,23737.598
1411.157,100.900,14188.031,23737.598
1412.177,100.000,14188.031,23737.598
1413.197,100.000,14188.031,23737.598
1414.218,100.000,14188.031,23737.598
1415.238,100.000,14188.031,23737.598
1416.258,100.000,14188.031,23737.598
1417.279,100.000,14188.031,23737.598
1418.299,100.000,14188.031,23737.598
1419.319,100.900,14188.031,23737.598
1420.340,100.000,14190.469,23737.598
1421.360,39.200,14194.461,23737.598
1422.381,36.200,14194.906,23737.598
1423.401,37.200,14195.500,23737.598
1424.422,36.300,14195.965,23737.598
1425.443,20.600,14196.473,23737.598
1426.463,11.800,14196.578,23737.598
1427.484,8.800,14196.578,23737.598
1428.504,7.800,14196.578,23737.598
1429.524,7.800,14196.578,23737.598
1430.544,8.800,14196.578,23737.598
1431.565,7.800,14196.578,23737.598
1432.585,8.800,14196.578,23737.598
1433.605,6.900,14196.578,23737.598
1434.624,8.800,14196.578,23737.598
1435.645,7.800,14196.578,23737.598
1436.665,7.800,14196.578,23737.598
1437.686,9.800,14196.578,23737.598
1438.706,6.900,14196.578,23737.598
1439.726,7.800,14196.578,23737.598
1440.747,9.800,14196.578,23737.598
1441.767,8.800,14196.578,23737.598
1442.788,35.300,14196.578,23737.598
1443.808,100.000,14196.590,23737.598
1444.829,99.900,14196.590,23737.598
1445.850,100.000,14196.590,23737.598
1446.870,100.000,14196.590,23737.598
1447.890,100.900,14196.590,23737.598
1448.911,100.000,14196.590,23737.598
1449.931,99.000,14196.590,23737.598
1450.952,100.900,14196.590,23737.598
1451.972,100.000,14196.590,23737.598
1452.992,100.000,14196.590,23737.598
1454.013,100.000,14196.590,23737.598
1455.033,100.900,14196.590,23737.598
1456.054,100.000,14196.590,23737.598
1457.074,100.000,14196.590,23737.598
1458.094,100.000,14196.590,23737.598
1459.115,100.000,14196.590,23737.598
1460.135,100.000,14196.590,23737.598
1461.155,100.000,14196.590,23737.598
1462.176,100.000,14196.590,23737.598
1463.196,100.900,14196.590,23737.598
1464.216,100.000,14196.590,23737.598
1465.237,100.000,14196.590,23737.598
1466.257,100.000,14196.590,23737.598
1467.277,99.900,14196.590,23737.598
1468.298,100.000,14196.590,23737.598
1469.318,100.000,14196.590,23737.598
1470.339,100.000,14196.590,23737.598
1471.359,100.900,14196.590,23737.598
1472.379,100.000,14196.590,23737.598
1473.399,100.000,14196.590,23737.598
1474.420,99.000,14196.590,23737.598
1475.440,100.900,14196.590,23737.598
1476.460,100.000,14196.590,23737.598
1477.481,100.000,14196.590,23737.598
1478.501,100.000,14196.590,23737.598
1479.521,100.000,14196.590,23737.598
1480.541,100.900,14196.590,23737.598
1481.562,100.000,14196.590,23737.598
1482.582,100.000,14196.590,23737.598
1483.602,100.000,14196.590,23737.598
1484.621,100.100,14196.590,23737.598
1485.642,100.000,14196.590,23737.598
1486.662,100.000,14196.590,23737.598
1487.683,100.000,14196.590,23737.598
1488.703,100.000,14196.590,23737.598
1489.723,100.000,14196.590,23737.598
1490.744,100.000,14196.590,23737.598
1491.764,100.000,14196.590,23737.598
1492.784,100.900,14196.590,23737.598
1493.805,100.000,14196.590,23737.598
1494.825,100.000,14196.590,23737.598
1495.846,100.000,14196.590,23737.598
1496.866,100.000,14196.590,23737.598
1497.887,100.000,14196.590,23737.598
1498.907,100.000,14196.590,23737.598
1499.927,100.000,14196.590,23737.598
1500.948,100.000,14196.590,23737.598
1501.968,100.900,14196.590,23737.598
1502.988,100.000,14196.590,23737.598
1504.008,100.000,14196.590,23737.598
1505.029,99.900,14196.590,23737.598
1506.050,100.000,14196.590,23737.598
1507.070,100.000,14196.590,23737.598
1508.091,100.000,14196.590,23737.598
1509.111,101.000,14205.430,23737.598
1510.131,90.200,14236.289,23737.598
1511.151,29.400,14236.289,23737.598
1512.171,39.200,14236.379,23737.598
1513.191,17.600,14236.379,23737.598
1514.214,38.200,14236.441,23737.598
1515.233,19.600,14236.441,23737.598
1516.254,38.200,14236.570,23737.598
1517.274,18.600,14236.570,23737.598
1518.295,19.600,14236.590,23737.598
1519.316,7.800,14236.590,23737.598
1520.337,8.800,14236.590,23737.598
1521.358,7.800,14236.590,23737.598
1522.379,8.800,14236.590,23737.598
1523.400,8.800,14236.590,23737.598
1524.421,7.800,14236.590,23737.598
1525.442,8.800,14236.590,23737.598
1526.463,12.700,14236.590,23737.598
1527.484,8.800,14236.590,23737.598
1528.505,7.800,14236.590,23737.598
1529.525,7.800,14236.590,23737.598
1530.547,7.800,14236.590,23737.598
1531.568,7.800,14236.590,23737.598
1532.588,7.800,14236.590,23737.598
1533.609,7.800,14236.590,23737.598
1534.630,7.800,14236.590,23737.598
1535.650,8.800,14236.590,23737.598
1536.671,6.900,14236.590,23737.598
1537.691,9.800,14236.590,23737.598
1538.713,7.800,14236.590,23737.598
1539.734,5.900,14236.590,23737.598
1540.755,71.500,14236.590,23737.598
1541.776,99.900,14236.590,23737.598
1542.797,100.900,14236.590,23737.598
1543.817,99.900,14236.590,23737.598
1544.839,99.900,14236.590,23737.598
1545.860,99.900,14236.590,23737.598
1546.881,100.900,14236.590,23737.598
1547.901,98.900,14236.590,23737.598
1548.922,100.900,14236.590,23737.598
1549.943,99.900,14236.590,23737.598
1550.964,99.900,14236.590,23737.598
1551.985,99.900,14236.590,23737.598
1553.006,99.900,14236.590,23737.598
1554.027,99.900,14236.590,23737.598
1555.048,100.900,14236.590,23737.598
1556.069,99.900,14236.590,23737.598
1557.090,99.900,14236.590,23737.598
1558.111,100.900,14236.590,23737.598
1559.132,98.900,14236.590,23737.598
1560.152,99.900,14236.590,23737.598
1561.173,100.900,14236.590,23737.598
1562.194,99.900,14236.590,23737.598
1563.215,99.900,14236.590,23737.598
1564.236,99.900,14236.590,23737.598
1565.258,99.800,14236.590,23737.598
1566.279,100.900,14236.590,23737.598
1567.300,99.900,14236.590,23737.598
1568.321,100.900,14236.590,23737.598
1569.342,99.900,14236.590,23737.598
1570.363,99.900,14236.590,23737.598
1571.384,98.900,14236.590,23737.598
1572.404,100.900,14236.590,23737.598
1573.425,99.900,14236.590,23737.598
1574.446,99.900,14236.590,23737.598
1575.467,99.900,14236.590,23737.598
1576.489,100.800,14236.590,23737.598
1577.510,99.900,14236.590,23737.598
1578.531,99.900,14236.590,23737.598
1579.552,100.900,14236.590,23737.598
1580.573,99.900,14236.590,23737.598
1581.594,99.900,14236.590,23737.598
1582.615,99.900,14236.590,23737.598
1583.635,100.000,14236.590,23737.598
1584.655,100.100,14236.590,23737.598
1585.676,99.900,14236.590,23737.598
1586.696,99.900,14236.590,23737.598
1587.717,99.900,14236.590,23737.598
1588.738,100.900,14236.590,23737.598
1589.759,99.900,14236.590,23737.598
1590.780,99.900,14236.590,23737.598
1591.801,99.900,14236.590,23737.598
1592.822,99.900,14236.590,23737.598
1593.843,99.900,14236.590,23737.598
1594.864,100.900,14236.590,23737.598
1595.885,99.900,14236.590,23737.598
1596.906,99.900,14236.590,23737.598
1597.926,99.900,14236.590,23737.598
1598.947,99.900,14236.590,23737.598
1599.968,99.900,14236.590,23737.598
1600.989,99.900,14236.590,23737.598
1602.010,100.900,14236.590,23737.598
1603.031,99.900,14236.590,23737.598
1604.052,99.900,14236.590,23737.598
1605.073,99.900,14236.590,23737.598
1606.094,100.900,14364.070,23886.402
1607.115,99.900,14457.340,23886.402
1608.136,91.100,14495.547,23886.402
1609.157,31.300,14495.547,23886.402
1610.178,24.500,14495.547,23886.402
1611.200,39.200,14495.562,23886.402
1612.221,30.300,14495.562,23886.402
1613.242,24.500,14495.562,23886.402
1614.263,38.200,14495.574,23886.402
1615.285,28.400,14495.574,23886.402
1616.306,28.400,14495.574,23886.402
1617.327,38.200,14495.801,23886.402
1618.348,23.500,14495.902,23886.402
1619.369,37.200,14495.902,23886.402
1620.390,9.800,14496.051,23886.402
1621.411,7.800,14496.051,23886.402
1622.433,8.800,14496.051,23886.402
1623.454,8.800,14496.051,23886.402
1624.475,8.800,14496.051,23886.402
1625.496,8.800,14496.051,23886.402
1626.518,8.800,14496.051,23886.402
1627.539,6.900,14496.051,23886.402
1628.560,7.800,14496.051,23886.402
1629.581,6.900,14496.051,23886.402
1630.602,10.800,14446.449,23836.801
1631.623,8.800,14446.449,23836.801
1632.643,9.800,14446.449,23836.801
1633.664,8.800,14446.449,23836.801
1634.685,7.800,14446.449,23836.801
1635.707,8.800,14446.449,23836.801
1636.728,8.800,14446.449,23836.801
1637.749,7.800,14446.449,23836.801
1638.770,7.800,14446.449,23836.801
1639.790,8.800,14446.449,23836.801
1640.812,7.800,14446.449,23836.801
1641.832,7.800,14446.449,23836.801
1642.854,8.800,14446.449,23836.801
1643.875,8.800,14446.449,23836.801
1644.896,7.800,14446.449,23836.801
1645.917,7.800,14446.449,23836.801
1646.938,9.800,14446.449,23836.801
1647.959,8.800,14446.449,23836.801
1648.980,8.800,14446.449,23836.801
1650.001,12.700,14446.449,23836.801
1651.021,7.800,14446.449,23836.801
1652.042,5.900,14446.449,23836.801
1653.063,8.800,14446.449,23836.801
1654.084,99.900,14446.449,23836.801
1655.105,99.900,14446.449,23836.801
1656.126,100.900,14446.449,23836.801
1657.147,98.900,14446.449,23836.801
1658.168,100.900,14446.449,23836.801
1659.189,99.900,14446.449,23836.801
1660.210,99.900,14446.449,23836.801
1661.231,99.900,14446.449,23836.801
1662.251,99.900,14446.449,23836.801
1663.272,99.900,14446.449,23836.801
1664.293,100.900,14446.449,23836.801
1665.314,99.900,14446.449,23836.801
1666.335,99.900,14446.449,23836.801
1667.356,100.900,14446.449,23836.801
1668.377,99.900,14446.449,23836.801
1669.398,98.900,14446.449,23836.801
1670.419,100.900,14446.449,23836.801
1671.440,99.900,14446.449,23836.801
1672.461,99.900,14446.449,23836.801
1673.482,100.900,14446.449,23836.801
1674.503,98.900,14446.449,23836.801
1675.524,99.900,14446.449,23836.801
1676.545,100.900,14446.449,23836.801
1677.566,99.900,14446.449,23836.801
1678.587,99.900,14446.449,23836.801
1679.608,99.900,14446.449,23836.801
1680.629,99.900,14446.449,23836.801
1681.647,100.100,14446.449,23836.801
1682.668,100.900,14446.449,23836.801
1683.689,99.900,14446.449,23836.801
1684.710,99.900,14446.449,23836.801
1685.732,99.800,14446.449,23836.801
1686.753,99.900,14446.449,23836.801
1687.774,100.900,14446.449,23836.801
1688.795,99.900,14446.449,23836.801
1689.816,100.900,14446.449,23836.801
1690.837,99.900,14446.449,23836.801
1691.858,99.900,14446.449,23836.801
1692.879,99.900,14446.449,23836.801
1693.900,99.900,14446.449,23836.801
1694.921,99.900,14446.449,23836.801
1695.942,100.900,14446.449,23836.801
1696.963,99.900,14446.449,23836.801
1697.984,98.900,14446.449,23836.801
1699.005,99.900,14446.449,23836.801
1700.026,100.900,14446.449,23836.801
1701.047,99.900,14446.449,23836.801
1702.068,99.900,14446.449,23836.801
1703.089,100.900,14446.449,23836.801
1704.110,99.900,14446.449,23836.801
1705.131,99.900,14446.449,23836.801
1706.152,99.900,14446.449,23836.801
1707.173,99.900,14446.449,23836.801
1708.194,99.900,14446.449,23836.801
1709.215,100.900,14446.449,23836.801
1710.236,99.900,14446.449,23836.801
1711.257,99.900,14446.449,23836.801
1712.278,99.900,14446.449,23836.801
1713.299,99.900,14446.449,23836.801
1714.320,99.900,14446.449,23836.801
1715.341,100.900,14446.449,23836.801
1716.362,99.900,14446.449,23836.801
1717.383,99.900,14446.449,23836.801
1718.404,99.900,14446.449,23836.801
1719.425,100.900,14446.449,23836.801
1720.446,99.900,14446.449,23836.801
1721.467,99.900,14446.449,23836.801
1722.488,99.900,14446.449,23836.801
1723.509,78.400,14455.207,23836.801
1724.529,35.300,14455.301,23836.801
1725.551,32.300,14455.301,23836.801
1726.571,34.300,14455.301,23836.801
1727.586,34.500,14455.336,23836.801
1728.606,21.600,14455.336,23836.801
1729.626,8.800,14455.336,23836.801
1730.645,7.900,14455.355,23836.801
1731.665,8.800,14455.355,23836.801
1732.686,9.800,14455.355,23836.801
1733.706,8.800,14455.355,23836.801
1734.726,7.800,14455.355,23836.801
1735.747,7.800,14455.355,23836.801
1736.767,7.800,14455.355,23836.801
1737.787,8.800,14455.355,23836.801
1738.808,7.800,14455.355,23836.801
1739.828,7.800,14455.355,23836.801
1740.848,6.900,14455.355,23836.801
1741.869,7.800,14455.355,23836.801
1742.889,8.800,14455.355,23836.801
1743.910,8.800,14455.355,23836.801
1744.930,6.900,14455.355,23836.801
1745.951,9.800,14455.355,23836.801
1746.971,7.800,14455.355,23836.801
1747.992,5.900,14455.355,23836.801
1749.012,60.800,14455.355,23836.801
1750.032,101.000,14455.355,23836.801
1751.053,100.000,14455.355,23836.801
1752.073,100.000,14455.355,23836.801
1753.093,99.000,14455.355,23836.801
1754.114,101.000,14455.355,23836.801
1755.134,100.000,14455.355,23836.801
1756.154,100.000,14455.355,23836.801
1757.174,100.000,14455.355,23836.801
1758.195,100.000,14455.355,23836.801
1759.215,100.000,14455.355,23836.801
1760.235,101.000,14455.355,23836.801
1761.255,100.000,14455.355,23836.801
1762.276,100.000,14455.355,23836.801
1763.296,100.000,14455.355,23836.801
1764.316,100.000,14455.355,23836.801
1765.336,100.000,14455.355,23836.801
1766.357,100.000,14455.355,23836.801
1767.377,100.000,14455.355,23836.801
1768.397,100.900,14455.355,23836.801
1769.418,100.000,14455.355,23836.801
1770.438,99.000,14455.355,23836.801
1771.458,101.000,14455.355,23836.801
1772.478,100.000,14455.355,23836.801
1773.498,100.000,14455.355,23836.801
1774.519,100.000,14455.355,23836.801
1775.539,100.000,14455.355,23836.801
1776.559,100.000,14455.355,23836.801
1777.580,100.000,14455.355,23836.801
1778.600,100.000,14455.355,23836.801
1779.620,100.000,14455.355,23836.801
1780.640,100.000,14455.355,23836.801
1781.661,100.900,14455.355,23836.801
1782.681,100.000,14455.355,23836.801
1783.701,100.000,14455.355,23836.801
1784.722,100.000,14455.355,23836.801
1785.742,100.000,14455.355,23836.801
1786.762,100.900,14455.355,23836.801
1787.783,100.000,14455.355,23836.801
1788.803,99.000,14455.355,23836.801
1789.823,101.000,14455.355,23836.801
1790.844,99.000,14455.355,23836.801
1791.864,101.000,14356.152,23737.598
1792.884,100.000,14356.152,23737.598
1793.904,100.000,14356.152,23737.598
1794.924,100.000,14356.152,23737.598
1795.944,100.000,14356.152,23737.598
1796.965,100.000,14356.152,23737.598
1797.985,101.000,14356.152,23737.598
1799.005,100.000,14356.152,23737.598
1800.026,100.000,14356.152,23737.598
1801.046,100.000,14356.152,23737.598
1802.066,100.000,14356.152,23737.598
1803.086,100.000,14356.152,23737.598
1804.107,100.000,14356.152,23737.598
1805.127,100.900,14356.152,23737.598
1806.148,99.900,14356.152,23737.598
1807.168,100.000,14356.152,23737.598
1808.189,100.000,14356.152,23737.598
1809.209,100.000,14356.152,23737.598
1810.229,100.000,14356.152,23737.598
1811.250,100.000,14356.152,23737.598
1812.270,100.000,14356.152,23737.598
1813.290,100.900,14356.152,23737.598
1814.311,95.100,14356.152,23737.598
1815.331,36.300,14356.152,23737.598
1816.352,35.300,14356.152,23737.598
1817.373,37.200,14356.152,23737.598
1818.393,7.800,14356.152,23737.598
1819.414,8.800,14356.152,23737.598
1820.434,7.800,14356.152,23737.598
1821.454,7.800,14356.152,23737.598
1822.475,7.800,14356.152,23737.598
1823.495,7.800,14356.152,23737.598
1824.515,8.800,14356.152,23737.598
1825.536,9.800,14356.152,23737.598
1826.556,7.800,14356.152,23737.598
1827.576,7.800,14356.152,23737.598
1828.597,8.800,14356.152,23737.598
1829.617,7.800,14356.152,23737.598
1830.636,6.900,14356.152,23737.598
1831.657,10.800,14356.152,23737.598
1832.677,6.900,14356.152,23737.598
1833.697,57.800,14356.152,23737.598
1834.718,99.900,14356.152,23737.598
1835.738,100.000,14356.152,23737.598
1836.759,100.000,14356.152,23737.598
1837.779,100.000,14356.152,23737.598
1838.799,101.000,14356.152,23737.598
1839.820,100.000,14356.152,23737.598
1840.840,99.000,14356.152,23737.598
1841.860,100.900,14356.152,23737.598
1842.881,100.000,14356.152,23737.598
1843.901,100.000,14356.152,23737.598
1844.921,100.000,14356.152,23737.598
1845.942,100.000,14356.152,23737.598
1846.962,100.000,14356.152,23737.598
1847.982,100.000,14356.152,23737.598
1849.003,100.000,14356.152,23737.598
1850.023,100.000,14356.152,23737.598
1851.043,100.000,14356.152,23737.598
1852.063,101.000,14356.152,23737.598
1853.083,100.000,14356.152,23737.598
1854.104,100.000,14356.152,23737.598
1855.124,100.000,14356.152,23737.598
1856.144,100.000,14356.152,23737.598
1857.164,100.000,14356.152,23737.598
1858.185,100.900,14356.152,23737.598
1859.205,99.000,14356.152,23737.598
1860.225,100.000,14356.152,23737.598
1861.246,100.900,14356.152,23737.598
1862.266,100.000,14356.152,23737.598
1863.286,100.000,14356.152,23737.598
1864.306,100.900,14356.152,23737.598
1865.327,99.000,14356.152,23737.598
1866.347,99.900,14356.152,23737.598
1867.368,100.900,14356.152,23737.598
1868.388,100.000,14356.152,23737.598
1869.408,100.000,14356.152,23737.598
1870.428,100.000,14356.152,23737.598
1871.449,100.000,14356.152,23737.598
1872.469,100.900,14356.152,23737.598
1873.489,100.000,14356.152,23737.598
1874.510,100.000,14356.152,23737.598
1875.530,100.000,14356.152,23737.598
1876.550,99.000,14356.152,23737.598
1877.571,101.000,14356.152,23737.598
1878.591,100.000,14356.152,23737.598
1879.611,100.900,14356.152,23737.598
1880.631,100.100,14356.152,23737.598
1881.650,100.100,14356.152,23737.598
1882.671,99.000,14356.152,23737.598
1883.691,100.900,14356.152,23737.598
1884.711,100.000,14356.152,23737.598
1885.732,100.000,14356.152,23737.598
1886.752,100.000,14356.152,23737.598
1887.773,100.000,14356.152,23737.598
1888.793,100.000,14356.152,23737.598
1889.813,100.000,14356.152,23737.598
1890.834,100.000,14356.152,23737.598
1891.854,100.000,14356.152,23737.598
1892.874,100.000,14356.152,23737.598
1893.895,100.900,14356.152,23737.598
1894.915,100.000,14356.152,23737.598
1895.935,100.000,14356.152,23737.598
1896.956,100.000,14356.152,23737.598
1897.976,100.000,14356.152,23737.598
1898.996,100.000,14356.152,23737.598
1900.016,100.000,14356.152,23737.598
1901.037,100.000,14356.152,23737.598
1902.057,101.000,14366.004,23737.598
1903.077,66.600,14395.754,23737.598
1904.097,38.200,14395.754,23737.598
1905.119,35.200,14395.754,23737.598
1906.133,43.400,14395.754,23737.598
1907.154,41.100,14395.754,23737.598
1908.174,35.300,14395.754,23737.598
1909.195,8.800,14395.754,23737.598
1910.215,8.800,14395.754,23737.598
1911.235,7.800,14395.754,23737.598
1912.256,8.800,14395.754,23737.598
1913.276,7.800,14395.754,23737.598
1914.296,7.800,14395.754,23737.598
1915.317,8.800,14395.754,23737.598
1916.337,8.800,14395.754,23737.598
1917.357,7.800,14395.754,23737.598
1918.377,8.800,14395.754,23737.598
1919.398,6.900,14395.754,23737.598
1920.418,7.800,14395.754,23737.598
1921.439,6.900,14395.754,23737.598
1922.460,5.900,14395.754,23737.598
1923.480,6.900,14395.754,23737.598
1924.500,5.900,14395.754,23737.598
1925.521,7.800,14395.754,23737.598
1926.542,10.800,14395.754,23737.598
1927.563,7.800,14395.754,23737.598
1928.583,8.800,14395.754,23737.598
1929.604,7.800,14395.754,23737.598
1930.624,100.000,14395.754,23737.598
1931.643,99.100,14395.754,23737.598
1932.664,100.900,14395.754,23737.598
1933.684,100.000,14395.754,23737.598
1934.705,100.000,14395.754,23737.598
1935.725,99.900,14395.754,23737.598
1936.745,100.000,14395.754,23737.598
1937.766,100.000,14395.754,23737.598
1938.786,100.900,14395.754,23737.598
1939.807,100.000,14395.754,23737.598
1940.827,100.000,14395.754,23737.598
1941.847,100.000,14395.754,23737.598
1942.868,100.000,14395.754,23737.598
1943.888,100.900,14395.754,23737.598
1944.909,99.900,14395.754,23737.598
1945.928,100.100,14395.754,23737.598
1946.949,100.000,14395.754,23737.598
1947.969,100.000,14395.754,23737.598
1948.989,100.000,14395.754,23737.598
1950.010,100.000,14395.754,23737.598
1951.030,100.000,14395.754,23737.598
1952.051,100.000,14395.754,23737.598
1953.071,101.000,14395.754,23737.598
1954.091,100.000,14395.754,23737.598
1955.112,100.000,14395.754,23737.598
1956.132,100.000,14395.754,23737.598
1957.153,100.000,14395.754,23737.598
1958.173,100.000,14395.754,23737.598
1959.194,100.000,14395.754,23737.598
1960.214,100.000,14395.754,23737.598
1961.234,100.000,14395.754,23737.598
1962.255,100.000,14395.754,23737.598
1963.275,100.000,14395.754,23737.598
1964.295,100.900,14395.754,23737.598
1965.316,100.000,14395.754,23737.598
1966.336,99.000,14395.754,23737.598
1967.357,100.900,14395.754,23737.598
1968.377,100.000,14395.754,23737.598
1969.398,100.000,14395.754,23737.598
1970.418,100.000,14395.754,23737.598
1971.438,100.900,14395.754,23737.598
1972.459,100.000,14395.754,23737.598
1973.479,100.000,14395.754,23737.598
1974.500,100.000,14395.754,23737.598
1975.520,100.000,14395.754,23737.598
1976.541,100.000,14395.754,23737.598
1977.561,100.000,14395.754,23737.598
1978.581,100.900,14395.754,23737.598
1979.601,100.000,14395.754,23737.598
1980.622,100.000,14395.754,23737.598
1981.641,100.100,14395.754,23737.598
1982.661,100.000,14395.754,23737.598
1983.682,99.000,14395.754,23737.598
1984.702,100.900,14395.754,23737.598
1985.723,100.000,14395.754,23737.598
1986.744,99.900,14395.754,23737.598
1987.764,100.000,14395.754,23737.598
1988.785,100.000,14395.754,23737.598
1989.805,100.000,14395.754,23737.598
1990.826,100.000,14395.754,23737.598
1991.846,100.000,14395.754,23737.598
1992.867,100.000,14395.754,23737.598
1993.887,100.900,14395.754,23737.598
1994.908,100.000,14395.754,23737.598
1995.928,100.000,14395.754,23737.598
1996.948,100.900,14395.754,23737.598
1997.969,100.000,15063.742,24445.312
1998.990,99.900,17121.613,27243.297
2000.011,100.000,16897.195,27211.164
2001.031,99.900,16956.113,27137.285
2002.052,100.000,16848.891,27150.566
2003.072,99.900,19463.309,28889.125
2004.093,100.000,21896.043,31277.504
2005.113,100.900,20468.004,30333.070
2006.134,99.000,17810.191,29139.887
2007.154,100.900,20227.137,29588.816
2008.175,99.900,22851.621,32738.883
2009.195,99.900,21572.594,34226.680
2010.216,100.000,24199.707,34226.680
2011.236,99.900,19205.027,32346.387
2012.257,100.900,21847.027,32346.387
2013.277,100.000,24396.957,36926.824
2014.298,99.900,27022.645,36926.824
2015.319,99.900,24640.977,37470.621
2016.339,100.000,27320.625,37470.621
2017.360,99.900,28131.160,37470.621
2018.380,96.000,28546.383,37885.660
