Elapsed_time,CPU,Real_MB,Virtual_MB
0.000,0.000,31.715,8408.699
1.019,244.300,100.531,8400.105
2.033,86.800,127.109,8495.285
3.054,95.000,203.934,8574.098
4.071,98.400,309.516,8681.141
5.091,96.100,352.316,8727.914
6.111,98.000,363.008,8740.461
7.131,91.200,400.762,8778.332
8.151,82.300,455.367,8834.254
9.171,80.400,502.812,8882.074
10.191,99.000,502.812,8882.074
11.211,100.000,502.828,8882.074
12.231,98.000,521.914,8901.402
13.251,99.000,521.914,8901.402
14.271,100.000,521.914,8901.402
15.291,99.000,521.914,8901.402
16.311,99.000,521.914,8901.402
17.331,99.000,521.914,8901.402
18.351,99.000,521.914,8901.402
19.371,99.000,521.914,8901.402
20.391,99.000,521.914,8901.402
21.411,99.000,521.914,8901.402
22.430,100.100,521.914,8901.402
23.451,99.000,521.914,8901.402
24.471,98.000,521.914,8901.402
25.491,100.000,521.914,8901.402
26.511,98.000,521.914,8901.402
27.531,99.000,521.914,8901.402
28.551,100.000,521.914,8901.402
29.571,99.000,521.914,8901.402
30.590,100.000,521.914,8901.402
31.610,99.000,558.887,14186.945
32.630,100.000,788.695,14186.945
33.650,100.000,935.168,14227.945
34.671,100.000,939.293,14347.945
35.691,100.000,949.348,14632.945
36.710,100.000,966.621,15126.945
37.730,100.000,996.785,15978.945
38.750,101.000,1027.980,16868.945
39.770,100.000,1102.488,18988.945
40.790,100.000,1180.348,21203.945
41.810,165.700,1438.590,36650.469
42.833,1301.100,9211.582,36650.469
43.852,1235.100,17532.359,36650.469
44.873,629.700,8628.910,20820.906
45.893,100.000,9706.746,21898.906
46.913,100.000,11074.957,23266.906
47.933,100.000,12286.676,24478.906
48.953,100.000,14377.277,26568.906
49.973,101.000,15543.566,27734.906
50.993,82.400,16497.992,28682.535
52.014,97.900,16656.172,28987.918
53.034,100.000,18110.922,30221.828
54.054,100.000,17471.203,29514.188
55.074,101.000,18626.047,30669.031
56.094,99.000,18735.211,31328.676
57.114,101.000,20735.508,32650.398
58.134,99.000,22299.758,34123.863
59.154,101.000,18924.008,30766.383
60.174,100.000,20469.301,32369.008
61.194,100.000,22373.250,34187.410
62.214,100.000,19099.719,30911.402
63.234,100.000,20935.488,32747.172
64.254,100.000,22562.383,34375.793
65.274,100.000,24374.562,36256.836
66.294,100.000,20766.344,32726.773
67.314,100.000,22343.094,34616.051
68.334,74.500,23383.414,35195.102
69.355,54.800,23383.422,35195.113
70.376,85.200,19053.039,30864.656
71.396,33.300,19065.461,39259.141
72.420,29.300,19048.332,30877.746
73.470,38.100,19131.695,30959.977
74.490,31.400,19133.234,30959.977
75.509,0.000,19132.824,30959.977
76.527,0.000,19131.801,30959.977
77.546,0.000,19131.223,30959.977
78.564,0.000,19131.031,30959.977
79.582,0.000,19130.848,30959.977
80.601,6.900,19129.961,30959.977
81.619,15.700,19129.938,30959.977
82.637,0.000,19129.938,30959.977
83.655,0.000,19129.938,30959.977
84.673,0.000,19129.938,30959.977
85.691,0.000,19129.938,30959.977
86.709,0.000,19129.938,30959.977
87.728,0.000,19129.938,30959.977
88.746,11.800,19129.938,30959.977
89.766,27.400,19129.965,30959.977
90.786,19.600,19129.965,30959.977
91.807,36.300,19130.285,30959.977
92.827,34.300,19130.270,30959.977
93.848,4.900,19129.945,30959.977
94.869,0.000,19129.941,30959.977
95.887,0.000,19129.941,30959.977
96.904,0.000,19129.941,30959.977
97.921,0.000,19129.941,30959.977
98.939,0.000,19129.941,30959.977
99.957,3.900,19129.941,30959.977
100.975,20.600,19129.941,30959.977
101.995,2.000,19129.938,30959.977
103.016,0.000,19129.938,30959.977
104.034,0.000,19129.938,30959.977
105.055,0.000,19129.938,30959.977
106.075,0.000,19129.938,30959.977
107.095,0.000,19129.938,30959.977
108.113,4.900,19129.938,30959.977
109.133,4.900,19129.938,30959.977
110.153,14.700,19130.566,30959.977
111.173,61.800,19130.699,30959.977
112.191,48.100,19130.699,30959.977
113.209,50.100,19130.699,30959.977
114.228,33.400,19130.699,30959.977
115.246,29.500,19130.699,30959.977
116.264,50.100,19103.074,30932.312
117.283,47.100,19103.074,30932.312
118.301,51.100,19103.074,30932.312
119.320,35.400,19103.074,30932.312
120.338,43.200,19103.074,30932.312
121.356,39.300,19174.980,31004.266
122.374,51.100,19175.012,31004.266
123.393,48.100,19175.012,31004.266
124.411,47.100,19175.012,31004.266
125.431,42.200,19175.012,31004.266
126.449,14.700,19175.012,31004.266
127.467,66.800,19290.910,31120.164
128.486,27.500,19290.910,31120.164
129.504,23.600,19290.910,31120.164
130.522,33.400,19290.910,31120.164
131.540,34.400,19290.910,31120.164
132.559,27.500,19175.012,31004.266
133.577,23.600,19175.012,31004.266
134.595,24.600,19175.012,31004.266
135.614,21.600,19175.012,31004.266
136.632,48.100,19265.152,31094.719
137.651,45.100,19265.152,31094.719
138.670,56.900,19265.152,31094.719
139.689,43.200,19265.152,31094.719
140.707,43.200,19265.152,31094.719
141.725,5.900,19265.152,31094.719
142.743,99.200,19461.547,31291.043
143.761,46.200,19461.547,31291.043
144.779,28.500,19461.547,31291.043
145.798,29.500,19461.547,31291.043
146.816,34.400,19461.547,31291.043
147.834,24.600,19461.547,31291.043
148.852,22.600,19461.547,31291.043
149.871,32.400,19461.547,31291.043
150.889,26.500,19611.535,31441.031
151.906,80.600,19315.219,31144.715
152.924,43.200,19315.219,31144.715
153.943,50.100,19315.219,31144.715
154.961,33.400,19315.219,31144.715
155.980,40.300,19315.219,31144.715
156.998,11.800,19315.219,31144.715
158.016,76.600,19408.500,31237.996
159.034,48.100,19408.500,31237.996
160.052,28.500,19408.500,31237.996
161.070,46.200,19408.500,31237.996
162.089,25.500,19408.500,31237.996
163.107,34.400,19408.500,31237.996
164.125,15.700,19435.699,31272.262
165.144,76.600,19511.297,31340.793
166.162,51.100,19315.219,31144.715
167.181,50.000,19315.219,31144.715
168.200,37.300,19315.219,31144.715
169.218,37.300,19315.219,31144.715
170.236,40.300,19405.352,31235.090
171.255,40.300,19435.477,31265.215
172.272,48.100,19435.477,31265.215
173.291,50.100,19435.477,31265.215
174.309,38.300,19435.477,31265.215
175.327,32.400,19435.477,31265.215
176.345,49.100,19510.812,31340.672
177.364,48.100,19510.812,31340.672
178.382,53.000,19510.812,31340.672
179.401,49.100,19510.812,31340.672
180.419,39.300,19510.812,31340.672
181.437,17.700,19510.812,31340.672
182.457,59.800,19651.379,31481.238
183.478,59.800,19651.379,31481.238
184.497,49.100,19651.379,31481.238
185.515,41.200,19651.379,31481.238
186.534,39.300,19651.379,31481.238
187.552,31.400,19651.379,31481.238
188.570,58.900,19651.379,31481.238
189.588,42.200,19651.379,31481.238
190.607,52.000,19651.395,31481.238
191.625,44.200,19651.395,31481.238
192.643,37.300,19651.395,31481.238
193.661,27.500,19751.000,31580.906
194.680,73.600,19510.828,31340.672
195.699,45.200,19510.828,31340.672
196.717,45.200,19510.828,31340.672
197.736,29.400,19510.828,31340.672
198.755,40.300,19510.828,31340.672
199.773,12.800,19510.828,31340.672
200.791,56.000,19510.828,31340.672
201.809,50.100,19510.828,31340.672
202.828,49.100,19510.828,31340.672
203.846,21.600,19510.828,31340.672
204.864,43.200,19510.828,31340.672
205.882,35.400,19510.828,31340.672
206.900,59.900,19510.828,31340.672
207.917,47.200,19510.828,31340.672
208.935,48.100,19510.949,31340.672
209.954,38.300,19510.949,31340.672
210.972,12.800,19510.949,31340.672
211.990,70.700,19606.656,31436.379
213.008,44.200,19606.656,31436.379
214.026,48.100,19606.656,31436.379
215.044,31.400,19606.656,31436.379
216.062,45.200,19606.656,31436.379
217.081,37.300,19637.844,31490.715
218.099,55.000,19660.750,31490.715
219.117,53.000,19660.750,31490.715
220.135,47.100,19660.750,31490.715
221.154,41.200,19660.750,31490.715
222.172,22.600,19705.496,31552.098
223.190,69.700,19687.688,31517.773
224.209,48.100,19687.688,31517.773
225.227,52.000,19687.688,31517.773
226.246,39.300,19687.688,31517.773
227.265,30.400,19687.688,31517.773
228.283,57.900,19907.285,31737.512
229.302,69.700,19907.426,31737.512
230.320,24.600,19907.426,31737.512
231.339,34.400,19907.426,31737.512
232.357,47.100,19907.426,31737.512
233.375,26.500,19907.426,31737.512
234.393,27.500,19907.426,31737.512
235.411,23.600,19907.426,31737.512
236.430,19.600,19966.266,31832.168
237.448,83.500,20049.520,31879.496
238.466,45.200,20049.520,31879.496
239.484,52.100,19687.797,31517.773
240.503,27.500,19687.797,31517.773
241.521,30.400,19687.797,31517.773
242.539,26.500,19687.797,31517.773
243.557,42.200,19687.824,31517.773
244.575,100.200,19687.824,31517.773
245.593,62.900,19688.105,31517.773
246.611,29.500,19688.105,31517.773
247.630,26.500,19688.105,31517.773
248.648,21.600,19688.105,31517.773
249.665,17.700,19688.105,31517.773
250.683,9.800,19688.105,31517.773
251.701,7.900,19688.105,31517.773
252.720,9.800,19688.105,31517.773
253.737,8.800,19688.105,31517.773
254.755,9.800,19688.105,31517.773
255.773,8.800,19688.105,31517.773
256.791,9.800,19688.105,31517.773
257.810,9.800,19688.105,31517.773
258.828,8.800,19688.105,31517.773
259.846,8.800,19688.105,31517.773
260.864,8.800,19688.105,31517.773
261.884,8.800,19688.105,31517.773
262.904,8.800,19688.105,31517.773
263.923,7.900,19688.105,31517.773
264.943,13.700,19688.105,31517.773
265.963,9.800,19688.105,31517.773
266.983,7.800,19688.105,31517.773
268.003,8.800,19688.105,31517.773
269.023,9.800,19688.105,31517.773
270.044,8.800,19688.105,31517.773
271.064,9.800,19688.105,31517.773
272.084,7.800,19688.105,31517.773
273.104,7.800,19688.105,31517.773
274.124,9.800,19688.105,31517.773
275.144,7.800,19688.105,31517.773
276.164,8.800,19688.105,31517.773
277.184,8.800,19688.105,31517.773
278.204,7.800,19688.105,31517.773
279.224,10.800,19688.105,31517.773
280.244,7.800,19688.105,31517.773
281.264,8.800,19688.105,31517.773
282.284,8.800,19688.105,31517.773
283.304,9.800,19638.109,31467.777
284.325,24.500,19638.129,31467.777
285.345,100.000,19638.129,31467.777
286.365,100.000,19638.129,31467.777
287.385,101.000,19638.129,31467.777
288.405,99.000,19638.129,31467.777
289.426,100.000,19638.129,31467.777
290.446,100.000,19638.129,31467.777
291.466,101.000,19638.129,31467.777
292.486,100.000,19638.129,31467.777
293.506,100.000,19638.129,31467.777
294.526,100.000,19638.129,31467.777
295.546,100.000,19638.129,31467.777
296.567,99.900,19638.129,31467.777
297.587,101.000,19638.129,31467.777
298.607,100.000,19638.129,31467.777
299.628,99.000,19638.129,31467.777
300.648,101.000,19638.129,31467.777
301.668,100.000,19638.129,31467.777
302.688,100.000,19638.129,31467.777
303.708,100.000,19638.129,31467.777
304.728,100.000,19638.129,31467.777
305.749,100.000,19638.129,31467.777
306.769,101.000,19638.129,31467.777
307.789,100.000,19638.129,31467.777
308.809,100.000,19638.129,31467.777
309.829,100.000,19638.129,31467.777
310.849,100.000,19638.129,31467.777
311.870,100.000,19638.129,31467.777
312.890,100.000,19638.129,31467.777
313.909,99.100,19638.129,31467.777
314.929,101.000,19638.129,31467.777
315.949,100.000,19638.129,31467.777
316.969,100.000,19638.129,31467.777
317.989,100.000,19638.129,31467.777
319.010,101.000,19638.129,31467.777
320.030,99.000,19638.129,31467.777
321.050,101.000,19638.129,31467.777
322.070,100.000,19638.129,31467.777
323.090,99.000,19638.129,31467.777
324.110,101.000,19638.129,31467.777
325.130,100.000,19638.129,31467.777
326.151,100.000,19638.129,31467.777
327.171,100.000,19638.129,31467.777
328.191,100.000,19638.129,31467.777
329.211,100.000,19638.129,31467.777
330.231,101.000,19638.129,31467.777
331.251,99.000,19638.129,31467.777
332.271,101.000,19638.129,31467.777
333.291,100.000,19638.129,31467.777
334.311,100.000,19638.129,31467.777
335.332,100.000,19638.129,31467.777
336.352,100.000,19638.129,31467.777
337.372,100.000,19638.129,31467.777
338.392,100.000,19638.129,31467.777
339.412,101.000,19638.129,31467.777
340.432,99.000,19638.129,31467.777
341.452,100.000,19638.129,31467.777
342.473,101.000,19638.129,31467.777
343.493,100.000,19638.129,31467.777
344.513,100.000,19638.250,31467.777
345.533,95.100,19638.250,31467.777
346.553,42.200,19638.250,31467.777
347.574,43.100,19638.250,31467.777
348.594,14.700,19638.250,31467.777
349.614,9.800,19638.250,31467.777
350.632,12.800,19638.250,31467.777
351.650,9.800,19638.250,31467.777
352.668,8.800,19638.250,31467.777
353.686,9.800,19638.250,31467.777
354.706,10.800,19638.250,31467.777
355.726,18.600,19638.250,31467.777
356.747,8.800,19638.250,31467.777
357.767,10.800,19638.250,31467.777
358.787,9.800,19638.250,31467.777
359.806,8.800,19638.250,31467.777
360.826,8.800,19638.250,31467.777
361.845,8.800,19638.250,31467.777
362.863,8.800,19638.250,31467.777
363.882,9.800,19638.250,31467.777
364.901,9.800,19638.250,31467.777
365.920,9.800,19638.250,31467.777
366.938,8.800,19638.250,31467.777
367.957,9.800,19638.250,31467.777
368.976,8.800,19638.250,31467.777
369.995,49.100,19638.250,31467.777
371.015,100.000,19638.250,31467.777
372.035,100.000,19638.250,31467.777
373.056,99.000,19638.250,31467.777
374.076,100.000,19638.250,31467.777
375.096,101.000,19638.250,31467.777
376.116,100.000,19638.250,31467.777
377.136,100.000,19638.250,31467.777
378.156,100.000,19638.250,31467.777
379.177,100.000,19638.250,31467.777
380.197,100.000,19638.250,31467.777
381.217,100.000,19638.250,31467.777
382.237,101.000,19638.250,31467.777
383.257,100.000,19638.250,31467.777
384.277,99.000,19638.250,31467.777
385.298,100.000,19638.250,31467.777
386.318,101.000,19638.250,31467.777
387.338,100.000,19638.250,31467.777
388.358,100.000,19638.250,31467.777
389.378,100.000,19638.250,31467.777
390.398,100.000,19638.250,31467.777
391.419,100.000,19638.250,31467.777
392.439,100.000,19638.250,31467.777
393.459,101.000,19638.250,31467.777
394.479,99.000,19638.250,31467.777
395.499,101.000,19638.250,31467.777
396.519,99.000,19638.250,31467.777
397.540,101.000,19638.250,31467.777
398.560,100.000,19638.250,31467.777
399.580,100.000,19638.250,31467.777
400.600,100.000,19638.250,31467.777
401.620,101.000,19638.250,31467.777
402.641,100.000,19638.250,31467.777
403.661,100.000,19638.250,31467.777
404.681,100.000,19638.250,31467.777
405.701,99.000,19638.250,31467.777
406.721,100.000,19638.250,31467.777
407.741,101.000,19638.250,31467.777
408.761,100.000,19638.250,31467.777
409.782,100.000,19638.250,31467.777
410.802,100.000,19638.250,31467.777
411.822,100.000,19638.250,31467.777
412.842,100.000,19638.250,31467.777
413.863,101.000,19638.250,31467.777
414.883,99.000,19638.250,31467.777
415.902,100.100,19638.250,31467.777
416.922,101.000,19638.250,31467.777
417.942,100.000,19638.250,31467.777
418.962,100.000,19638.250,31467.777
419.982,99.000,19638.250,31467.777
421.002,101.000,19638.250,31467.777
422.023,100.000,19638.250,31467.777
423.043,100.000,19638.250,31467.777
424.063,47.000,19638.250,31467.777
425.084,46.100,19638.250,31467.777
426.105,15.700,19638.250,31467.777
427.125,10.800,19638.250,31467.777
428.145,8.800,19638.250,31467.777
429.164,8.800,19638.250,31467.777
430.183,8.800,19638.250,31467.777
431.202,9.800,19638.250,31467.777
432.221,9.800,19638.250,31467.777
433.241,9.800,19638.250,31467.777
434.261,9.800,19638.250,31467.777
435.281,7.800,19638.250,31467.777
436.301,9.800,19638.250,31467.777
437.321,15.700,19638.250,31467.777
438.342,8.800,19638.250,31467.777
439.362,7.800,19638.250,31467.777
440.382,8.800,19638.250,31467.777
441.402,7.800,19638.250,31467.777
442.422,10.800,19638.250,31467.777
443.442,9.800,19638.250,31467.777
444.463,6.900,19638.250,31467.777
445.483,7.800,19638.250,31467.777
446.503,8.800,19638.250,31467.777
447.523,10.800,19638.250,31467.777
448.543,7.800,19638.250,31467.777
449.563,17.600,19638.250,31467.777
450.582,99.100,19638.250,31467.777
451.600,101.200,19638.250,31467.777
452.620,100.000,19638.250,31467.777
453.641,99.000,19638.250,31467.777
454.661,101.000,19638.250,31467.777
455.681,100.000,19638.250,31467.777
456.701,100.000,19638.250,31467.777
457.721,100.000,19638.250,31467.777
458.741,100.000,19638.250,31467.777
459.762,101.000,19638.250,31467.777
460.782,100.000,19638.250,31467.777
461.802,100.000,19638.250,31467.777
462.822,100.000,19638.250,31467.777
463.843,100.000,19638.250,31467.777
464.863,100.000,19638.250,31467.777
465.883,100.000,19638.250,31467.777
466.902,100.100,19638.250,31467.777
467.921,100.100,19638.250,31467.777
468.941,100.000,19638.250,31467.777
469.962,100.000,19638.250,31467.777
470.982,100.000,19638.250,31467.777
472.002,100.900,19638.250,31467.777
473.023,100.000,19638.250,31467.777
474.043,99.000,19638.250,31467.777
475.063,101.000,19638.250,31467.777
476.083,100.000,19638.250,31467.777
477.104,99.900,19638.250,31467.777
478.124,100.000,19638.250,31467.777
479.145,100.000,19638.250,31467.777
480.165,100.000,19638.250,31467.777
481.185,100.000,19638.250,31467.777
482.205,100.000,19638.250,31467.777
483.226,101.000,19638.250,31467.777
484.246,99.000,19638.250,31467.777
485.266,100.000,19638.250,31467.777
486.286,100.000,19638.250,31467.777
487.306,101.000,19638.250,31467.777
488.327,100.000,19638.250,31467.777
489.347,100.000,19638.285,31467.777
490.367,92.100,19638.285,31467.777
491.387,36.300,19638.285,31467.777
492.407,42.200,19638.285,31467.777
493.427,26.500,19638.285,31467.777
494.447,11.800,19638.285,31467.777
495.465,10.800,19638.285,31467.777
496.483,9.800,19638.285,31467.777
497.502,9.800,19638.285,31467.777
498.521,8.800,19638.285,31467.777
499.540,11.800,19638.285,31467.777
500.560,9.800,19638.285,31467.777
501.580,8.800,19638.285,31467.777
502.599,10.800,19638.285,31467.777
503.618,9.800,19638.285,31467.777
504.639,9.800,19638.285,31467.777
505.658,10.800,19638.285,31467.777
506.678,8.800,19638.285,31467.777
507.697,8.800,19638.285,31467.777
508.715,14.700,19638.285,31467.777
509.736,8.800,19638.285,31467.777
510.754,8.800,19638.285,31467.777
511.773,8.800,19638.285,31467.777
512.791,7.900,19638.285,31467.777
513.809,8.800,19638.285,31467.777
514.828,7.900,19638.285,31467.777
515.846,8.800,19638.285,31467.777
516.864,8.800,19638.285,31467.777
517.882,9.800,19638.285,31467.777
518.900,9.800,19638.285,31467.777
519.918,40.300,19638.285,31467.777
520.939,100.900,19638.285,31467.777
521.958,99.100,19638.285,31467.777
522.978,100.000,19638.285,31467.777
523.998,101.000,19638.285,31467.777
525.019,100.000,19638.285,31467.777
526.039,100.000,19638.285,31467.777
527.059,100.000,19638.285,31467.777
528.079,100.000,19638.285,31467.777
529.099,100.000,19638.285,31467.777
530.119,101.000,19638.285,31467.777
531.140,100.000,19638.285,31467.777
532.160,99.000,19638.285,31467.777
533.180,100.900,19638.285,31467.777
534.201,100.000,19638.285,31467.777
535.221,100.000,19638.285,31467.777
536.241,100.000,19638.285,31467.777
537.262,99.900,19638.285,31467.777
538.282,100.000,19638.285,31467.777
539.302,100.000,19638.285,31467.777
540.322,100.000,19638.285,31467.777
541.343,101.000,19638.285,31467.777
542.363,100.000,19638.285,31467.777
543.383,99.000,19638.285,31467.777
544.403,101.000,19638.285,31467.777
545.424,100.000,19638.285,31467.777
546.444,100.000,19638.285,31467.777
547.464,100.900,19638.285,31467.777
548.485,99.000,19638.285,31467.777
549.505,100.900,19638.285,31467.777
550.525,100.000,19638.285,31467.777
551.545,99.000,19638.285,31467.777
552.566,101.000,19638.285,31467.777
553.586,99.000,19638.285,31467.777
554.606,101.000,19638.285,31467.777
555.626,100.000,19638.285,31467.777
556.646,100.000,19638.285,31467.777
557.666,100.000,19638.285,31467.777
558.687,100.000,19638.285,31467.777
559.707,101.000,19638.285,31467.777
560.727,99.000,19638.285,31467.777
561.747,101.000,19638.285,31467.777
562.768,100.000,19638.285,31467.777
563.788,100.000,19638.285,31467.777
564.808,100.000,19638.285,31467.777
565.828,100.000,19638.285,31467.777
566.848,100.000,19638.285,31467.777
567.868,101.000,19638.285,31467.777
568.888,100.000,19638.285,31467.777
569.907,99.100,19638.285,31467.777
570.927,100.000,19638.285,31467.777
571.947,100.100,19638.285,31467.777
572.967,100.000,19638.285,31467.777
573.987,101.000,19638.285,31467.777
575.007,100.000,19638.285,31467.777
576.027,100.000,19638.285,31467.777
577.047,100.000,19638.285,31467.777
578.067,100.000,19638.285,31467.777
579.087,100.000,19754.184,31583.676
580.108,100.000,19754.184,31583.676
581.128,84.300,19754.184,31583.676
582.148,7.800,19754.184,31583.676
583.169,39.200,19754.184,31583.676
584.190,33.300,19754.184,31583.676
585.210,20.600,19754.184,31583.676
586.228,22.600,19754.184,31583.676
587.247,20.600,19754.184,31583.676
588.266,10.800,19754.184,31583.676
589.283,9.800,19754.184,31583.676
590.304,10.800,19754.184,31583.676
591.323,8.800,19754.184,31583.676
592.344,10.800,19754.184,31583.676
593.364,9.800,19754.184,31583.676
594.384,9.800,19754.184,31583.676
595.404,9.800,19754.184,31583.676
596.425,8.800,19754.184,31583.676
597.446,10.800,19754.184,31583.676
598.466,9.800,19754.184,31583.676
599.486,8.800,19754.184,31583.676
600.506,9.800,19754.184,31583.676
601.527,8.800,19754.184,31583.676
602.547,8.800,19754.184,31583.676
603.567,13.700,19754.184,31583.676
604.587,9.800,19754.184,31583.676
605.608,7.800,19754.184,31583.676
606.628,9.800,19754.184,31583.676
607.648,8.800,19754.184,31583.676
608.668,8.800,19754.184,31583.676
609.689,8.800,19754.184,31583.676
610.709,8.800,19754.184,31583.676
611.729,7.800,19754.184,31583.676
612.749,7.800,19754.184,31583.676
613.770,8.800,19754.184,31583.676
614.790,7.800,19754.184,31583.676
615.810,9.800,19754.184,31583.676
616.830,6.900,19754.184,31583.676
617.850,9.800,19754.184,31583.676
618.870,7.800,19754.184,31583.676
619.890,7.800,19754.184,31583.676
620.909,9.800,19754.184,31583.676
621.929,8.800,19754.184,31583.676
622.950,15.700,19754.184,31583.676
623.970,12.700,19754.184,31583.676
624.990,7.800,19754.184,31583.676
626.009,7.800,19754.184,31583.676
627.029,92.200,19754.184,31583.676
628.049,100.000,19754.184,31583.676
629.069,101.000,19715.551,31545.043
630.089,100.000,19715.551,31545.043
631.109,100.000,19715.551,31545.043
632.130,99.000,19715.551,31545.043
633.150,101.000,19715.551,31545.043
634.170,100.000,19715.551,31545.043
635.190,100.000,19715.551,31545.043
636.210,100.000,19715.551,31545.043
637.231,100.000,19715.551,31545.043
638.251,100.000,19715.551,31545.043
639.271,101.000,19715.551,31545.043
640.291,99.000,19715.551,31545.043
641.312,100.900,19715.551,31545.043
642.332,99.000,19715.551,31545.043
643.352,101.000,19715.551,31545.043
644.372,100.000,19715.551,31545.043
645.392,100.000,19715.551,31545.043
646.413,100.000,19715.551,31545.043
647.433,101.000,19715.551,31545.043
648.453,100.000,19715.551,31545.043
649.473,100.000,19715.551,31545.043
650.494,100.000,19715.551,31545.043
651.514,100.000,19715.551,31545.043
652.534,100.000,19715.551,31545.043
653.554,100.000,19715.551,31545.043
654.575,100.000,19715.551,31545.043
655.595,100.000,19715.551,31545.043
656.615,100.000,19715.551,31545.043
657.636,100.900,19715.551,31545.043
658.656,100.000,19715.551,31545.043
659.677,100.000,19715.551,31545.043
660.697,100.000,19715.551,31545.043
661.717,100.000,19715.551,31545.043
662.738,100.000,19715.551,31545.043
663.758,100.000,19715.551,31545.043
664.778,100.000,19715.551,31545.043
665.799,100.900,19715.551,31545.043
666.819,100.000,19715.551,31545.043
667.839,99.000,19715.551,31545.043
668.860,100.900,19715.551,31545.043
669.880,100.000,19715.551,31545.043
670.899,100.100,19715.551,31545.043
671.919,100.000,19715.551,31545.043
672.940,100.000,19715.551,31545.043
673.960,100.000,19715.551,31545.043
674.980,100.900,19715.551,31545.043
676.001,100.000,19715.551,31545.043
677.021,100.000,19715.551,31545.043
678.041,100.000,19715.551,31545.043
679.061,100.000,19715.551,31545.043
680.082,100.000,19715.551,31545.043
681.102,100.000,19715.551,31545.043
682.122,101.000,19715.551,31545.043
683.142,100.000,19715.551,31545.043
684.163,99.000,19715.551,31545.043
685.183,100.000,19715.551,31545.043
686.203,101.000,19715.551,31545.043
687.224,100.000,19715.551,31545.043
688.244,100.000,19715.551,31545.043
689.264,100.000,19715.551,31545.043
690.285,100.000,19715.551,31545.043
691.305,100.000,19715.551,31545.043
692.325,100.000,19715.551,31545.043
693.345,101.000,19715.551,31545.043
694.366,100.000,19715.551,31545.043
695.386,100.000,19715.551,31545.043
696.406,100.000,19715.551,31545.043
697.427,100.000,19715.551,31545.043
698.447,100.000,19715.551,31545.043
699.467,100.000,19715.551,31545.043
700.487,100.000,19715.551,31545.043
701.508,100.900,19715.551,31545.043
702.528,100.000,19715.551,31545.043
703.548,99.000,19715.684,31545.043
704.569,63.700,19715.684,31545.043
705.590,26.500,19715.684,31545.043
706.610,25.500,19715.684,31545.043
707.630,36.300,19715.684,31545.043
708.650,7.800,19715.684,31545.043
709.670,9.800,19715.684,31545.043
710.691,11.800,19715.684,31545.043
711.711,17.600,19715.684,31545.043
712.731,8.800,19715.684,31545.043
713.751,8.800,19715.684,31545.043
714.772,8.800,19715.684,31545.043
715.792,9.800,19715.684,31545.043
716.813,8.800,19715.684,31545.043
717.834,7.800,19715.684,31545.043
718.854,10.800,19715.684,31545.043
719.874,8.800,19715.684,31545.043
720.894,8.800,19715.684,31545.043
721.914,10.800,19715.684,31545.043
722.935,8.800,19715.684,31545.043
723.955,9.800,19715.684,31545.043
724.975,8.800,19715.684,31545.043
725.995,9.800,19715.684,31545.043
727.016,9.800,19715.684,31545.043
728.036,9.800,19715.684,31545.043
729.056,8.800,19715.684,31545.043
730.076,13.700,19715.684,31545.043
731.097,8.800,19715.684,31545.043
732.117,9.800,19715.684,31545.043
733.137,8.800,19715.684,31545.043
734.157,7.800,19715.684,31545.043
735.177,46.100,19715.684,31545.043
736.198,99.000,19715.684,31545.043
737.218,101.000,19715.684,31545.043
738.238,100.000,19715.684,31545.043
739.259,99.000,19715.684,31545.043
740.279,101.000,19715.684,31545.043
741.299,100.000,19715.684,31545.043
742.319,100.000,19715.684,31545.043
743.340,100.000,19715.684,31545.043
744.360,101.000,19715.684,31545.043
745.380,100.000,19715.684,31545.043
746.401,100.000,19715.684,31545.043
747.421,100.000,19715.684,31545.043
748.441,99.000,19715.684,31545.043
749.461,101.000,19715.684,31545.043
750.481,100.000,19715.684,31545.043
751.502,100.000,19715.684,31545.043
752.522,101.000,19715.684,31545.043
753.542,100.000,19715.684,31545.043
754.562,100.000,19715.684,31545.043
755.583,100.000,19715.684,31545.043
756.603,100.000,19715.684,31545.043
757.623,100.000,19715.684,31545.043
758.644,100.000,19715.684,31545.043
759.664,100.000,19715.684,31545.043
760.687,99.700,19715.684,31545.043
761.707,100.000,19715.684,31545.043
762.727,100.000,19715.684,31545.043
763.747,100.000,19715.684,31545.043
764.768,101.000,19715.684,31545.043
765.788,101.000,19715.684,31545.043
766.808,99.000,19715.684,31545.043
767.828,100.000,19715.684,31545.043
768.849,100.000,19715.684,31545.043
769.869,100.000,19715.684,31545.043
770.889,101.000,19715.684,31545.043
771.908,100.000,19715.684,31545.043
772.929,99.000,19715.684,31545.043
773.949,100.000,19715.684,31545.043
774.969,101.000,19715.684,31545.043
775.990,100.000,19638.418,31467.777
777.010,100.000,19638.418,31467.777
778.031,100.900,19638.418,31467.777
779.051,100.000,19638.418,31467.777
780.072,100.000,19638.418,31467.777
781.092,100.000,19638.418,31467.777
782.112,100.000,19638.418,31467.777
783.132,100.000,19638.418,31467.777
784.152,100.000,19638.418,31467.777
785.172,101.000,19638.418,31467.777
786.193,100.000,19638.418,31467.777
787.213,100.000,19638.418,31467.777
788.233,100.000,19638.418,31467.777
789.254,100.000,19638.418,31467.777
790.274,100.000,19638.418,31467.777
791.294,99.000,19638.418,31467.777
792.314,100.900,19834.742,31664.102
793.335,100.000,19834.742,31664.102
794.355,100.000,19841.094,31664.102
795.376,43.100,19841.094,31664.102
796.396,31.400,19841.094,31664.102
797.417,21.600,19841.094,31664.102
798.437,19.600,19841.094,31664.102
799.458,45.100,19841.094,31664.102
800.478,14.700,19841.094,31664.102
801.498,8.800,19841.094,31664.102
802.518,9.800,19841.094,31664.102
803.538,9.800,19841.094,31664.102
804.558,8.800,19841.094,31664.102
805.578,9.800,19841.094,31664.102
806.598,10.800,19841.094,31664.102
807.619,10.800,19841.094,31664.102
808.639,8.800,19841.094,31664.102
809.659,10.800,19841.094,31664.102
810.682,7.800,19841.094,31664.102
811.702,10.800,19841.094,31664.102
812.722,10.800,19841.094,31664.102
813.743,8.800,19841.094,31664.102
814.763,7.800,19841.094,31664.102
815.783,14.700,19841.094,31664.102
816.803,7.800,19841.094,31664.102
817.823,8.800,19841.094,31664.102
818.844,8.800,19841.094,31664.102
819.864,7.800,19841.094,31664.102
820.884,7.800,19841.094,31664.102
821.904,8.800,19841.094,31664.102
822.925,8.800,19841.094,31664.102
823.945,7.800,19841.094,31664.102
824.965,7.800,19841.094,31664.102
825.985,8.800,19841.094,31664.102
827.006,8.800,19841.094,31664.102
828.026,7.800,19841.094,31664.102
829.046,9.800,19841.094,31664.102
830.066,7.800,19841.094,31664.102
831.087,7.800,19841.094,31664.102
832.107,8.800,19841.094,31664.102
833.127,8.800,19841.094,31664.102
834.148,12.700,19841.094,31664.102
835.168,9.800,19841.094,31664.102
836.189,7.800,19841.094,31664.102
837.209,8.800,19841.094,31664.102
838.230,7.800,19841.094,31664.102
839.251,8.800,19841.094,31664.102
840.271,8.800,19841.094,31664.102
841.292,7.800,19841.094,31664.102
842.312,8.800,19841.094,31664.102
843.333,7.800,19841.094,31664.102
844.353,8.800,19841.094,31664.102
845.373,7.800,19841.094,31664.102
846.394,8.800,19841.094,31664.102
847.414,7.800,19841.094,31664.102
848.434,8.800,19841.094,31664.102
849.455,84.300,19841.094,31664.102
850.475,100.000,19841.094,31664.102
851.495,100.000,19841.094,31664.102
852.516,100.000,19841.094,31664.102
853.536,100.900,19841.094,31664.102
854.556,100.000,19775.652,31598.660
855.577,99.900,19775.652,31598.660
856.597,100.000,19775.652,31598.660
857.617,101.000,19775.652,31598.660
858.638,99.000,19775.652,31598.660
859.658,100.000,19775.652,31598.660
860.681,99.700,19775.652,31598.660
861.702,100.900,19775.652,31598.660
862.722,100.000,19775.652,31598.660
863.743,100.000,19775.652,31598.660
864.763,100.900,19775.652,31598.660
865.784,100.000,19775.652,31598.660
866.804,100.000,19775.652,31598.660
867.825,99.900,19775.652,31598.660
868.845,100.000,19775.652,31598.660
869.865,100.000,19775.652,31598.660
870.885,100.000,19775.652,31598.660
871.905,100.000,19775.652,31598.660
872.926,100.000,19775.652,31598.660
873.946,99.900,19775.652,31598.660
874.967,100.000,19775.652,31598.660
875.987,100.000,19775.652,31598.660
877.007,100.000,19775.652,31598.660
878.028,100.900,19775.652,31598.660
879.048,100.000,19775.652,31598.660
880.069,100.900,19775.652,31598.660
881.089,99.000,19775.652,31598.660
882.109,100.900,19775.652,31598.660
883.130,100.000,19775.652,31598.660
884.150,100.000,19775.652,31598.660
885.170,100.000,19775.652,31598.660
886.191,100.000,19775.652,31598.660
887.211,101.000,19775.652,31598.660
888.231,100.000,19775.652,31598.660
889.252,100.000,19775.652,31598.660
890.272,99.000,19775.652,31598.660
891.292,100.000,19775.652,31598.660
892.313,100.000,19775.652,31598.660
893.333,101.000,19775.652,31598.660
894.353,100.000,19775.652,31598.660
895.374,100.000,19775.652,31598.660
896.394,100.000,19775.652,31598.660
897.414,101.000,19775.652,31598.660
898.435,98.900,19775.652,31598.660
899.456,100.900,19775.652,31598.660
900.476,100.000,19775.652,31598.660
901.497,99.900,19775.652,31598.660
902.517,100.000,19775.652,31598.660
903.537,100.000,19775.652,31598.660
904.558,100.900,19925.641,31748.648
905.578,99.000,19925.641,31748.648
906.598,54.900,19925.641,31748.648
907.619,42.100,19925.641,31748.648
908.640,29.400,19925.641,31748.648
909.658,13.700,19925.641,31748.648
910.679,44.100,19925.641,31748.648
911.697,13.700,19925.641,31748.648
912.716,15.700,19925.641,31748.648
913.734,9.800,19925.641,31748.648
914.753,10.800,19925.641,31748.648
915.773,9.800,19925.641,31748.648
916.793,9.800,19925.641,31748.648
917.813,8.800,19925.641,31748.648
918.832,8.800,19925.641,31748.648
919.852,11.800,19925.641,31748.648
920.872,11.800,19925.641,31748.648
921.892,9.800,19925.641,31748.648
922.911,11.800,19925.641,31748.648
923.931,10.800,19925.641,31748.648
924.951,9.800,19925.641,31748.648
925.971,9.800,19925.641,31748.648
926.991,11.800,19925.641,31748.648
928.011,10.800,19925.641,31748.648
929.031,8.800,19925.641,31748.648
930.050,9.800,19925.641,31748.648
931.070,15.700,19925.641,31748.648
932.090,8.800,19925.641,31748.648
933.109,9.800,19925.641,31748.648
934.128,7.900,19925.641,31748.648
935.147,8.800,19925.641,31748.648
936.166,9.800,19925.641,31748.648
937.185,9.800,19925.641,31748.648
938.206,7.800,19925.641,31748.648
939.224,8.800,19925.641,31748.648
940.243,8.800,19925.641,31748.648
941.262,8.800,19925.641,31748.648
942.280,7.900,19925.641,31748.648
943.299,9.800,19925.641,31748.648
944.317,10.800,19925.641,31748.648
945.337,8.800,19925.641,31748.648
946.356,8.800,19925.641,31748.648
947.376,9.800,19925.641,31748.648
948.395,8.800,19925.641,31748.648
949.413,13.700,19925.641,31748.648
950.433,8.800,19925.641,31748.648
951.452,6.900,19925.641,31748.648
952.470,5.900,19925.641,31748.648
953.489,90.300,19925.641,31748.648
954.509,99.000,19925.641,31748.648
955.530,100.000,19925.641,31748.648
956.550,101.000,19925.641,31748.648
957.570,100.000,19925.641,31748.648
958.591,99.900,19875.645,31698.652
959.611,100.000,19875.645,31698.652
960.631,101.000,19875.645,31698.652
961.652,100.000,19875.645,31698.652
962.672,100.000,19875.645,31698.652
963.692,100.000,19875.645,31698.652
964.713,100.000,19875.645,31698.652
965.733,100.000,19875.645,31698.652
966.753,100.000,19875.645,31698.652
967.774,100.000,19875.645,31698.652
968.794,101.000,19875.645,31698.652
969.814,100.000,19875.645,31698.652
970.834,100.000,19875.645,31698.652
971.855,100.000,19875.645,31698.652
972.875,100.000,19875.645,31698.652
973.894,100.100,19875.645,31698.652
974.915,100.000,19875.645,31698.652
975.935,100.000,19744.762,31567.770
976.955,100.000,19744.762,31567.770
977.976,100.000,19744.762,31567.770
978.996,100.000,19744.762,31567.770
980.016,100.000,19744.762,31567.770
981.037,100.900,19744.762,31567.770
982.057,100.000,19744.762,31567.770
983.077,100.000,19744.762,31567.770
984.098,100.000,19744.762,31567.770
985.118,100.000,19744.762,31567.770
986.139,99.900,19744.762,31567.770
987.159,100.000,19744.762,31567.770
988.179,100.000,19744.762,31567.770
989.200,100.000,19744.762,31567.770
990.220,100.000,19744.762,31567.770
991.240,100.000,19744.762,31567.770
992.261,100.900,19744.762,31567.770
993.281,101.000,19744.762,31567.770
994.302,99.000,19744.762,31567.770
995.322,100.000,19744.762,31567.770
996.342,100.000,19744.762,31567.770
997.363,100.000,19744.762,31567.770
998.383,100.000,19744.762,31567.770
999.403,100.000,19744.762,31567.770
1000.424,100.900,19744.762,31567.770
1001.444,100.000,19744.762,31567.770
1002.465,99.900,19744.762,31567.770
1003.485,100.000,19744.762,31567.770
1004.506,100.900,19744.762,31567.770
1005.526,100.000,19744.762,31567.770
1006.546,99.000,19744.762,31567.770
1007.566,101.000,19838.297,31661.426
1008.587,75.500,19838.297,31661.426
1009.608,38.200,19838.297,31661.426
1010.629,20.600,19838.297,31661.426
1011.650,40.200,19838.297,31661.426
1012.670,22.500,19838.297,31661.426
1013.689,10.800,19838.297,31661.426
1014.707,9.800,19838.297,31661.426
1015.728,9.800,19838.297,31661.426
1016.747,8.800,19838.297,31661.426
1017.768,11.800,19838.297,31661.426
1018.789,8.800,19838.297,31661.426
1019.809,10.800,19838.297,31661.426
1020.829,10.800,19838.297,31661.426
1021.850,9.800,19838.297,31661.426
1022.870,9.800,19838.297,31661.426
1023.890,8.800,19838.297,31661.426
1024.909,8.800,19838.297,31661.426
1025.929,7.800,19838.297,31661.426
1026.949,16.700,19838.297,31661.426
1027.970,7.800,19838.297,31661.426
1028.990,8.800,19838.297,31661.426
1030.010,7.800,19838.297,31661.426
1031.031,9.800,19838.297,31661.426
1032.051,7.800,19838.297,31661.426
1033.071,9.800,19838.297,31661.426
1034.092,8.800,19838.297,31661.426
1035.112,8.800,19838.297,31661.426
1036.132,8.800,19838.297,31661.426
1037.153,8.800,19838.297,31661.426
1038.173,8.800,19838.297,31661.426
1039.194,8.800,19838.297,31661.426
1040.214,8.800,19838.297,31661.426
1041.235,10.800,19838.297,31661.426
1042.255,7.800,19838.297,31661.426
1043.275,5.900,19838.297,31661.426
1044.294,42.200,19838.297,31661.426
1045.314,100.000,19838.297,31661.426
1046.334,100.000,19838.297,31661.426
1047.354,100.000,19838.297,31661.426
1048.375,100.000,19838.297,31661.426
1049.395,100.000,19838.297,31661.426
1050.415,101.000,19838.297,31661.426
1051.436,100.000,19838.297,31661.426
1052.456,100.000,19838.297,31661.426
1053.476,100.000,19838.297,31661.426
1054.496,100.000,19838.297,31661.426
1055.517,100.000,19838.297,31661.426
1056.537,101.000,19838.297,31661.426
1057.557,100.000,19838.297,31661.426
1058.577,100.000,19838.297,31661.426
1059.597,99.000,19838.297,31661.426
1060.618,101.000,19838.297,31661.426
1061.638,100.000,19738.305,31561.434
1062.658,100.000,19738.305,31561.434
1063.679,100.000,19738.305,31561.434
1064.699,100.000,19738.305,31561.434
1065.719,100.000,19738.305,31561.434
1066.739,100.000,19738.305,31561.434
1067.759,101.000,19738.305,31561.434
1068.780,100.000,19738.305,31561.434
1069.800,100.000,19738.305,31561.434
1070.820,100.000,19738.305,31561.434
1071.840,100.000,19738.305,31561.434
1072.861,100.000,19738.305,31561.434
1073.881,100.000,19738.305,31561.434
1074.900,100.100,19738.305,31561.434
1075.920,100.000,19738.305,31561.434
1076.940,101.000,19738.305,31561.434
1077.961,100.000,19738.305,31561.434
1078.981,100.000,19738.305,31561.434
1080.002,100.000,19738.305,31561.434
1081.022,100.000,19738.305,31561.434
1082.042,100.000,19738.305,31561.434
1083.063,100.000,19738.305,31561.434
1084.083,100.000,19738.305,31561.434
1085.103,101.000,19738.305,31561.434
1086.123,100.000,19738.305,31561.434
1087.143,100.000,19738.305,31561.434
1088.164,100.000,19738.305,31561.434
1089.184,100.000,19738.305,31561.434
1090.204,100.000,19738.305,31561.434
1091.224,100.000,19738.305,31561.434
1092.245,100.000,19738.305,31561.434
1093.265,101.000,19738.305,31561.434
1094.285,100.000,19738.305,31561.434
1095.305,100.000,19738.305,31561.434
1096.326,99.000,19738.305,31561.434
1097.346,100.000,19738.305,31561.434
1098.366,101.000,19738.305,31561.434
1099.386,100.000,19738.305,31561.434
1100.407,100.000,19738.305,31561.434
1101.427,100.000,19738.305,31561.434
1102.447,100.000,19738.305,31561.434
1103.467,100.000,19738.305,31561.434
1104.488,101.000,19738.305,31561.434
1105.508,100.000,19738.305,31561.434
1106.528,100.000,19738.305,31561.434
1107.548,100.000,19738.305,31561.434
1108.569,100.000,19738.305,31561.434
1109.589,100.000,19738.305,31561.434
1110.609,100.000,19738.305,31561.434
1111.630,100.000,19738.305,31561.434
1112.650,101.000,19738.305,31561.434
1113.670,100.000,19738.305,31561.434
1114.690,99.000,19738.305,31561.434
1115.711,100.000,19738.305,31561.434
1116.731,100.900,19738.305,31561.434
1117.751,100.000,19738.305,31561.434
1118.771,100.000,19738.305,31561.434
1119.792,100.000,19738.305,31561.434
1120.812,100.000,19738.305,31561.434
1121.832,100.000,19738.305,31561.434
1122.852,101.000,19738.305,31561.434
1123.873,100.000,19738.305,31561.434
1124.892,99.100,19738.305,31561.434
1125.912,100.000,19841.102,31664.230
1126.932,88.200,19841.215,31664.230
1127.952,36.300,19841.215,31664.230
1128.973,44.100,19841.215,31664.230
1129.994,35.300,19841.215,31664.230
1131.014,9.800,19841.215,31664.230
1132.032,10.800,19841.215,31664.230
1133.050,10.800,19841.215,31664.230
1134.068,9.800,19841.215,31664.230
1135.086,10.800,19841.215,31664.230
1136.104,9.800,19841.215,31664.230
1137.123,8.800,19841.215,31664.230
1138.143,8.800,19841.215,31664.230
1139.164,17.600,19841.215,31664.230
1140.184,7.800,19841.215,31664.230
1141.204,8.800,19841.215,31664.230
1142.224,7.800,19841.215,31664.230
1143.244,9.800,19841.215,31664.230
1144.265,7.800,19841.215,31664.230
1145.285,8.800,19841.215,31664.230
1146.306,8.800,19841.215,31664.230
1147.326,7.800,19841.215,31664.230
1148.346,8.800,19841.215,31664.230
1149.366,8.800,19841.215,31664.230
1150.387,8.800,19841.215,31664.230
1151.407,9.800,19841.215,31664.230
1152.427,8.800,19841.215,31664.230
1153.447,7.800,19841.215,31664.230
1154.467,8.800,19841.215,31664.230
1155.487,8.800,19841.215,31664.230
1156.508,7.800,19841.215,31664.230
1157.528,14.700,19841.215,31664.230
1158.548,7.800,19841.215,31664.230
1159.568,7.800,19841.215,31664.230
1160.588,7.800,19841.215,31664.230
1161.609,10.800,19841.215,31664.230
1162.629,5.900,19841.215,31664.230
1163.647,4.900,19841.215,31664.230
1164.665,92.300,19841.215,31664.230
1165.683,100.200,19806.949,31629.965
1166.704,100.000,19806.949,31629.965
1167.724,100.000,19806.949,31629.965
1168.744,100.000,19806.949,31629.965
1169.764,100.000,19806.949,31629.965
1170.784,100.000,19806.949,31629.965
1171.805,100.000,19806.949,31629.965
1172.825,100.000,19806.949,31629.965
1173.845,100.900,19806.949,31629.965
1174.865,100.000,19806.949,31629.965
1175.885,100.100,19806.949,31629.965
1176.904,100.100,19806.949,31629.965
1177.924,100.000,19806.949,31629.965
1178.945,101.000,19806.949,31629.965
1179.965,100.000,19806.949,31629.965
1180.985,100.000,19806.949,31629.965
1182.005,100.000,19806.949,31629.965
1183.026,99.000,19806.949,31629.965
1184.046,100.900,19806.949,31629.965
1185.066,100.000,19806.949,31629.965
1186.086,99.000,19806.949,31629.965
1187.106,101.000,19806.949,31629.965
1188.127,100.000,19806.949,31629.965
1189.147,100.000,19806.949,31629.965
1190.167,100.000,19806.949,31629.965
1191.187,100.000,19806.949,31629.965
1192.207,100.000,19806.949,31629.965
1193.227,100.000,19806.949,31629.965
1194.248,100.000,19806.949,31629.965
1195.268,101.000,19806.949,31629.965
1196.288,100.000,19806.949,31629.965
1197.308,100.000,19806.949,31629.965
1198.329,100.900,19806.949,31629.965
1199.349,99.900,19806.949,31629.965
1200.370,100.000,19806.949,31629.965
1201.390,99.000,19806.949,31629.965
1202.410,101.000,19806.949,31629.965
1203.430,100.000,19806.949,31629.965
1204.451,100.000,19806.949,31629.965
1205.471,100.000,19806.949,31629.965
1206.491,100.000,19806.949,31629.965
1207.511,100.000,19806.949,31629.965
1208.532,100.000,19806.949,31629.965
1209.552,100.000,19806.949,31629.965
1210.572,101.000,19806.949,31629.965
1211.592,100.000,19806.949,31629.965
1212.612,100.000,19806.949,31629.965
1213.633,100.000,19806.949,31629.965
1214.653,100.000,19806.949,31629.965
1215.673,100.000,19806.949,31629.965
1216.694,100.000,19806.949,31629.965
1217.713,100.000,19806.949,31629.965
1218.734,100.000,19806.949,31629.965
1219.754,101.000,19806.949,31629.965
1220.774,99.000,19806.949,31629.965
1221.794,101.000,19806.949,31629.965
1222.815,100.000,19806.949,31629.965
1223.835,100.000,19806.949,31629.965
1224.855,100.000,19806.949,31629.965
1225.875,100.000,19806.949,31629.965
1226.894,100.100,19806.949,31629.965
1227.915,100.000,19806.949,31629.965
1228.935,100.000,19806.949,31629.965
1229.955,100.000,19806.949,31629.965
1230.975,100.000,19806.949,31629.965
1231.995,100.000,19806.949,31629.965
1233.016,101.000,19806.949,31629.965
1234.036,100.000,19806.949,31629.965
1235.056,100.000,19807.070,31629.965
1236.076,84.300,19807.070,31629.965
1237.096,39.200,19807.070,31629.965
1238.117,51.900,19807.070,31629.965
1239.138,25.500,19807.070,31629.965
1240.156,9.800,19807.070,31629.965
1241.174,9.800,19807.070,31629.965
1242.192,11.800,19807.070,31629.965
1243.210,9.800,19807.070,31629.965
1244.228,8.800,19807.070,31629.965
1245.246,10.800,19807.070,31629.965
1246.266,10.800,19807.070,31629.965
1247.286,10.800,19807.070,31629.965
1248.307,11.800,19807.070,31629.965
1249.327,10.800,19807.070,31629.965
1250.347,8.800,19807.070,31629.965
1251.366,10.800,19807.070,31629.965
1252.386,11.800,19807.070,31629.965
1253.406,10.800,19807.070,31629.965
1254.426,7.800,19807.070,31629.965
1255.445,15.700,19807.070,31629.965
1256.465,8.800,19807.070,31629.965
1257.484,8.800,19807.070,31629.965
1258.503,7.800,19807.070,31629.965
1259.521,9.800,19807.070,31629.965
1260.540,7.900,19807.070,31629.965
1261.558,8.800,19807.070,31629.965
1262.576,8.800,19807.070,31629.965
1263.595,8.800,19807.070,31629.965
1264.613,8.800,19807.070,31629.965
1265.631,7.900,19807.070,31629.965
1266.650,8.800,19807.070,31629.965
1267.669,10.800,19807.070,31629.965
1268.689,9.800,19807.070,31629.965
1269.707,6.900,19807.070,31629.965
1270.726,35.400,19807.070,31629.965
1271.744,100.200,19807.070,31629.965
1272.762,99.200,19807.070,31629.965
1273.782,101.000,19807.070,31629.965
1274.802,100.000,19807.070,31629.965
1275.822,101.000,19807.070,31629.965
1276.842,100.000,19807.070,31629.965
1277.862,99.000,19807.070,31629.965
1278.882,100.000,19807.070,31629.965
1279.901,101.100,19807.070,31629.965
1280.922,99.000,19807.070,31629.965
1281.942,100.000,19807.070,31629.965
1282.962,101.000,19807.070,31629.965
1283.982,100.000,19738.539,31561.434
1285.002,100.000,19738.539,31561.434
1286.023,99.900,19738.539,31561.434
1287.043,100.000,19738.539,31561.434
1288.064,101.000,19738.539,31561.434
1289.084,100.000,19738.539,31561.434
1290.104,99.000,19738.539,31561.434
1291.124,100.000,19738.539,31561.434
1292.144,101.000,19738.539,31561.434
1293.165,99.000,19738.539,31561.434
1294.185,101.000,19738.539,31561.434
1295.205,100.000,19738.539,31561.434
1296.225,100.000,19738.539,31561.434
1297.246,100.000,19738.539,31561.434
1298.266,100.000,19738.539,31561.434
1299.286,100.000,19738.539,31561.434
1300.306,100.000,19738.539,31561.434
1301.326,101.000,19738.539,31561.434
1302.347,100.000,19738.539,31561.434
1303.367,100.000,19738.539,31561.434
1304.387,100.000,19738.539,31561.434
1305.407,100.000,19738.539,31561.434
1306.428,100.000,19738.539,31561.434
1307.448,101.000,19738.539,31561.434
1308.468,99.000,19738.539,31561.434
1309.488,100.000,19738.539,31561.434
1310.508,101.000,19738.539,31561.434
1311.528,100.000,19738.539,31561.434
1312.549,100.000,19738.539,31561.434
1313.569,100.000,19738.539,31561.434
1314.589,100.000,19738.539,31561.434
1315.609,100.000,19738.539,31561.434
1316.629,100.000,19738.539,31561.434
1317.650,101.000,19738.539,31561.434
1318.670,99.000,19738.539,31561.434
1319.690,100.000,19738.539,31561.434
1320.711,101.000,19738.539,31561.434
1321.731,100.000,19738.539,31561.434
1322.751,100.000,19738.539,31561.434
1323.771,100.000,19738.539,31561.434
1324.791,100.000,19738.539,31561.434
1325.812,100.000,19738.539,31561.434
1326.832,100.000,19738.539,31561.434
1327.852,100.000,19738.539,31561.434
1328.872,100.000,19738.539,31561.434
1329.892,100.100,19738.539,31561.434
1330.912,101.000,19738.539,31561.434
1331.932,100.000,19738.539,31561.434
1332.953,99.900,19738.539,31561.434
1333.973,100.000,19738.539,31561.434
1334.993,100.000,19738.539,31561.434
1336.013,100.000,19738.781,31561.434
1337.033,98.000,19738.781,31561.434
1338.054,36.300,19738.781,31561.434
1339.074,41.200,19738.781,31561.434
1340.094,27.400,19738.781,31561.434
1341.115,10.800,19738.781,31561.434
1342.135,9.800,19738.781,31561.434
1343.154,7.800,19738.781,31561.434
1344.174,8.800,19738.781,31561.434
1345.192,8.800,19738.781,31561.434
1346.212,8.800,19738.781,31561.434
1347.233,8.800,19738.781,31561.434
1348.253,9.800,19738.781,31561.434
1349.273,10.800,19738.781,31561.434
1350.293,8.800,19738.781,31561.434
1351.313,15.700,19738.781,31561.434
1352.334,7.800,19738.781,31561.434
1353.354,8.800,19738.781,31561.434
1354.374,8.800,19738.781,31561.434
1355.394,8.800,19738.781,31561.434
1356.414,7.800,19738.781,31561.434
1357.435,7.800,19738.781,31561.434
1358.455,8.800,19738.781,31561.434
1359.475,7.800,19738.781,31561.434
1360.495,8.800,19738.781,31561.434
1361.515,9.800,19738.781,31561.434
1362.536,8.800,19738.781,31561.434
1363.556,8.800,19738.781,31561.434
1364.576,7.800,19738.781,31561.434
1365.596,9.800,19738.781,31561.434
1366.616,11.800,19738.781,31561.434
1367.636,4.900,19738.781,31561.434
1368.654,58.900,19738.781,31561.434
1369.675,99.900,19738.781,31561.434
1370.695,101.000,19738.781,31561.434
1371.715,99.000,19738.781,31561.434
1372.735,101.000,19738.781,31561.434
1373.756,100.000,19738.781,31561.434
1374.776,100.000,19738.781,31561.434
1375.796,100.000,19738.781,31561.434
1376.816,101.000,19738.781,31561.434
1377.836,100.000,19738.781,31561.434
1378.857,99.000,19738.781,31561.434
1379.877,100.900,19738.781,31561.434
1380.897,100.100,19738.781,31561.434
1381.917,100.000,19738.781,31561.434
1382.937,100.000,19738.781,31561.434
1383.957,100.000,19738.781,31561.434
1384.978,100.000,19738.781,31561.434
1385.998,100.000,19738.781,31561.434
1387.018,100.000,19738.781,31561.434
1388.038,100.900,19738.781,31561.434
1389.058,99.000,19738.781,31561.434
1390.079,100.000,19738.781,31561.434
1391.099,101.000,19738.781,31561.434
1392.119,100.000,19738.781,31561.434
1393.139,100.000,19738.781,31561.434
1394.159,100.000,19738.781,31561.434
1395.180,100.000,19738.781,31561.434
1396.200,100.000,19738.781,31561.434
1397.220,100.000,19738.781,31561.434
1398.240,101.000,19738.781,31561.434
1399.260,100.000,19738.781,31561.434
1400.281,100.000,19738.781,31561.434
1401.301,100.000,19738.781,31561.434
1402.321,100.000,19738.781,31561.434
1403.341,100.000,19738.781,31561.434
1404.362,101.000,19738.781,31561.434
1405.382,99.000,19738.781,31561.434
1406.402,100.000,19738.781,31561.434
1407.422,101.000,19738.781,31561.434
1408.442,100.000,19738.781,31561.434
1409.463,99.000,19738.781,31561.434
1410.483,101.000,19738.781,31561.434
1411.503,100.000,19738.781,31561.434
1412.523,100.000,19738.781,31561.434
1413.544,100.000,19738.781,31561.434
1414.564,100.000,19738.781,31561.434
1415.584,100.000,19738.781,31561.434
1416.604,101.000,19738.781,31561.434
1417.625,99.000,19738.781,31561.434
1418.645,100.000,19738.781,31561.434
1419.665,100.000,19738.781,31561.434
1420.685,100.900,19738.781,31561.434
1421.706,100.000,19738.781,31561.434
1422.726,100.000,19738.781,31561.434
1423.746,100.000,19738.781,31561.434
1424.766,100.000,19738.781,31561.434
1425.786,100.000,19738.781,31561.434
1426.807,101.000,19738.781,31561.434
1427.827,100.000,19738.781,31561.434
1428.847,100.000,19738.781,31561.434
1429.867,100.000,19738.781,31561.434
1430.886,100.100,19738.781,31561.434
1431.906,100.100,19738.781,31561.434
1432.926,100.000,19738.781,31561.434
1433.946,100.000,19738.781,31561.434
1434.967,100.900,19738.781,31561.434
1435.987,100.000,19738.781,31561.434
1437.007,100.000,19738.781,31561.434
1438.027,100.000,19738.781,31561.434
1439.048,100.000,19738.781,31561.434
1440.068,99.900,19738.781,31561.434
1441.088,99.000,19738.781,31561.434
1442.109,101.000,19738.781,31561.434
1443.129,100.000,19879.348,31702.000
1444.149,100.000,19879.348,31702.000
1445.169,45.100,19879.348,31702.000
1446.190,42.100,19879.348,31702.000
1447.210,46.100,19879.348,31702.000
1448.228,34.400,19879.348,31702.000
1449.246,11.800,19879.348,31702.000
1450.265,10.800,19879.348,31702.000
1451.283,9.800,19879.348,31702.000
1452.301,10.800,19879.348,31702.000
1453.319,10.800,19879.348,31702.000
1454.339,8.800,19879.348,31702.000
1455.359,11.800,19879.348,31702.000
1456.379,8.800,19879.348,31702.000
1457.399,9.800,19879.348,31702.000
1458.419,11.800,19879.348,31702.000
1459.439,10.800,19879.348,31702.000
1460.460,8.800,19879.348,31702.000
1461.480,9.800,19879.348,31702.000
1462.500,9.800,19879.348,31702.000
1463.520,8.800,19879.348,31702.000
1464.541,9.800,19879.348,31702.000
1465.561,9.800,19879.348,31702.000
1466.581,14.700,19879.348,31702.000
1467.601,7.800,19879.348,31702.000
1468.621,9.800,19879.348,31702.000
1469.641,8.800,19879.348,31702.000
1470.662,7.800,19879.348,31702.000
1471.682,7.800,19879.348,31702.000
1472.702,8.800,19879.348,31702.000
1473.722,7.800,19879.348,31702.000
1474.742,7.800,19879.348,31702.000
1475.763,8.800,19879.348,31702.000
1476.783,8.800,19879.348,31702.000
1477.803,7.800,19879.348,31702.000
1478.823,8.800,19879.348,31702.000
1479.843,7.800,19879.348,31702.000
1480.863,8.800,19879.348,31702.000
1481.883,9.800,19879.348,31702.000
1482.902,9.800,19879.348,31702.000
1483.922,7.800,19879.348,31702.000
1484.943,11.800,19879.348,31702.000
1485.963,10.800,19879.348,31702.000
1486.983,5.900,19879.348,31702.000
1488.001,44.200,19879.348,31702.000
1489.022,100.000,19832.492,31655.145
1490.042,99.000,19832.492,31655.145
1491.062,101.000,19832.492,31655.145
1492.082,100.000,19832.492,31655.145
1493.102,101.000,19832.492,31655.145
1494.122,99.000,19832.492,31655.145
1495.143,100.000,19832.492,31655.145
1496.163,101.000,19832.492,31655.145
1497.183,100.000,19832.492,31655.145
1498.203,100.000,19832.492,31655.145
1499.224,99.000,19832.492,31655.145
1500.244,100.900,19832.492,31655.145
1501.265,100.000,19832.492,31655.145
1502.285,100.000,19832.492,31655.145
1503.305,100.000,19832.492,31655.145
1504.325,100.900,19832.492,31655.145
1505.345,100.000,19832.492,31655.145
1506.366,100.000,19832.492,31655.145
1507.386,100.000,19832.492,31655.145
1508.406,100.000,19832.492,31655.145
1509.426,100.000,19832.492,31655.145
1510.447,100.000,19832.492,31655.145
1511.467,100.000,19832.492,31655.145
1512.487,100.000,19832.492,31655.145
1513.507,100.000,19832.492,31655.145
1514.528,100.000,19832.492,31655.145
1515.548,100.000,19832.492,31655.145
1516.568,101.000,19832.492,31655.145
1517.588,100.000,19832.492,31655.145
1518.608,100.000,19832.492,31655.145
1519.628,100.000,19832.492,31655.145
1520.649,100.000,19832.492,31655.145
1521.669,101.000,19832.492,31655.145
1522.689,100.000,19832.492,31655.145
1523.709,100.000,19832.492,31655.145
1524.729,100.000,19832.492,31655.145
1525.750,99.000,19832.492,31655.145
1526.770,101.000,19832.492,31655.145
1527.790,39.200,19832.492,31655.145
1528.811,39.200,19832.492,31655.145
1529.831,35.300,19832.492,31655.145
1530.851,9.800,19832.492,31655.145
1531.871,10.800,19832.492,31655.145
1532.890,9.800,19832.492,31655.145
1533.910,9.800,19832.492,31655.145
1534.929,7.800,19832.492,31655.145
1535.949,9.800,19832.492,31655.145
1536.967,11.800,19832.492,31655.145
1537.987,9.800,19832.492,31655.145
1539.007,8.800,19832.492,31655.145
1540.026,10.800,19832.492,31655.145
1541.046,8.800,19832.492,31655.145
1542.066,9.800,19832.492,31655.145
1543.087,10.800,19832.492,31655.145
1544.107,8.800,19832.492,31655.145
1545.127,7.800,19832.492,31655.145
1546.147,14.700,19832.492,31655.145
1547.167,7.800,19832.492,31655.145
1548.187,7.800,19832.492,31655.145
1549.208,8.800,19832.492,31655.145
1550.228,7.800,19832.492,31655.145
1551.248,8.800,19832.492,31655.145
1552.268,7.800,19832.492,31655.145
1553.289,8.800,19832.492,31655.145
1554.309,8.800,19832.492,31655.145
1555.329,7.800,19832.492,31655.145
1556.349,7.800,19832.492,31655.145
1557.369,9.800,19832.492,31655.145
1558.389,14.700,19832.492,31655.145
1559.410,99.900,19832.492,31655.145
1560.431,100.900,19832.492,31655.145
1561.451,99.000,19832.492,31655.145
1562.471,101.000,19832.492,31655.145
1563.491,100.000,19832.492,31655.145
1564.511,100.000,19832.492,31655.145
1565.532,100.000,19832.492,31655.145
1566.552,100.000,19832.492,31655.145
1567.572,101.000,19832.492,31655.145
1568.592,100.000,19832.492,31655.145
1569.612,100.000,19832.492,31655.145
1570.632,99.000,19832.492,31655.145
1571.653,101.000,19832.492,31655.145
1572.673,100.000,19832.492,31655.145
1573.693,100.000,19832.492,31655.145
1574.713,100.000,19832.492,31655.145
1575.733,100.000,19832.492,31655.145
1576.754,100.000,19832.492,31655.145
1577.774,100.000,19832.492,31655.145
1578.794,101.000,19832.492,31655.145
1579.814,100.000,19832.492,31655.145
1580.834,100.000,19832.492,31655.145
1581.854,100.000,19832.492,31655.145
1582.875,100.000,19832.492,31655.145
1583.894,100.100,19832.492,31655.145
1584.914,100.000,19832.492,31655.145
1585.934,100.000,19832.492,31655.145
1586.955,100.000,19738.781,31561.434
1587.975,100.000,19738.781,31561.434
1588.995,101.000,19738.781,31561.434
1590.015,99.000,19738.781,31561.434
1591.036,101.000,19738.781,31561.434
1592.056,100.000,19738.781,31561.434
1593.076,100.000,19738.781,31561.434
1594.096,100.000,19738.781,31561.434
1595.117,100.000,19738.781,31561.434
1596.137,100.000,19738.781,31561.434
1597.157,100.000,19738.781,31561.434
1598.177,100.000,19738.781,31561.434
1599.197,101.000,19738.781,31561.434
1600.217,100.000,19738.781,31561.434
1601.238,99.000,19838.449,31661.102
1602.258,101.000,19838.449,31661.102
1603.278,40.200,19838.453,31661.102
1604.298,33.300,19838.453,31661.102
1605.319,42.100,19838.453,31661.102
1606.339,11.800,19838.453,31661.102
1607.358,9.800,19838.453,31661.102
1608.376,9.800,19838.453,31661.102
1609.394,9.800,19838.453,31661.102
1610.414,10.800,19838.453,31661.102
1611.434,8.800,19838.453,31661.102
1612.454,8.800,19838.453,31661.102
1613.473,9.800,19838.453,31661.102
1614.492,16.700,19838.453,31661.102
1615.512,8.800,19838.453,31661.102
1616.532,10.800,19838.453,31661.102
1617.552,9.800,19838.453,31661.102
1618.571,8.800,19838.453,31661.102
1619.591,9.800,19838.453,31661.102
1620.610,7.800,19838.453,31661.102
1621.629,8.800,19838.453,31661.102
1622.648,10.800,19838.453,31661.102
1623.668,10.800,19838.453,31661.102
1624.688,7.800,19838.453,31661.102
1625.707,9.800,19838.453,31661.102
1626.726,8.800,19838.453,31661.102
1627.745,7.800,19838.453,31661.102
1628.764,9.800,19838.453,31661.102
1629.783,9.800,19838.453,31661.102
1630.803,8.800,19838.453,31661.102
1631.823,9.800,19838.453,31661.102
1632.843,8.800,19838.453,31661.102
1633.861,12.800,19838.453,31661.102
1634.881,8.800,19838.453,31661.102
1635.898,8.800,19838.453,31661.102
1636.916,10.800,19838.453,31661.102
1637.935,7.800,19838.453,31661.102
1638.954,6.900,19838.453,31661.102
1639.972,33.400,19838.453,31661.102
1640.990,101.100,19805.230,31627.879
1642.011,99.000,19805.234,31627.879
1643.031,101.000,19805.234,31627.879
1644.051,100.000,19805.234,31627.879
1645.071,100.000,19805.234,31627.879
1646.091,100.000,19805.234,31627.879
1647.112,100.000,19805.234,31627.879
1648.132,100.000,19805.234,31627.879
1649.152,100.000,19805.234,31627.879
1650.172,101.000,19805.234,31627.879
1651.193,100.000,19805.234,31627.879
1652.213,100.000,19805.234,31627.879
1653.233,100.000,19805.234,31627.879
1654.253,100.000,19805.234,31627.879
1655.273,100.000,19805.234,31627.879
1656.294,100.000,19805.234,31627.879
1657.314,100.000,19805.234,31627.879
1658.334,100.000,19805.234,31627.879
1659.354,100.000,19805.234,31627.879
1660.375,101.000,19805.234,31627.879
1661.395,99.000,19805.234,31627.879
1662.415,100.000,19805.234,31627.879
1663.435,101.000,19805.234,31627.879
1664.456,100.000,19805.234,31627.879
1665.476,100.000,19805.234,31627.879
1666.496,100.000,19805.234,31627.879
1667.516,100.000,19805.234,31627.879
1668.536,101.000,19805.234,31627.879
1669.557,99.000,19805.234,31627.879
1670.577,100.000,19805.234,31627.879
1671.597,100.000,19805.234,31627.879
1672.617,100.000,19805.234,31627.879
1673.638,100.900,19805.234,31627.879
1674.658,100.000,19805.234,31627.879
1675.678,100.000,19805.234,31627.879
1676.699,101.000,19805.234,31627.879
1677.719,99.000,19805.234,31627.879
1678.739,100.000,19805.234,31627.879
1679.759,100.900,19805.234,31627.879
1680.780,99.900,19805.234,31627.879
1681.800,99.000,19805.234,31627.879
1682.821,101.000,19805.234,31627.879
1683.841,100.000,19805.234,31627.879
1684.861,53.900,19805.672,31627.879
1685.881,37.300,19805.672,31627.879
1686.902,39.200,19805.672,31627.879
1687.922,9.800,19805.672,31627.879
1688.943,8.800,19805.672,31627.879
1689.961,9.800,19805.672,31627.879
1690.981,8.800,19805.672,31627.879
1692.001,8.800,19805.672,31627.879
1693.020,8.800,19805.672,31627.879
1694.040,10.800,19805.672,31627.879
1695.060,8.800,19805.672,31627.879
1696.081,9.800,19805.672,31627.879
1697.102,8.800,19805.672,31627.879
1698.122,9.800,19805.672,31627.879
1699.143,9.800,19805.672,31627.879
1700.163,16.700,19805.672,31627.879
1701.183,7.800,19805.672,31627.879
1702.204,8.800,19805.672,31627.879
1703.224,7.800,19805.672,31627.879
1704.244,8.800,19805.672,31627.879
1705.265,7.800,19805.672,31627.879
1706.285,7.800,19805.672,31627.879
1707.306,8.800,19805.672,31627.879
1708.326,7.800,19805.672,31627.879
1709.346,8.800,19805.672,31627.879
1710.367,7.800,19805.672,31627.879
1711.387,8.800,19805.672,31627.879
1712.408,8.800,19805.672,31627.879
1713.428,9.800,19805.672,31627.879
1714.448,7.800,19805.672,31627.879
1715.467,83.400,19805.672,31627.879
1716.488,99.900,19805.672,31627.879
1717.508,100.900,19805.672,31627.879
1718.529,99.900,19805.672,31627.879
1719.549,100.000,19805.672,31627.879
1720.569,100.900,19805.672,31627.879
1721.590,99.900,19805.672,31627.879
1722.610,99.000,19805.672,31627.879
1723.631,100.000,19805.672,31627.879
1724.651,100.000,19805.672,31627.879
1725.672,100.000,19805.672,31627.879
1726.692,100.900,19805.672,31627.879
1727.713,100.000,19805.672,31627.879
1728.733,100.000,19805.672,31627.879
1729.753,99.900,19805.672,31627.879
1730.774,99.900,19805.672,31627.879
1731.795,99.900,19805.672,31627.879
1732.815,100.900,19805.672,31627.879
1733.836,100.000,19805.672,31627.879
1734.856,99.900,19805.672,31627.879
1735.876,100.000,19805.672,31627.879
1736.896,100.000,19805.672,31627.879
1737.916,100.900,19805.672,31627.879
1738.937,99.900,19805.672,31627.879
1739.957,99.900,19805.672,31627.879
1740.979,99.900,19805.672,31627.879
1741.999,100.000,19805.672,31627.879
1743.020,99.900,19805.672,31627.879
1744.040,100.000,19805.672,31627.879
1745.061,100.900,19805.672,31627.879
1746.081,100.000,19805.672,31627.879
1747.102,99.900,19805.672,31627.879
1748.122,99.000,19805.672,31627.879
1749.143,100.900,19805.672,31627.879
1750.163,100.000,19805.672,31627.879
1751.184,99.900,19805.672,31627.879
1752.204,100.000,19805.672,31627.879
1753.225,99.900,19739.227,31561.434
1754.246,100.000,19739.227,31561.434
1755.266,99.900,19739.227,31561.434
1756.287,100.900,19739.227,31561.434
1757.307,100.000,19739.227,31561.434
1758.327,99.900,19739.227,31561.434
1759.348,99.900,19739.227,31561.434
1760.369,99.900,19739.227,31561.434
1761.389,100.900,19739.227,31561.434
1762.410,99.000,19739.227,31561.434
1763.430,100.900,19739.238,31561.434
1764.450,68.600,19739.457,31561.434
1765.471,49.000,19739.457,31561.434
1766.492,37.200,19739.457,31561.434
1767.511,15.700,19739.457,31561.434
1768.529,9.800,19739.457,31561.434
1769.547,9.800,19739.457,31561.434
1770.566,9.800,19739.457,31561.434
1771.584,11.800,19739.457,31561.434
1772.603,9.800,19739.457,31561.434
1773.621,9.800,19739.457,31561.434
1774.639,9.800,19739.457,31561.434
1775.658,8.800,19739.457,31561.434
1776.676,12.800,19739.457,31561.434
1777.695,11.800,19739.457,31561.434
1778.713,9.800,19739.457,31561.434
1779.731,11.800,19739.457,31561.434
1780.750,10.800,19739.457,31561.434
1781.768,11.800,19739.457,31561.434
1782.787,9.800,19739.457,31561.434
1783.805,11.800,19739.457,31561.434
1784.823,23.600,19739.457,31561.434
1785.842,9.800,19739.457,31561.434
1786.860,8.800,19739.457,31561.434
1787.878,10.800,19739.457,31561.434
1788.896,10.800,19739.457,31561.434
1789.916,9.800,19739.457,31561.434
1790.936,9.800,19739.457,31561.434
1791.956,9.800,19739.457,31561.434
1792.976,11.800,19739.457,31561.434
1793.997,11.800,19739.457,31561.434
1795.017,12.700,19739.457,31561.434
1796.038,26.500,19739.457,31561.434
1797.057,101.100,19739.457,31561.434
1798.075,100.200,19739.457,31561.434
1799.093,99.200,19739.457,31561.434
1800.114,100.900,19739.457,31561.434
1801.135,99.900,19739.457,31561.434
1802.156,99.900,19739.457,31561.434
1803.176,100.900,19739.457,31561.434
1804.197,99.900,19739.457,31561.434
1805.217,100.000,19739.457,31561.434
1806.238,99.000,19739.457,31561.434
1807.259,100.900,19739.457,31561.434
1808.279,100.000,19739.457,31561.434
1809.299,100.000,19739.457,31561.434
1810.320,100.900,19739.457,31561.434
1811.341,99.000,19739.457,31561.434
1812.361,100.900,19739.457,31561.434
1813.382,100.000,19739.457,31561.434
1814.402,100.000,19739.457,31561.434
1815.422,100.000,19739.457,31561.434
1816.443,99.900,19739.457,31561.434
1817.463,101.000,19739.457,31561.434
1818.484,99.000,19739.457,31561.434
1819.504,100.000,19739.457,31561.434
1820.524,100.000,19739.457,31561.434
1821.545,100.900,19739.457,31561.434
1822.566,99.900,19739.457,31561.434
1823.586,100.000,19739.457,31561.434
1824.607,99.900,19739.457,31561.434
1825.627,100.900,19739.457,31561.434
1826.648,99.000,19739.457,31561.434
1827.668,100.000,19739.457,31561.434
1828.689,100.900,19739.457,31561.434
1829.709,100.000,19739.457,31561.434
1830.730,99.900,19739.457,31561.434
1831.750,100.000,19739.457,31561.434
1832.771,99.900,19739.457,31561.434
1833.791,100.000,19739.457,31561.434
1834.812,100.900,19739.457,31561.434
1835.832,100.000,19739.457,31561.434
1836.853,99.900,19739.457,31561.434
1837.873,100.000,19739.457,31561.434
1838.892,100.100,19739.457,31561.434
1839.913,100.000,19739.457,31561.434
1840.933,100.900,19739.457,31561.434
1841.953,100.100,19739.457,31561.434
1842.973,99.000,19739.457,31561.434
1843.993,100.000,19739.457,31561.434
1845.014,100.900,19739.457,31561.434
1846.035,99.900,19739.457,31561.434
1847.055,100.000,19835.418,31657.516
1848.075,100.000,19835.418,31657.516
1849.096,51.900,19835.418,31657.516
1850.117,44.100,19835.418,31657.516
1851.138,39.200,19835.418,31657.516
1852.156,19.600,19835.418,31657.516
1853.174,9.800,19835.418,31657.516
1854.193,10.800,19835.418,31657.516
1855.211,9.800,19835.418,31657.516
1856.229,9.800,19835.418,31657.516
1857.248,9.800,19835.418,31657.516
1858.268,10.800,19835.418,31657.516
1859.289,8.800,19835.418,31657.516
1860.308,10.800,19835.418,31657.516
1861.329,21.500,19835.418,31657.516
1862.350,8.800,19835.418,31657.516
1863.369,8.800,19835.418,31657.516
1864.389,8.800,19835.418,31657.516
1865.408,8.800,19835.418,31657.516
1866.427,9.800,19835.418,31657.516
1867.447,8.800,19835.418,31657.516
1868.466,8.800,19835.418,31657.516
1869.485,10.800,19835.418,31657.516
1870.505,8.800,19835.418,31657.516
1871.525,9.800,19835.418,31657.516
1872.544,8.800,19835.418,31657.516
1873.564,9.800,19835.418,31657.516
1874.583,10.800,19835.418,31657.516
1875.603,8.800,19835.418,31657.516
1876.623,8.800,19835.418,31657.516
1877.644,9.800,19835.418,31657.516
1878.662,7.900,19835.418,31657.516
1879.681,13.700,19835.418,31657.516
1880.701,8.800,19835.418,31657.516
1881.720,9.800,19835.418,31657.516
1882.739,8.800,19835.418,31657.516
1883.758,7.900,19835.418,31657.516
1884.777,94.300,19835.418,31657.516
1885.795,100.100,19835.418,31657.516
1886.816,100.900,19835.418,31657.516
1887.836,100.000,19835.418,31657.516
1888.857,99.900,19835.418,31657.516
1889.877,100.000,19835.418,31657.516
1890.895,99.200,19835.418,31657.516
1891.916,100.900,19835.418,31657.516
1892.936,100.000,19835.418,31657.516
1893.957,100.000,19835.418,31657.516
1894.977,100.000,19835.418,31657.516
1895.997,100.900,19835.418,31657.516
1897.018,99.000,19835.418,31657.516
1898.039,100.900,19835.418,31657.516
1899.059,100.000,19835.418,31657.516
1900.079,100.000,19835.418,31657.516
1901.100,100.000,19835.418,31657.516
1902.120,100.900,19835.418,31657.516
1903.141,100.000,19835.418,31657.516
1904.161,100.000,19835.418,31657.516
1905.182,99.000,19835.418,31657.516
1906.202,100.900,19835.418,31657.516
1907.222,100.000,19835.418,31657.516
1908.243,99.900,19835.418,31657.516
1909.264,100.000,19835.418,31657.516
1910.284,100.000,19835.418,31657.516
1911.305,100.900,19835.418,31657.516
1912.325,100.000,19835.418,31657.516
1913.345,99.000,19835.418,31657.516
1914.366,100.000,19835.418,31657.516
1915.386,100.900,19835.418,31657.516
1916.407,99.900,19835.418,31657.516
1917.428,99.900,19835.418,31657.516
1918.448,100.900,19835.418,31657.516
1919.467,99.100,19835.418,31657.516
1920.488,100.000,19835.418,31657.516
1921.509,100.900,19835.418,31657.516
1922.530,99.900,19835.418,31657.516
1923.550,100.000,19835.418,31657.516
1924.571,100.900,19835.418,31657.516
1925.591,100.000,19835.418,31657.516
1926.612,99.900,19835.418,31657.516
1927.632,99.000,19835.418,31657.516
1928.653,99.900,19835.418,31657.516
1929.674,100.900,19835.418,31657.516
1930.694,100.000,19835.418,31657.516
1931.715,100.000,19835.418,31657.516
1932.735,100.000,19835.418,31657.516
1933.755,100.900,19835.418,31657.516
1934.776,99.900,19835.418,31657.516
1935.797,99.900,19835.539,31657.516
1936.817,89.200,19835.539,31657.516
1937.837,38.200,19835.539,31657.516
1938.858,40.200,19835.539,31657.516
1939.877,20.600,19835.539,31657.516
1940.898,9.800,19835.539,31657.516
1941.916,12.800,19835.539,31657.516
1942.934,10.800,19835.539,31657.516
1943.953,10.800,19835.539,31657.516
1944.971,8.800,19835.539,31657.516
1945.991,10.800,19835.539,31657.516
1947.012,11.800,19835.539,31657.516
1948.032,9.800,19835.539,31657.516
1949.052,9.800,19835.539,31657.516
1950.072,10.800,19835.539,31657.516
1951.093,9.800,19835.539,31657.516
1952.113,9.800,19835.539,31657.516
1953.133,7.800,19835.539,31657.516
1954.152,9.800,19835.539,31657.516
1955.172,8.800,19835.539,31657.516
1956.191,9.800,19835.539,31657.516
1957.211,9.800,19835.539,31657.516
1958.231,16.700,19835.539,31657.516
1959.251,7.800,19835.539,31657.516
1960.270,8.800,19835.539,31657.516
1961.289,7.900,19835.539,31657.516
1962.307,8.800,19835.539,31657.516
1963.326,8.800,19835.539,31657.516
1964.345,8.800,19835.539,31657.516
1965.364,7.900,19835.539,31657.516
1966.382,7.900,19835.539,31657.516
1967.401,9.800,19835.539,31657.516
1968.420,9.800,19835.539,31657.516
1969.439,7.900,19835.539,31657.516
1970.457,48.100,19835.539,31657.516
1971.477,100.000,19835.539,31657.516
1972.497,100.000,19835.539,31657.516
1973.518,100.000,19835.539,31657.516
1974.538,100.000,19835.539,31657.516
1975.558,100.900,19835.539,31657.516
1976.579,99.000,19835.539,31657.516
1977.599,101.000,19835.539,31657.516
1978.620,100.000,19835.539,31657.516
1979.640,99.900,19835.539,31657.516
1980.660,100.000,19835.539,31657.516
1981.681,99.900,19835.539,31657.516
1982.702,100.000,19835.539,31657.516
1983.722,100.000,19835.539,31657.516
1984.742,100.000,19835.539,31657.516
1985.763,100.900,19835.539,31657.516
1986.783,99.000,19835.539,31657.516
1987.803,100.900,19835.539,31657.516
1988.824,100.000,19835.539,31657.516
1989.844,100.000,19835.539,31657.516
1990.864,100.000,19835.539,31657.516
1991.884,100.100,19835.539,31657.516
1992.904,100.900,19835.539,31657.516
1993.924,99.000,19835.539,31657.516
1994.945,100.900,19835.539,31657.516
1995.965,99.000,19835.539,31657.516
1996.986,100.000,19835.539,31657.516
1998.006,100.000,19835.539,31657.516
1999.026,100.900,19835.539,31657.516
2000.047,100.000,19835.539,31657.516
2001.067,100.000,19835.539,31657.516
2002.087,100.000,19835.539,31657.516
2003.108,100.000,19835.539,31657.516
2004.128,100.900,19835.539,31657.516
2005.148,99.000,19835.539,31657.516
2006.169,100.900,19835.539,31657.516
2007.189,100.000,19835.539,31657.516
2008.210,99.900,19835.539,31657.516
2009.230,67.600,19835.539,31657.516
2010.251,20.600,19835.539,31657.516
2011.272,37.200,19835.539,31657.516
2012.293,44.100,19835.539,31657.516
2013.311,11.800,19835.539,31657.516
2014.329,9.800,19835.539,31657.516
2015.348,10.800,19835.539,31657.516
2016.366,9.800,19835.539,31657.516
2017.384,9.800,19835.539,31657.516
2018.402,9.800,19835.539,31657.516
2019.422,10.800,19835.539,31657.516
2020.442,10.800,19835.539,31657.516
2021.462,11.800,19835.539,31657.516
2022.483,11.800,19835.539,31657.516
2023.503,8.800,19835.539,31657.516
2024.522,8.800,19835.539,31657.516
2025.542,10.800,19835.539,31657.516
2026.562,9.800,19835.539,31657.516
2027.582,17.600,19835.539,31657.516
2028.603,9.800,19835.539,31657.516
2029.621,8.800,19835.539,31657.516
2030.640,7.900,19835.539,31657.516
2031.659,7.900,19835.539,31657.516
2032.678,9.800,19835.539,31657.516
2033.696,6.900,19835.539,31657.516
2034.714,8.800,19835.539,31657.516
2035.733,8.800,19835.539,31657.516
2036.751,7.900,19835.539,31657.516
2037.767,8.900,19835.539,31657.516
2038.787,6.900,19835.539,31657.516
2039.807,8.800,19835.539,31657.516
2040.828,8.800,19835.539,31657.516
2041.849,10.800,19835.539,31657.516
2042.869,10.800,19835.539,31657.516
2043.887,8.800,19835.539,31657.516
2044.907,80.400,19835.539,31657.516
2045.926,100.100,19835.539,31657.516
2046.946,100.000,19835.539,31657.516
2047.967,100.000,19835.539,31657.516
2048.987,100.000,19835.539,31657.516
2050.007,100.000,19835.539,31657.516
2051.028,100.900,19835.539,31657.516
2052.048,99.000,19835.539,31657.516
2053.068,100.900,19835.539,31657.516
2054.089,99.000,19835.539,31657.516
2055.109,100.900,19835.539,31657.516
2056.129,99.000,19835.539,31657.516
2057.149,101.000,19835.539,31657.516
2058.170,100.000,19835.539,31657.516
2059.190,100.000,19835.539,31657.516
2060.210,101.000,19835.539,31657.516
2061.231,99.000,19835.539,31657.516
2062.251,101.000,19835.539,31657.516
2063.271,100.000,19835.539,31657.516
2064.292,100.000,19835.539,31657.516
2065.312,100.000,19835.539,31657.516
2066.332,100.000,19835.539,31657.516
2067.353,100.000,19835.539,31657.516
2068.373,100.000,19835.539,31657.516
2069.394,100.000,19835.539,31657.516
2070.414,100.000,19835.539,31657.516
2071.434,100.000,19835.539,31657.516
2072.455,100.000,19835.539,31657.516
2073.475,100.000,19835.539,31657.516
2074.496,100.900,19835.539,31657.516
2075.516,100.000,19835.539,31657.516
2076.536,100.000,19835.539,31657.516
2077.557,100.000,19835.539,31657.516
2078.577,100.000,19835.539,31657.516
2079.597,100.900,19835.539,31657.516
2080.618,99.000,19835.539,31657.516
2081.638,100.900,19835.539,31657.516
2082.659,100.000,19835.539,31657.516
2083.679,100.000,19835.539,31657.516
2084.699,100.000,19835.539,31657.516
2085.720,100.900,19835.539,31657.516
2086.740,100.000,19835.539,31657.516
2087.760,99.000,19835.539,31657.516
2088.781,99.900,19835.539,31657.516
2089.801,100.000,19908.785,31730.762
2090.822,100.900,20055.277,31877.254
2091.842,100.000,20055.277,31877.254
2092.863,65.700,20078.488,31877.254
2093.884,13.700,20078.488,31877.254
2094.904,42.200,20078.676,31877.254
2095.925,38.200,20078.863,31877.254
2096.945,21.600,20078.863,31877.254
2097.963,27.500,20078.988,31877.254
2098.981,20.600,20078.988,31877.254
2100.000,11.800,20078.988,31877.254
2101.018,9.800,20078.988,31877.254
2102.038,8.800,20078.988,31877.254
2103.058,8.800,20078.988,31877.254
2104.078,20.600,20078.988,31877.254
2105.098,8.800,20078.988,31877.254
2106.117,8.800,20078.988,31877.254
2107.135,8.800,20078.988,31877.254
2108.154,8.800,20078.988,31877.254
2109.173,7.900,20078.988,31877.254
2110.192,8.800,20078.988,31877.254
2111.210,7.900,20078.988,31877.254
2112.229,7.900,20078.988,31877.254
2113.247,8.800,20078.988,31877.254
2114.266,8.800,20078.988,31877.254
2115.284,8.800,20078.988,31877.254
2116.302,8.800,20078.988,31877.254
2117.322,9.800,20078.988,31877.254
2118.342,8.800,20078.988,31877.254
2119.360,8.800,20078.988,31877.254
2120.379,8.800,20078.988,31877.254
2121.397,8.800,20078.988,31877.254
2122.417,11.800,20078.988,31877.254
2123.437,10.800,20078.988,31877.254
2124.456,8.800,20078.988,31877.254
2125.475,7.900,20078.988,31877.254
2126.493,8.800,20078.988,31877.254
2127.511,8.800,20078.988,31877.254
2128.530,7.900,20078.988,31877.254
2129.548,8.800,20078.988,31877.254
2130.566,7.900,20078.988,31877.254
2131.585,7.900,20078.988,31877.254
2132.603,9.800,20078.988,31877.254
2133.621,6.900,20078.988,31877.254
2134.640,10.800,20078.988,31877.254
2135.659,8.800,20078.988,31877.254
2136.679,8.800,20078.988,31877.254
2137.697,7.900,20078.988,31877.254
2138.716,8.800,20078.988,31877.254
2139.734,7.900,20078.988,31877.254
2140.752,9.800,20078.988,31877.254
2141.770,12.800,20078.988,31877.254
2142.791,7.800,20078.988,31877.254
2143.809,8.800,20078.988,31877.254
2144.827,7.900,20078.988,31877.254
2145.845,9.800,20078.988,31877.254
2146.864,8.800,20078.988,31877.254
2147.883,9.800,20078.988,31877.254
2148.901,4.900,20078.988,31877.254
2149.919,81.600,20078.988,31877.254
2150.937,100.200,20078.988,31877.254
2151.957,100.000,20078.988,31877.254
2152.977,100.000,20078.988,31877.254
2153.998,100.000,20078.988,31877.254
2155.018,100.000,20005.742,31804.008
2156.038,100.000,20005.742,31804.008
2157.059,99.900,20005.742,31804.008
2158.079,100.000,20005.742,31804.008
2159.100,100.900,20005.742,31804.008
2160.120,100.000,20005.742,31804.008
2161.141,100.000,20005.742,31804.008
2162.161,99.900,20005.742,31804.008
2163.182,100.000,20005.742,31804.008
2164.202,100.900,20005.742,31804.008
2165.223,99.000,20005.742,31804.008
2166.243,100.000,20005.742,31804.008
2167.263,100.000,20005.742,31804.008
2168.284,100.000,20005.742,31804.008
2169.304,100.900,20005.742,31804.008
2170.325,100.000,20005.742,31804.008
2171.345,100.000,20005.742,31804.008
2172.365,100.000,20005.742,31804.008
2173.385,100.900,20005.742,31804.008
2174.406,100.000,20005.742,31804.008
2175.426,100.000,20005.742,31804.008
2176.446,100.000,20005.742,31804.008
2177.467,100.000,20005.742,31804.008
2178.487,100.000,20005.742,31804.008
2179.508,99.900,20005.742,31804.008
2180.528,101.000,20005.742,31804.008
2181.548,100.000,20005.742,31804.008
2182.569,99.000,20005.742,31804.008
2183.589,100.000,20005.742,31804.008
2184.609,100.000,20005.742,31804.008
2185.630,100.000,20005.742,31804.008
2186.650,100.900,20005.742,31804.008
2187.670,100.000,20005.742,31804.008
2188.691,100.000,20005.742,31804.008
2189.711,100.000,20005.742,31804.008
2190.731,100.900,20005.742,31804.008
2191.752,100.000,20005.742,31804.008
2192.772,100.000,20005.742,31804.008
2193.792,100.000,20005.742,31804.008
2194.813,99.000,20005.742,31804.008
2195.833,100.900,20005.742,31804.008
2196.854,100.000,20005.742,31804.008
2197.874,100.000,20005.742,31804.008
2198.894,100.000,20005.742,31804.008
2199.914,100.100,20005.742,31804.008
2200.934,101.000,20005.742,31804.008
2201.954,100.000,20005.742,31804.008
2202.975,100.000,20005.742,31804.008
2203.995,99.000,20005.742,31804.008
2205.015,100.900,20005.742,31804.008
2206.036,100.000,20005.742,31804.008
2207.056,100.000,20005.742,31804.008
2208.077,100.000,20005.742,31804.008
2209.097,100.000,20005.742,31804.008
2210.117,100.900,20005.742,31804.008
2211.138,100.000,20005.742,31804.008
2212.158,100.000,20005.742,31804.008
2213.179,99.900,20147.727,31945.992
2214.199,98.000,20147.727,31945.992
2215.220,14.700,20147.727,31945.992
2216.241,36.200,20147.727,31945.992
2217.261,40.200,20147.727,31945.992
2218.282,39.200,20147.727,31945.992
2219.300,24.600,20100.398,31898.664
2220.318,9.800,20100.398,31898.664
2221.336,10.800,20100.398,31898.664
2222.355,9.800,20100.398,31898.664
2223.373,9.800,20100.398,31898.664
2224.391,11.800,20100.398,31898.664
2225.409,10.800,20100.398,31898.664
2226.429,9.800,20100.398,31898.664
2227.449,9.800,20100.398,31898.664
2228.469,8.800,20100.398,31898.664
2229.488,11.800,20100.398,31898.664
2230.508,10.800,20100.398,31898.664
2231.528,8.800,20100.398,31898.664
2232.548,10.800,20100.398,31898.664
2233.568,10.800,20100.398,31898.664
2234.588,8.800,20100.398,31898.664
2235.607,10.800,20100.398,31898.664
2236.627,8.800,20100.398,31898.664
2237.647,13.700,20100.398,31898.664
2238.667,9.800,20100.398,31898.664
2239.687,8.800,20100.398,31898.664
2240.705,9.800,20100.398,31898.664
2241.725,8.800,20100.398,31898.664
2242.745,9.800,20100.398,31898.664
2243.764,9.800,20100.398,31898.664
2244.784,7.800,20100.398,31898.664
2245.802,7.900,20100.398,31898.664
2246.821,8.800,20100.398,31898.664
2247.839,10.800,20100.398,31898.664
2248.859,7.800,20100.398,31898.664
2249.877,8.800,20100.398,31898.664
2250.896,7.900,20100.398,31898.664
2251.913,9.800,20100.398,31898.664
2252.933,8.800,20100.398,31898.664
2253.952,8.800,20100.398,31898.664
2254.970,9.800,20100.398,31898.664
2255.989,8.800,20100.398,31898.664
2257.009,12.700,20100.398,31898.664
2258.029,6.900,20100.398,31898.664
2259.047,43.200,20100.398,31898.664
2260.068,99.900,20100.398,31898.664
2261.088,100.000,20100.398,31898.664
2262.108,100.000,20100.398,31898.664
2263.129,100.900,20100.398,31898.664
2264.149,100.000,20100.398,31898.664
2265.170,100.000,20100.398,31898.664
2266.190,99.000,20100.398,31898.664
2267.210,101.000,20100.398,31898.664
2268.230,100.000,20100.398,31898.664
2269.251,100.000,20100.398,31898.664
2270.271,100.000,20100.398,31898.664
2271.292,100.000,20100.398,31898.664
2272.312,100.000,20100.398,31898.664
2273.332,100.900,20100.398,31898.664
2274.353,99.000,20100.398,31898.664
2275.373,100.000,20100.398,31898.664
2276.394,100.900,20100.398,31898.664
2277.414,100.000,20100.398,31898.664
2278.435,100.000,20100.398,31898.664
2279.455,100.900,20100.398,31898.664
2280.475,100.000,20100.398,31898.664
2281.496,99.900,20100.398,31898.664
2282.517,99.900,20100.398,31898.664
2283.537,100.000,20100.398,31898.664
2284.557,100.000,20100.398,31898.664
2285.578,100.000,20100.398,31898.664
2286.598,99.900,20100.398,31898.664
2287.619,100.000,20100.398,31898.664
2288.639,100.000,20100.398,31898.664
2289.660,100.000,20100.398,31898.664
2290.680,100.900,20100.398,31898.664
2291.701,99.000,19953.906,31752.172
2292.721,100.900,19953.906,31752.172
2293.742,99.900,19953.906,31752.172
2294.762,100.000,19953.906,31752.172
2295.782,100.900,19953.906,31752.172
2296.803,99.000,19953.906,31752.172
2297.823,100.000,19953.906,31752.172
2298.843,100.900,19953.906,31752.172
2299.864,99.900,19953.906,31752.172
2300.884,100.000,19953.906,31752.172
2301.904,100.000,19953.906,31752.172
2302.923,100.100,19953.906,31752.172
2303.944,99.900,19953.906,31752.172
2304.964,100.000,19953.906,31752.172
2305.985,101.000,19953.906,31752.172
2307.005,100.000,19953.906,31752.172
2308.026,100.000,19953.906,31752.172
2309.046,100.000,19953.906,31752.172
2310.066,100.000,19953.906,31752.172
2311.087,99.000,19953.906,31752.172
2312.107,100.900,19953.906,31752.172
2313.128,100.000,19953.906,31752.172
2314.148,100.000,19953.906,31752.172
2315.168,100.000,19953.906,31752.172
2316.189,100.900,20669.395,32487.660
2317.210,99.900,22853.461,34796.605
2318.230,99.900,25095.074,37567.836
2319.251,100.000,27486.504,40114.824
2320.271,100.000,22331.531,34537.336
2321.292,100.000,24615.738,36792.375
2322.312,99.000,25093.109,36891.734
2323.332,99.900,26045.328,37844.016
2324.352,101.100,26485.352,38284.133
2325.370,99.200,26485.352,38284.133
2326.388,100.200,26485.582,38284.133
2327.407,100.100,23731.152,35529.703
2328.425,100.200,24113.316,35911.875
2329.443,100.200,24113.316,35911.875
2330.461,100.200,24396.000,36194.594
2331.480,100.200,24510.234,36335.953
2332.498,99.200,24396.199,36194.594
2333.518,100.000,24433.758,36194.594
2334.538,100.000,23911.117,35670.559
