Elapsed_time,CPU,Real_MB,Virtual_MB
0.000,0.000,30.441,8413.711
1.012,101.800,81.242,8382.488
2.028,87.600,120.613,8486.059
3.047,93.200,135.070,8505.500
4.067,97.100,227.363,8601.145
5.087,96.100,349.723,8727.918
6.102,97.600,360.426,8740.465
7.116,98.600,397.953,8777.320
8.138,81.200,451.828,8833.723
9.155,97.300,500.070,8882.082
10.173,99.300,500.070,8882.082
11.192,100.100,519.336,8901.410
12.203,99.900,519.363,8901.410
13.220,99.300,519.363,8901.410
14.239,100.200,519.363,8901.410
15.258,99.100,519.363,8901.410
16.269,100.900,519.363,8901.410
17.286,99.300,519.363,8901.410
18.304,100.200,597.230,11299.801
19.324,100.000,710.785,11339.801
20.344,100.000,715.684,11463.801
21.365,100.000,727.285,11757.801
22.385,101.000,746.879,12264.801
23.404,100.100,781.207,13142.801
24.424,99.000,817.035,14058.801
25.445,100.000,902.355,16242.801
26.465,1016.700,6390.773,22036.555
27.485,710.700,4827.781,14846.910
28.505,100.000,6071.656,16090.910
29.526,100.900,7335.969,17355.910
30.546,99.000,8589.969,18609.910
31.566,99.000,9112.418,19158.910
32.593,100.400,10144.219,20038.156
33.613,101.000,10978.520,21179.215
34.633,99.000,12729.434,22541.199
35.653,101.000,14287.090,24048.602
36.674,100.000,11894.262,21640.527
37.694,100.000,13499.051,23254.734
38.714,100.000,11554.363,21300.617
39.734,100.000,13248.246,23018.031
40.755,86.200,14329.867,24075.930
41.777,65.500,14329.867,24075.926
42.797,58.900,10598.492,28730.707
43.830,17.400,10584.520,20348.312
44.851,64.700,10670.188,20430.543
45.870,9.800,10669.391,20430.543
46.903,0.000,10669.035,20430.543
47.920,0.000,10668.012,20430.543
48.941,0.000,10667.434,20430.543
49.955,0.000,10667.242,20430.543
50.975,0.000,10667.027,20430.543
51.998,10.800,10666.172,20430.543
53.018,10.800,10666.148,20430.543
54.045,0.000,10666.148,20430.543
55.070,0.000,10666.148,20430.543
56.082,0.000,10666.148,20430.543
57.106,0.000,10666.148,20430.543
58.128,0.000,10666.148,20430.543
59.153,0.000,10666.148,20430.543
60.168,11.800,10666.148,20430.543
61.185,24.600,10666.176,20430.543
62.203,18.700,10666.176,20430.543
63.221,42.200,10666.500,20430.543
64.240,28.500,10666.359,20430.543
65.271,0.000,10666.152,20430.543
66.293,0.000,10666.152,20430.543
67.304,0.000,10666.152,20430.543
68.331,0.000,10666.152,20430.543
69.346,0.000,10666.152,20430.543
70.360,0.000,10666.152,20430.543
71.377,12.800,10666.152,20430.543
72.397,12.800,10666.148,20430.543
73.424,0.000,10666.148,20430.543
74.442,0.000,10666.148,20430.543
75.463,0.000,10666.148,20430.543
76.483,0.000,10666.148,20430.543
77.504,0.000,10666.148,20430.543
78.526,4.900,10666.148,20430.543
79.543,9.800,10666.148,20430.543
80.563,54.900,10720.648,20484.980
81.588,45.900,10720.648,20484.980
82.609,51.900,10720.648,20484.980
83.629,38.200,10720.891,20484.980
84.650,31.400,10720.891,20484.980
85.682,18.400,10797.156,20562.246
86.711,68.000,10677.457,20441.512
87.732,22.500,10677.457,20441.512
88.753,30.400,10677.457,20441.512
89.774,23.500,10677.457,20441.512
90.794,37.200,10677.457,20441.512
91.815,22.500,10677.457,20441.512
92.835,17.600,10677.457,20441.512
93.858,24.500,10677.457,20441.512
94.878,11.800,10677.457,20441.512
95.899,56.800,10767.426,20531.965
96.922,44.000,10767.426,20531.965
97.943,53.900,10767.426,20531.965
98.963,31.400,10767.426,20531.965
99.984,41.100,10767.426,20531.965
101.011,6.800,10767.426,20531.965
102.032,91.100,10917.535,20681.953
103.052,38.200,10917.617,20681.953
104.074,31.300,10917.656,20681.953
105.094,25.500,10917.656,20681.953
106.115,45.000,10917.656,20681.953
107.136,41.100,10767.668,20531.965
108.157,20.600,10801.691,20566.230
109.190,72.600,10870.465,20634.762
110.212,42.100,10870.465,20634.762
111.232,29.400,10870.465,20634.762
112.254,48.900,10870.465,20634.762
113.275,36.200,10870.465,20634.762
114.302,17.500,10870.465,20634.762
115.323,73.400,10970.711,20735.371
116.344,24.500,10970.711,20735.371
117.364,50.000,10970.711,20735.371
118.384,40.200,10970.711,20735.371
119.404,40.200,10970.711,20735.371
120.429,10.700,10970.711,20735.371
121.450,81.300,10914.898,20679.430
122.467,39.300,10914.898,20679.430
123.489,48.900,10914.898,20679.430
124.511,46.000,10914.898,20679.430
125.532,38.200,10914.898,20679.430
126.553,17.600,10914.898,20679.430
127.574,72.500,11019.414,20784.430
128.595,29.400,11019.414,20784.430
129.615,53.900,11019.414,20784.430
130.636,36.300,11019.414,20784.430
131.657,20.600,11019.414,20784.430
132.677,22.500,11019.414,20784.430
133.698,52.900,11019.535,20784.430
134.722,42.000,11019.535,20784.430
135.743,52.900,11019.535,20784.430
136.764,42.100,11019.535,20784.430
137.785,41.100,11019.656,20784.430
138.812,30.200,11019.656,20784.430
139.834,59.700,11019.656,20784.430
140.855,48.000,11019.656,20784.430
141.875,49.000,11019.656,20784.430
142.896,37.200,11019.656,20784.430
143.917,21.500,11083.930,20865.934
144.947,73.800,11127.855,20893.102
145.968,30.400,11127.855,20893.102
146.989,50.900,11127.855,20893.102
148.010,25.500,11127.855,20893.102
149.031,37.200,11127.855,20893.102
150.059,17.500,11127.859,20893.102
151.080,75.400,11042.621,20807.613
152.101,47.000,11042.621,20807.613
153.122,51.000,11042.621,20807.613
154.142,38.200,11042.621,20807.613
155.167,30.200,11042.621,20807.613
156.189,55.800,11125.043,20890.090
157.209,100.000,11125.043,20890.090
158.230,44.100,11125.082,20890.090
159.251,28.400,11125.082,20890.090
160.277,25.300,11125.082,20890.090
161.298,5.900,11125.082,20890.090
162.310,24.700,11125.082,20890.090
163.329,14.700,11125.082,20890.090
164.351,8.800,11125.082,20890.090
165.371,8.800,11125.082,20890.090
166.392,9.800,11125.082,20890.090
167.413,8.800,11125.082,20890.090
168.425,8.900,11125.082,20890.090
169.445,7.800,11125.082,20890.090
170.466,5.900,11125.082,20890.090
171.486,7.800,11125.082,20890.090
172.506,8.800,11125.082,20890.090
173.526,8.800,11125.082,20890.090
174.547,7.800,11125.082,20890.090
175.567,7.800,11125.082,20890.090
176.587,7.800,11125.082,20890.090
177.607,7.800,11125.082,20890.090
178.628,8.800,11125.082,20890.090
179.648,10.800,11125.082,20890.090
180.668,7.800,11125.082,20890.090
181.689,7.800,11125.082,20890.090
182.709,7.800,11125.082,20890.090
183.729,7.800,11125.082,20890.090
184.749,7.800,11125.082,20890.090
185.770,8.800,11125.082,20890.090
186.790,7.800,11125.082,20890.090
187.810,7.800,11125.082,20890.090
188.830,7.800,11125.082,20890.090
189.851,8.800,11125.082,20890.090
190.871,7.800,11125.082,20890.090
191.892,7.800,11125.082,20890.090
192.913,7.800,11125.082,20890.090
193.933,8.800,11125.082,20890.090
194.953,5.900,11125.082,20890.090
195.974,7.800,11125.082,20890.090
196.994,5.900,11125.082,20890.090
198.015,66.600,11125.102,20890.090
199.034,100.000,11125.102,20890.090
200.052,100.200,11125.102,20890.090
201.070,100.200,11125.102,20890.090
202.089,100.100,11125.102,20890.090
203.107,99.200,11125.102,20890.090
204.126,100.200,11125.102,20890.090
205.144,100.200,11125.102,20890.090
206.155,100.900,11125.102,20890.090
207.173,99.200,11125.102,20890.090
208.191,100.200,11125.102,20890.090
209.209,100.200,11125.102,20890.090
210.228,101.200,11125.102,20890.090
211.246,100.200,11125.102,20890.090
212.264,99.200,11125.102,20890.090
213.283,100.200,11125.102,20890.090
214.301,100.200,11125.102,20890.090
215.319,100.200,11125.102,20890.090
216.337,100.200,11125.102,20890.090
217.356,99.200,11125.102,20890.090
218.374,101.200,11125.102,20890.090
219.388,99.600,11125.102,20890.090
220.406,99.300,11125.102,20890.090
221.424,101.100,11125.102,20890.090
222.442,100.200,11125.102,20890.090
223.460,99.200,11125.102,20890.090
224.479,100.200,11125.102,20890.090
225.497,100.200,11125.102,20890.090
226.515,101.100,11125.102,20890.090
227.534,99.200,11125.102,20890.090
228.552,100.200,11125.102,20890.090
229.570,100.200,11125.102,20890.090
230.589,100.200,11125.102,20890.090
231.607,100.200,11125.102,20890.090
232.625,100.200,11125.102,20890.090
233.644,100.200,11125.102,20890.090
234.662,100.200,11125.102,20890.090
235.680,99.200,11125.102,20890.090
236.698,101.200,11125.102,20890.090
237.717,99.200,11125.102,20890.090
238.735,100.200,11125.102,20890.090
239.753,100.200,11125.117,20890.090
240.771,100.200,11125.117,20890.090
241.790,100.200,11125.117,20890.090
242.808,100.200,11125.117,20890.090
243.826,100.200,11125.117,20890.090
244.844,99.200,11125.117,20890.090
245.862,100.300,11125.117,20890.090
246.881,100.100,11125.117,20890.090
247.899,100.100,11125.117,20890.090
248.917,101.200,11125.117,20890.090
249.936,100.100,11125.117,20890.090
250.954,99.200,11125.117,20890.090
251.973,100.200,11125.117,20890.090
252.992,100.100,11125.117,20890.090
254.010,100.200,11125.117,20890.090
255.028,100.200,11125.117,20890.090
256.047,99.200,11125.359,20890.090
257.065,101.100,11125.359,20890.090
258.084,48.100,11125.359,20890.090
259.098,45.300,11125.359,20890.090
260.124,22.400,11125.359,20890.090
261.146,7.800,11125.359,20890.090
262.168,10.800,11125.359,20890.090
263.189,10.800,11125.359,20890.090
264.211,8.800,11125.359,20890.090
265.232,10.800,11125.359,20890.090
266.252,8.800,11125.359,20890.090
267.273,9.800,11125.359,20890.090
268.293,8.800,11125.359,20890.090
269.314,10.800,11125.359,20890.090
270.334,14.700,11125.359,20890.090
271.354,8.800,11125.359,20890.090
272.374,7.800,11125.359,20890.090
273.394,8.800,11125.359,20890.090
274.413,7.800,11125.359,20890.090
275.433,9.800,11125.359,20890.090
276.454,8.800,11125.359,20890.090
277.475,9.800,11125.359,20890.090
278.495,6.900,11125.359,20890.090
279.516,8.800,11125.359,20890.090
280.536,8.800,11125.359,20890.090
281.557,8.800,11125.359,20890.090
282.577,8.800,11125.359,20890.090
283.597,43.100,11125.359,20890.090
284.618,99.900,11125.359,20890.090
285.636,100.200,11125.359,20890.090
286.654,100.200,11125.359,20890.090
287.672,100.200,11125.359,20890.090
288.690,99.200,11125.359,20890.090
289.708,100.200,11125.359,20890.090
290.726,100.200,11125.359,20890.090
291.744,100.200,11125.359,20890.090
292.763,100.100,11125.359,20890.090
293.781,100.200,11125.359,20890.090
294.799,99.200,11125.359,20890.090
295.817,101.200,11125.359,20890.090
296.835,100.200,11125.359,20890.090
297.853,99.200,11125.359,20890.090
298.871,100.200,11125.359,20890.090
299.889,101.200,11125.359,20890.090
300.907,99.200,11125.359,20890.090
301.926,100.200,11125.359,20890.090
302.944,100.200,11125.359,20890.090
303.962,100.200,11125.359,20890.090
304.979,100.200,11125.359,20890.090
305.998,99.200,11125.359,20890.090
307.016,100.200,11125.359,20890.090
308.034,100.200,11125.359,20890.090
309.052,100.200,11125.359,20890.090
310.070,100.200,11125.359,20890.090
311.088,100.200,11125.359,20890.090
312.106,100.200,11125.359,20890.090
313.124,100.200,11125.359,20890.090
314.142,100.200,11125.359,20890.090
315.160,100.200,11125.359,20890.090
316.178,100.200,11125.359,20890.090
317.196,99.200,11125.359,20890.090
318.214,100.200,11125.359,20890.090
319.232,100.200,11125.359,20890.090
320.250,100.200,11241.258,21005.988
321.269,100.100,11241.258,21005.988
322.287,80.500,11241.258,21005.988
323.305,9.800,11241.258,21005.988
324.323,43.200,11241.258,21005.988
325.343,20.600,11241.258,21005.988
326.369,40.000,11241.258,21005.988
327.390,20.600,11241.258,21005.988
328.411,9.800,11241.258,21005.988
329.423,9.900,11241.258,21005.988
330.443,10.800,11241.258,21005.988
331.464,9.800,11241.258,21005.988
332.484,8.800,11241.258,21005.988
333.505,8.800,11241.258,21005.988
334.525,10.800,11241.258,21005.988
335.546,15.700,11241.258,21005.988
336.566,9.800,11241.258,21005.988
337.587,7.800,11241.258,21005.988
338.607,10.800,11241.258,21005.988
339.628,7.800,11241.258,21005.988
340.648,8.800,11241.258,21005.988
341.669,10.800,11241.258,21005.988
342.689,10.800,11241.258,21005.988
343.710,7.800,11241.258,21005.988
344.730,8.800,11241.258,21005.988
345.751,9.800,11241.258,21005.988
346.771,7.800,11241.258,21005.988
347.792,9.800,11241.258,21005.988
348.812,9.800,11241.258,21005.988
349.833,7.800,11241.258,21005.988
350.854,9.800,11241.258,21005.988
351.874,8.800,11241.258,21005.988
352.895,8.800,11241.258,21005.988
353.915,13.700,11241.258,21005.988
354.935,7.800,11241.258,21005.988
355.956,8.800,11241.258,21005.988
356.976,8.800,11241.258,21005.988
357.997,9.800,11241.258,21005.988
359.017,7.800,11241.258,21005.988
360.038,8.800,11241.258,21005.988
361.059,8.800,11241.258,21005.988
362.079,9.800,11241.258,21005.988
363.099,5.900,11241.258,21005.988
364.117,5.900,11241.258,21005.988
365.136,6.900,11241.258,21005.988
366.154,100.200,11241.258,21005.988
367.172,100.200,11202.625,20967.355
368.190,100.200,11202.625,20967.355
369.208,100.200,11202.625,20967.355
370.226,99.200,11202.625,20967.355
371.244,100.200,11202.625,20967.355
372.262,101.200,11202.625,20967.355
373.281,99.200,11202.625,20967.355
374.299,100.200,11202.625,20967.355
375.317,100.200,11202.625,20967.355
376.335,100.200,11202.625,20967.355
377.353,100.200,11202.625,20967.355
378.371,100.200,11202.625,20967.355
379.388,99.300,11202.625,20967.355
380.405,100.300,11202.625,20967.355
381.423,100.200,11202.625,20967.355
382.441,100.200,11202.625,20967.355
383.459,100.200,11202.625,20967.355
384.478,100.200,11202.625,20967.355
385.496,100.200,11202.625,20967.355
386.514,100.200,11202.625,20967.355
387.532,100.200,11202.625,20967.355
388.550,99.200,11202.625,20967.355
389.568,100.200,11202.625,20967.355
390.586,100.200,11202.625,20967.355
391.604,100.200,11202.625,20967.355
392.623,100.200,11202.625,20967.355
393.641,100.200,11202.625,20967.355
394.659,100.200,11202.625,20967.355
395.677,99.200,11202.625,20967.355
396.695,101.200,11202.625,20967.355
397.713,99.200,11202.625,20967.355
398.731,100.200,11202.625,20967.355
399.749,100.200,11202.625,20967.355
400.767,100.200,11202.625,20967.355
401.786,100.200,11202.625,20967.355
402.804,100.200,11202.625,20967.355
403.822,100.200,11202.625,20967.355
404.840,100.200,11202.625,20967.355
405.858,100.200,11202.625,20967.355
406.876,100.200,11202.625,20967.355
407.894,99.200,11202.625,20967.355
408.912,100.200,11202.625,20967.355
409.931,100.200,11202.625,20967.355
410.949,100.200,11202.625,20967.355
411.967,101.200,11202.625,20967.355
412.985,99.200,11202.625,20967.355
414.003,100.200,11202.625,20967.355
415.021,100.200,11202.625,20967.355
416.039,100.200,11202.625,20967.355
417.058,100.200,11202.625,20967.355
418.076,100.200,11202.625,20967.355
419.094,100.200,11202.625,20967.355
420.112,99.200,11202.625,20967.355
421.130,100.200,11202.625,20967.355
422.148,100.200,11202.625,20967.355
423.166,100.200,11202.625,20967.355
424.184,99.200,11202.625,20967.355
425.203,101.100,11202.625,20967.355
426.221,100.200,11202.625,20967.355
427.239,100.200,11202.625,20967.355
428.257,100.200,11202.625,20967.355
429.275,99.200,11202.625,20967.355
430.293,100.200,11202.625,20967.355
431.312,101.200,11202.625,20967.355
432.330,99.200,11202.625,20967.355
433.348,100.200,11202.625,20967.355
434.366,99.200,11202.625,20967.355
435.384,101.200,11202.625,20967.355
436.401,100.300,11202.625,20967.355
437.419,99.200,11202.625,20967.355
438.437,100.200,11202.625,20967.355
439.455,101.200,11202.625,20967.355
440.473,99.200,11202.625,20967.355
441.492,100.200,11202.746,20967.355
442.510,58.000,11202.746,20967.355
443.528,48.100,11202.746,20967.355
444.549,39.200,11202.746,20967.355
445.569,12.700,11202.746,20967.355
446.590,8.800,11202.746,20967.355
447.610,9.800,11202.746,20967.355
448.631,8.800,11202.746,20967.355
449.651,7.800,11202.746,20967.355
450.672,8.800,11202.746,20967.355
451.692,8.800,11202.746,20967.355
452.713,9.800,11202.746,20967.355
453.733,8.800,11202.746,20967.355
454.754,8.800,11202.746,20967.355
455.774,8.800,11202.746,20967.355
456.795,8.800,11202.746,20967.355
457.815,8.800,11202.746,20967.355
458.836,8.800,11202.746,20967.355
459.856,9.800,11202.746,20967.355
460.877,9.800,11202.746,20967.355
461.897,7.800,11202.746,20967.355
462.917,8.800,11202.746,20967.355
463.938,13.700,11202.746,20967.355
464.959,9.800,11202.746,20967.355
465.979,7.800,11202.746,20967.355
467.000,8.800,11202.746,20967.355
468.020,8.800,11202.746,20967.355
469.041,8.800,11202.746,20967.355
470.061,10.800,11202.746,20967.355
471.082,25.500,11202.746,20967.355
472.103,99.900,11202.746,20967.355
473.123,100.000,11202.746,20967.355
474.144,100.000,11202.746,20967.355
475.162,100.200,11202.746,20967.355
476.180,100.200,11202.746,20967.355
477.198,99.200,11202.746,20967.355
478.216,101.200,11202.746,20967.355
479.234,99.200,11202.746,20967.355
480.253,101.200,11202.746,20967.355
481.271,99.200,11202.746,20967.355
482.289,100.200,11202.746,20967.355
483.307,100.200,11202.746,20967.355
484.325,100.200,11202.746,20967.355
485.344,100.100,11202.746,20967.355
486.362,100.200,11202.746,20967.355
487.380,100.200,11202.746,20967.355
488.397,99.400,11202.746,20967.355
489.415,100.200,11202.746,20967.355
490.433,101.200,11202.746,20967.355
491.451,99.200,11202.746,20967.355
492.469,100.200,11202.746,20967.355
493.487,100.200,11202.746,20967.355
494.505,99.200,11202.746,20967.355
495.524,101.200,11202.746,20967.355
496.542,100.200,11202.746,20967.355
497.560,99.200,11202.746,20967.355
498.578,101.200,11202.746,20967.355
499.596,99.200,11202.746,20967.355
500.614,100.200,11202.746,20967.355
501.632,100.200,11202.746,20967.355
502.650,100.200,11202.746,20967.355
503.668,100.200,11202.746,20967.355
504.687,99.200,11202.746,20967.355
505.705,101.200,11202.746,20967.355
506.723,100.200,11202.746,20967.355
507.741,99.200,11202.746,20967.355
508.759,101.200,11202.746,20967.355
509.777,100.200,11202.746,20967.355
510.795,99.200,11202.746,20967.355
511.813,100.200,11202.746,20967.355
512.832,100.200,11202.746,20967.355
513.850,99.200,11202.746,20967.355
514.868,101.200,11125.480,20890.090
515.886,100.200,11125.480,20890.090
516.904,99.200,11125.480,20890.090
517.922,100.200,11125.480,20890.090
518.940,100.200,11125.480,20890.090
519.959,100.200,11125.480,20890.090
520.977,100.200,11125.480,20890.090
521.995,100.200,11125.480,20890.090
523.013,100.200,11125.480,20890.090
524.031,100.200,11125.480,20890.090
525.049,99.200,11125.480,20890.090
526.068,100.200,11125.480,20890.090
527.086,101.200,11125.480,20890.090
528.104,100.200,11125.480,20890.090
529.122,99.200,11275.469,21040.078
530.140,99.200,11275.469,21040.078
531.158,40.300,11275.469,21040.078
532.186,40.900,11275.469,21040.078
533.214,37.900,11275.469,21040.078
534.236,28.400,11275.469,21040.078
535.257,8.800,11275.469,21040.078
536.269,8.900,11275.469,21040.078
537.290,9.800,11275.469,21040.078
538.310,9.800,11275.469,21040.078
539.331,10.800,11275.469,21040.078
540.352,8.800,11275.469,21040.078
541.372,9.800,11275.469,21040.078
542.392,10.800,11275.469,21040.078
543.411,8.800,11275.469,21040.078
544.432,7.800,11275.469,21040.078
545.453,8.800,11275.469,21040.078
546.474,9.800,11275.469,21040.078
547.495,15.700,11275.469,21040.078
548.515,9.800,11275.469,21040.078
549.536,8.800,11275.469,21040.078
550.556,8.800,11275.469,21040.078
551.577,7.800,11275.469,21040.078
552.598,7.800,11275.469,21040.078
553.618,8.800,11275.469,21040.078
554.639,8.800,11275.469,21040.078
555.659,7.800,11275.469,21040.078
556.680,8.800,11275.469,21040.078
557.700,7.800,11275.469,21040.078
558.721,8.800,11275.469,21040.078
559.741,8.800,11275.469,21040.078
560.762,8.800,11275.469,21040.078
561.783,8.800,11275.469,21040.078
562.803,7.800,11275.469,21040.078
563.824,9.800,11275.469,21040.078
564.844,8.800,11275.469,21040.078
565.865,7.800,11275.469,21040.078
566.885,12.700,11275.469,21040.078
567.906,7.800,11275.469,21040.078
568.926,9.800,11275.469,21040.078
569.947,7.800,11275.469,21040.078
570.968,7.800,11275.469,21040.078
571.988,9.800,11275.469,21040.078
573.009,8.800,11275.469,21040.078
574.029,5.900,11275.469,21040.078
575.050,9.800,11275.469,21040.078
576.071,7.800,11275.469,21040.078
577.091,7.800,11275.469,21040.078
578.112,10.800,11275.469,21040.078
579.133,7.800,11275.469,21040.078
580.153,55.800,11275.469,21040.078
581.174,99.900,11225.473,20990.082
582.195,98.900,11225.473,20990.082
583.213,101.200,11225.473,20990.082
584.231,100.200,11225.473,20990.082
585.249,99.200,11225.473,20990.082
586.267,100.200,11225.473,20990.082
587.286,100.200,11225.473,20990.082
588.304,100.200,11225.473,20990.082
589.322,100.200,11225.473,20990.082
590.340,100.200,11225.473,20990.082
591.358,100.200,11225.473,20990.082
592.376,100.200,11225.473,20990.082
593.393,100.300,11225.473,20990.082
594.410,99.300,11225.473,20990.082
595.428,101.200,11225.473,20990.082
596.447,99.200,11225.473,20990.082
597.465,100.200,11225.473,20990.082
598.483,100.200,11225.473,20990.082
599.501,100.200,11225.473,20990.082
600.519,100.200,11225.473,20990.082
601.537,99.200,11225.473,20990.082
602.555,100.200,11225.473,20990.082
603.574,101.200,11225.473,20990.082
604.592,99.200,11225.473,20990.082
605.611,100.100,11225.473,20990.082
606.629,100.200,11225.473,20990.082
607.647,100.200,11225.473,20990.082
608.665,100.200,11225.473,20990.082
609.683,100.200,11225.473,20990.082
610.701,99.200,11225.473,20990.082
611.719,101.200,11225.473,20990.082
612.738,100.200,11225.473,20990.082
613.756,100.200,11225.473,20990.082
614.774,99.200,11225.473,20990.082
615.792,100.200,11225.473,20990.082
616.810,101.200,11225.473,20990.082
617.828,100.200,11225.473,20990.082
618.847,99.200,11225.473,20990.082
619.865,100.200,11225.473,20990.082
620.883,100.200,11225.473,20990.082
621.901,100.200,11225.473,20990.082
622.919,100.200,11225.473,20990.082
623.937,99.200,11225.473,20990.082
624.955,100.200,11225.473,20990.082
625.973,101.200,11225.473,20990.082
626.991,100.200,11225.473,20990.082
628.010,99.200,11225.473,20990.082
629.028,100.200,11225.473,20990.082
630.046,100.200,11225.473,20990.082
631.064,100.200,11225.473,20990.082
632.082,99.200,11225.473,20990.082
633.100,100.200,11328.270,21092.879
634.118,97.200,11328.270,21092.879
635.136,42.200,11328.270,21092.879
636.162,35.100,11328.270,21092.879
637.183,22.500,11328.270,21092.879
638.210,20.500,11328.270,21092.879
639.230,15.700,11328.270,21092.879
640.251,9.800,11328.270,21092.879
641.272,8.800,11328.270,21092.879
642.293,9.800,11328.270,21092.879
643.305,9.900,11328.270,21092.879
644.326,9.800,11328.270,21092.879
645.346,9.800,11328.270,21092.879
646.367,9.800,11328.270,21092.879
647.387,7.800,11328.270,21092.879
648.405,9.800,11328.270,21092.879
649.425,10.800,11328.270,21092.879
650.446,9.800,11328.270,21092.879
651.466,8.800,11328.270,21092.879
652.487,8.800,11328.270,21092.879
653.508,9.800,11328.270,21092.879
654.528,7.800,11328.270,21092.879
655.549,8.800,11328.270,21092.879
656.569,13.700,11328.270,21092.879
657.590,8.800,11328.270,21092.879
658.611,8.800,11328.270,21092.879
659.631,7.800,11328.270,21092.879
660.651,9.800,11328.270,21092.879
661.672,6.900,11328.270,21092.879
662.692,8.800,11328.270,21092.879
663.713,9.800,11328.270,21092.879
664.734,8.800,11328.270,21092.879
665.755,7.800,11328.270,21092.879
666.776,9.800,11328.270,21092.879
667.796,9.800,11328.270,21092.879
668.816,6.900,11328.270,21092.879
669.837,4.900,11328.270,21092.879
670.857,5.900,11328.270,21092.879
671.878,90.200,11328.270,21092.879
672.898,100.000,11328.270,21092.879
673.916,100.200,11328.270,21092.879
674.934,100.200,11328.270,21092.879
675.952,100.200,11294.004,21058.613
676.970,100.200,11294.004,21058.613
677.988,100.200,11294.004,21058.613
679.007,100.200,11294.004,21058.613
680.025,100.200,11294.004,21058.613
681.043,100.200,11294.004,21058.613
682.061,99.200,11294.004,21058.613
683.079,100.200,11294.004,21058.613
684.097,100.200,11294.004,21058.613
685.115,101.200,11294.004,21058.613
686.133,99.200,11294.004,21058.613
687.151,100.200,11294.004,21058.613
688.170,100.200,11294.004,21058.613
689.188,100.200,11294.004,21058.613
690.206,100.200,11294.004,21058.613
691.224,100.200,11294.004,21058.613
692.242,99.200,11294.004,21058.613
693.260,100.200,11294.004,21058.613
694.278,100.200,11294.004,21058.613
695.296,100.200,11294.004,21058.613
696.314,100.200,11294.004,21058.613
697.332,100.200,11294.004,21058.613
698.351,100.200,11294.004,21058.613
699.369,100.200,11294.004,21058.613
700.386,99.300,11294.004,21058.613
701.403,100.300,11194.012,20958.621
702.421,100.200,11194.012,20958.621
703.439,100.200,11194.012,20958.621
704.457,100.200,11194.012,20958.621
705.476,100.200,11194.012,20958.621
706.494,100.200,11194.012,20958.621
707.512,99.200,11194.012,20958.621
708.530,100.200,11194.012,20958.621
709.548,100.200,11194.012,20958.621
710.566,100.200,11194.012,20958.621
711.584,100.200,11194.012,20958.621
712.602,100.200,11194.012,20958.621
713.620,100.200,11194.012,20958.621
714.639,100.200,11194.012,20958.621
715.657,100.200,11194.012,20958.621
716.675,100.200,11194.012,20958.621
717.693,99.200,11194.012,20958.621
718.711,101.200,11194.012,20958.621
719.729,100.200,11194.012,20958.621
720.747,99.200,11194.012,20958.621
721.765,100.200,11194.012,20958.621
722.784,100.200,11194.012,20958.621
723.802,100.200,11194.012,20958.621
724.820,99.200,11194.012,20958.621
725.838,101.100,11194.012,20958.621
726.857,99.200,11194.012,20958.621
727.875,100.200,11194.012,20958.621
728.893,101.200,11194.012,20958.621
729.911,100.200,11194.012,20958.621
730.929,99.200,11194.012,20958.621
731.947,100.200,11194.012,20958.621
732.965,100.200,11194.012,20958.621
733.983,100.200,11194.012,20958.621
735.002,99.200,11194.012,20958.621
736.020,101.200,11194.012,20958.621
737.038,100.200,11194.012,20958.621
738.056,100.200,11194.012,20958.621
739.074,100.200,11194.012,20958.621
740.092,99.200,11194.137,20958.621
741.110,78.600,11194.137,20958.621
742.129,42.200,11194.137,20958.621
743.150,44.100,11194.137,20958.621
744.176,25.300,11194.137,20958.621
745.197,9.800,11194.137,20958.621
746.217,8.800,11194.137,20958.621
747.237,9.800,11194.137,20958.621
748.258,19.600,11194.137,20958.621
749.278,8.800,11194.137,20958.621
750.299,7.800,11194.137,20958.621
751.319,9.800,11194.137,20958.621
752.339,9.800,11194.137,20958.621
753.360,9.800,11194.137,20958.621
754.380,8.800,11194.137,20958.621
755.399,9.800,11194.137,20958.621
756.420,9.800,11194.137,20958.621
757.440,9.800,11194.137,20958.621
758.461,7.800,11194.137,20958.621
759.481,8.800,11194.137,20958.621
760.502,9.800,11194.137,20958.621
761.522,8.800,11194.137,20958.621
762.543,8.800,11194.137,20958.621
763.563,8.800,11194.137,20958.621
764.584,8.800,11194.137,20958.621
765.604,8.800,11194.137,20958.621
766.624,12.700,11194.137,20958.621
767.645,8.800,11194.137,20958.621
768.665,6.900,11194.137,20958.621
769.686,10.800,11194.137,20958.621
770.706,9.800,11194.137,20958.621
771.727,30.400,11194.137,20958.621
772.747,100.900,11194.137,20958.621
773.768,99.000,11194.137,20958.621
774.788,100.000,11194.137,20958.621
775.806,101.200,11194.137,20958.621
776.825,100.200,11194.137,20958.621
777.843,99.200,11194.137,20958.621
778.861,101.200,11194.137,20958.621
779.879,99.200,11194.137,20958.621
780.897,100.200,11194.137,20958.621
781.915,100.200,11194.137,20958.621
782.933,100.200,11125.605,20890.090
783.951,100.200,11125.605,20890.090
784.970,99.200,11125.605,20890.090
785.988,101.100,11125.605,20890.090
787.006,99.200,11125.605,20890.090
788.025,100.200,11125.605,20890.090
789.043,100.200,11125.605,20890.090
790.061,100.200,11125.605,20890.090
791.079,100.200,11125.605,20890.090
792.097,100.200,11125.605,20890.090
793.115,100.200,11125.605,20890.090
794.134,100.200,11125.605,20890.090
795.152,100.200,11125.605,20890.090
796.170,100.200,11125.605,20890.090
797.188,100.200,11125.605,20890.090
798.206,99.200,11125.605,20890.090
799.224,100.200,11125.605,20890.090
800.243,100.200,11125.605,20890.090
801.261,100.200,11125.605,20890.090
802.279,100.200,11125.605,20890.090
803.297,100.200,11125.605,20890.090
804.315,99.200,11125.605,20890.090
805.333,101.200,11125.605,20890.090
806.351,99.200,11125.605,20890.090
807.369,101.200,11125.605,20890.090
808.387,99.300,11125.605,20890.090
809.404,100.300,11125.605,20890.090
810.422,100.200,11125.605,20890.090
811.440,100.200,11125.605,20890.090
812.459,100.200,11125.605,20890.090
813.477,100.200,11125.605,20890.090
814.495,100.200,11125.605,20890.090
815.513,99.200,11125.605,20890.090
816.531,100.200,11125.605,20890.090
817.549,101.200,11125.605,20890.090
818.568,99.200,11125.605,20890.090
819.586,100.200,11125.605,20890.090
820.604,100.200,11125.605,20890.090
821.622,100.200,11125.605,20890.090
822.640,100.200,11125.605,20890.090
823.658,100.200,11125.605,20890.090
824.676,100.200,11125.605,20890.090
825.695,100.200,11125.605,20890.090
826.713,100.200,11125.605,20890.090
827.731,99.200,11125.605,20890.090
828.749,100.200,11125.605,20890.090
829.767,100.200,11125.605,20890.090
830.785,100.200,11125.605,20890.090
831.803,100.200,11125.605,20890.090
832.821,100.200,11125.605,20890.090
833.840,100.200,11125.605,20890.090
834.858,100.200,11125.605,20890.090
835.876,99.200,11125.605,20890.090
836.894,100.200,11125.605,20890.090
837.912,101.200,11125.605,20890.090
838.930,99.200,11125.605,20890.090
839.948,100.200,11125.605,20890.090
840.967,100.200,11125.605,20890.090
841.985,100.200,11125.605,20890.090
843.003,100.200,11125.605,20890.090
844.021,100.200,11125.605,20890.090
845.039,100.200,11125.605,20890.090
846.058,100.100,11266.172,21030.656
847.076,95.300,11282.137,21030.656
848.094,40.300,11282.137,21030.656
849.120,41.000,11282.137,21030.656
850.141,40.200,11282.137,21030.656
851.161,17.600,11282.137,21030.656
852.182,10.800,11282.137,21030.656
853.202,8.800,11282.137,21030.656
854.223,9.800,11282.137,21030.656
855.244,11.800,11282.137,21030.656
856.264,8.800,11282.137,21030.656
857.285,7.800,11282.137,21030.656
858.305,9.800,11282.137,21030.656
859.326,9.800,11282.137,21030.656
860.347,8.800,11282.137,21030.656
861.367,8.800,11282.137,21030.656
862.387,8.800,11282.137,21030.656
863.407,8.800,11282.137,21030.656
864.428,9.800,11282.137,21030.656
865.448,8.800,11282.137,21030.656
866.469,7.800,11282.137,21030.656
867.490,9.800,11282.137,21030.656
868.510,13.700,11282.137,21030.656
869.531,7.800,11282.137,21030.656
870.552,7.800,11282.137,21030.656
871.572,8.800,11282.137,21030.656
872.593,7.800,11282.137,21030.656
873.613,8.800,11282.137,21030.656
874.634,8.800,11282.137,21030.656
875.655,7.800,11282.137,21030.656
876.675,8.800,11282.137,21030.656
877.696,8.800,11282.137,21030.656
878.717,8.800,11282.137,21030.656
879.738,7.800,11282.137,21030.656
880.758,8.800,11282.137,21030.656
881.779,8.800,11282.137,21030.656
882.799,7.800,11282.137,21030.656
883.820,8.800,11282.137,21030.656
884.840,8.800,11282.137,21030.656
885.861,7.800,11282.137,21030.656
886.882,9.800,11282.137,21030.656
887.902,10.800,11282.137,21030.656
888.923,7.800,11282.137,21030.656
889.943,9.800,11282.137,21030.656
890.964,85.300,11235.281,20983.801
891.984,100.000,11235.281,20983.801
893.005,101.000,11235.281,20983.801
894.023,100.200,11235.281,20983.801
895.041,99.200,11235.281,20983.801
896.059,100.200,11235.281,20983.801
897.077,100.200,11235.281,20983.801
898.095,100.200,11235.281,20983.801
899.113,100.200,11235.281,20983.801
900.132,100.200,11235.281,20983.801
901.150,100.200,11235.281,20983.801
902.168,100.200,11235.281,20983.801
903.186,100.200,11235.281,20983.801
904.204,100.200,11235.281,20983.801
905.222,99.200,11235.281,20983.801
906.241,100.100,11235.281,20983.801
907.259,100.200,11235.281,20983.801
908.277,100.200,11235.281,20983.801
909.295,100.200,11235.281,20983.801
910.313,99.200,11235.281,20983.801
911.331,101.200,11235.281,20983.801
912.350,100.200,11235.281,20983.801
913.368,100.200,11235.281,20983.801
914.385,100.200,11235.281,20983.801
915.402,99.300,11235.281,20983.801
916.421,100.200,11235.281,20983.801
917.439,100.200,11235.281,20983.801
918.457,100.200,11235.281,20983.801
919.475,99.200,11235.281,20983.801
920.493,100.200,11235.281,20983.801
921.511,101.200,11235.281,20983.801
922.529,100.200,11235.281,20983.801
923.547,100.200,11235.281,20983.801
924.565,99.200,11235.281,20983.801
925.584,101.200,11235.281,20983.801
926.602,99.200,11235.281,20983.801
927.620,100.200,11235.402,20983.801
928.638,100.200,11235.410,20983.801
929.656,47.100,11235.410,20983.801
930.679,33.200,11235.410,20983.801
931.700,44.100,11235.410,20983.801
932.720,9.800,11235.410,20983.801
933.741,8.800,11235.410,20983.801
934.761,9.800,11235.410,20983.801
935.781,9.800,11235.410,20983.801
936.802,9.800,11235.410,20983.801
937.822,16.700,11235.410,20983.801
938.843,8.800,11235.410,20983.801
939.863,8.800,11235.410,20983.801
940.884,8.800,11235.410,20983.801
941.904,9.800,11235.410,20983.801
942.925,8.800,11235.410,20983.801
943.946,8.800,11235.410,20983.801
944.966,8.800,11235.410,20983.801
945.987,8.800,11235.410,20983.801
947.007,8.800,11235.410,20983.801
948.028,9.800,11235.410,20983.801
949.048,8.800,11235.410,20983.801
950.069,9.800,11235.410,20983.801
951.088,8.800,11235.410,20983.801
952.109,8.800,11235.410,20983.801
953.129,8.800,11235.410,20983.801
954.150,7.800,11235.410,20983.801
955.169,8.800,11235.410,20983.801
956.189,8.800,11235.410,20983.801
957.210,13.700,11235.410,20983.801
958.230,9.800,11235.410,20983.801
959.251,80.400,11235.410,20983.801
960.271,100.000,11235.410,20983.801
961.292,100.900,11235.410,20983.801
962.311,100.100,11235.410,20983.801
963.329,99.200,11235.410,20983.801
964.347,100.200,11235.410,20983.801
965.366,100.100,11235.410,20983.801
966.384,100.100,11235.410,20983.801
967.401,100.300,11235.410,20983.801
968.420,100.200,11235.410,20983.801
969.438,99.200,11235.410,20983.801
970.457,101.100,11235.410,20983.801
971.475,100.200,11235.410,20983.801
972.493,99.200,11235.410,20983.801
973.512,101.100,11235.410,20983.801
974.529,99.300,11235.410,20983.801
975.548,100.200,11235.410,20983.801
976.566,100.200,11235.410,20983.801
977.584,100.200,11235.410,20983.801
978.603,99.200,11235.410,20983.801
979.621,101.100,11235.410,20983.801
980.639,100.100,11235.410,20983.801
981.658,99.200,11235.410,20983.801
982.676,100.200,11235.410,20983.801
983.695,101.100,11235.410,20983.801
984.713,99.200,11235.410,20983.801
985.731,101.100,11235.410,20983.801
986.749,100.200,11235.410,20983.801
987.768,99.200,11235.410,20983.801
988.786,100.200,11235.410,20983.801
989.805,100.200,11235.410,20983.801
990.823,100.200,11235.410,20983.801
991.841,100.200,11235.410,20983.801
992.860,100.200,11235.410,20983.801
993.878,100.200,11235.410,20983.801
994.896,100.200,11235.410,20983.801
995.915,99.200,11235.410,20983.801
996.933,101.100,11235.410,20983.801
997.952,100.200,11235.410,20983.801
998.970,99.200,11235.410,20983.801
999.988,100.200,11235.410,20983.801
1001.007,100.200,11235.410,20983.801
1002.025,63.800,11235.410,20983.801
1003.049,43.000,11235.410,20983.801
1004.070,45.100,11235.410,20983.801
1005.090,8.800,11235.410,20983.801
1006.111,9.800,11235.410,20983.801
1007.132,11.800,11235.410,20983.801
1008.152,10.800,11235.410,20983.801
1009.173,12.700,11235.410,20983.801
1010.193,10.800,11235.410,20983.801
1011.214,12.700,11235.410,20983.801
1012.234,10.800,11235.410,20983.801
1013.255,11.800,11235.410,20983.801
1014.275,10.800,11235.410,20983.801
1015.296,10.800,11235.410,20983.801
1016.316,9.800,11235.410,20983.801
1017.337,11.800,11235.410,20983.801
1018.357,10.800,11235.410,20983.801
1019.377,7.800,11235.410,20983.801
1020.397,11.800,11235.410,20983.801
1021.417,10.800,11235.410,20983.801
1022.438,8.800,11235.410,20983.801
1023.458,17.600,11235.410,20983.801
1024.479,10.800,11235.410,20983.801
1025.499,8.800,11235.410,20983.801
1026.520,10.800,11235.410,20983.801
1027.541,11.800,11235.410,20983.801
1028.561,11.800,11235.410,20983.801
1029.582,12.700,11235.410,20983.801
1030.602,10.800,11235.410,20983.801
1031.622,29.400,11235.410,20983.801
1032.643,99.900,11235.410,20983.801
1033.664,100.000,11235.410,20983.801
1034.682,100.200,11235.410,20983.801
1035.700,100.200,11141.699,20890.090
1036.718,100.200,11141.699,20890.090
1037.736,100.200,11141.699,20890.090
1038.754,100.200,11141.699,20890.090
1039.772,99.200,11141.699,20890.090
1040.790,100.200,11141.699,20890.090
1041.809,100.200,11141.699,20890.090
1042.827,100.200,11141.699,20890.090
1043.845,100.200,11141.699,20890.090
1044.863,100.200,11141.699,20890.090
1045.881,100.200,11141.699,20890.090
1046.899,100.200,11141.699,20890.090
1047.917,100.200,11141.699,20890.090
1048.935,99.200,11141.699,20890.090
1049.953,100.200,11141.699,20890.090
1050.971,100.200,11141.699,20890.090
1051.989,100.200,11141.699,20890.090
1053.007,100.200,11141.699,20890.090
1054.025,100.200,11141.699,20890.090
1055.043,99.200,11141.699,20890.090
1056.061,101.200,11141.699,20890.090
1057.080,100.200,11141.699,20890.090
1058.097,100.200,11141.699,20890.090
1059.115,100.200,11141.699,20890.090
1060.134,99.200,11141.699,20890.090
1061.152,100.200,11141.699,20890.090
1062.170,100.200,11141.699,20890.090
1063.188,100.200,11141.699,20890.090
1064.206,100.200,11141.699,20890.090
1065.224,99.200,11141.699,20890.090
1066.242,100.200,11141.699,20890.090
1067.260,100.200,11141.699,20890.090
1068.278,100.200,11141.699,20890.090
1069.296,100.200,11141.699,20890.090
1070.314,99.200,11141.699,20890.090
1071.332,101.200,11141.699,20890.090
1072.350,99.200,11141.699,20890.090
1073.368,101.200,11141.699,20890.090
1074.386,99.300,11141.699,20890.090
1075.403,100.300,11141.699,20890.090
1076.421,100.200,11141.699,20890.090
1077.439,100.200,11141.699,20890.090
1078.457,100.200,11141.699,20890.090
1079.475,100.200,11141.699,20890.090
1080.493,99.200,11141.699,20890.090
1081.511,101.200,11141.699,20890.090
1082.529,99.200,11141.699,20890.090
1083.547,69.700,11141.820,20890.090
1084.566,50.100,11141.820,20890.090
1085.586,44.100,11141.820,20890.090
1086.608,8.800,11141.820,20890.090
1087.628,8.800,11141.820,20890.090
1088.648,8.800,11141.820,20890.090
1089.669,8.800,11141.820,20890.090
1090.689,9.800,11141.820,20890.090
1091.710,7.800,11141.820,20890.090
1092.730,9.800,11141.820,20890.090
1093.750,9.800,11141.820,20890.090
1094.771,9.800,11141.820,20890.090
1095.791,8.800,11141.820,20890.090
1096.812,9.800,11141.820,20890.090
1097.832,9.800,11141.820,20890.090
1098.852,9.800,11141.820,20890.090
1099.873,15.700,11141.820,20890.090
1100.893,7.800,11141.820,20890.090
1101.914,7.800,11141.820,20890.090
1102.934,7.800,11141.820,20890.090
1103.954,8.800,11141.820,20890.090
1104.975,7.800,11141.820,20890.090
1105.995,8.800,11141.820,20890.090
1107.016,8.800,11141.820,20890.090
1108.036,7.800,11141.820,20890.090
1109.056,7.800,11141.820,20890.090
1110.077,8.800,11141.820,20890.090
1111.097,9.800,11141.820,20890.090
1112.117,8.800,11141.820,20890.090
1113.138,7.800,11141.820,20890.090
1114.158,73.500,11141.820,20890.090
1115.178,100.000,11141.820,20890.090
1116.197,101.100,11141.820,20890.090
1117.215,99.200,11141.820,20890.090
1118.233,100.200,11141.820,20890.090
1119.251,100.200,11141.820,20890.090
1120.269,99.200,11141.820,20890.090
1121.287,101.200,11141.820,20890.090
1122.306,99.200,11141.820,20890.090
1123.324,100.200,11141.820,20890.090
1124.342,100.200,11141.820,20890.090
1125.360,100.200,11141.820,20890.090
1126.378,100.200,11141.820,20890.090
1127.394,100.300,11141.820,20890.090
1128.412,99.200,11141.820,20890.090
1129.430,100.200,11141.820,20890.090
1130.448,100.200,11141.820,20890.090
1131.466,100.200,11141.820,20890.090
1132.484,100.200,11141.820,20890.090
1133.503,100.200,11141.820,20890.090
1134.521,100.200,11141.820,20890.090
1135.539,100.200,11141.820,20890.090
1136.557,99.200,11141.820,20890.090
1137.575,100.200,11141.820,20890.090
1138.592,101.200,11141.820,20890.090
1139.610,100.200,11141.820,20890.090
1140.628,99.200,11141.820,20890.090
1141.646,100.200,11141.820,20890.090
1142.664,100.200,11141.820,20890.090
1143.682,99.200,11141.820,20890.090
1144.700,101.200,11141.820,20890.090
1145.718,100.200,11141.820,20890.090
1146.737,100.100,11141.820,20890.090
1147.755,100.200,11141.820,20890.090
1148.773,100.200,11141.820,20890.090
1149.791,99.200,11141.820,20890.090
1150.809,100.200,11141.820,20890.090
1151.827,100.200,11141.820,20890.090
1152.845,100.200,11141.820,20890.090
1153.863,100.200,11141.820,20890.090
1154.881,100.200,11141.820,20890.090
1155.899,99.200,11141.820,20890.090
1156.917,101.200,11141.820,20890.090
1157.935,99.200,11141.820,20890.090
1158.953,100.200,11141.820,20890.090
1159.971,100.200,11141.820,20890.090
1160.989,99.200,11141.820,20890.090
1162.008,101.200,11141.820,20890.090
1163.026,100.200,11141.820,20890.090
1164.044,100.200,11141.820,20890.090
1165.062,99.200,11141.941,20890.090
1166.080,94.300,11141.941,20890.090
1167.098,38.300,11141.941,20890.090
1168.119,49.000,11141.941,20890.090
1169.140,22.500,11141.941,20890.090
1170.161,6.900,11141.941,20890.090
1171.181,11.800,11141.941,20890.090
1172.202,7.800,11141.941,20890.090
1173.222,8.800,11141.941,20890.090
1174.243,10.800,11141.941,20890.090
1175.263,9.800,11141.941,20890.090
1176.284,8.800,11141.941,20890.090
1177.304,11.800,11141.941,20890.090
1178.325,7.800,11141.941,20890.090
1179.345,8.800,11141.941,20890.090
1180.366,8.800,11141.941,20890.090
1181.386,7.800,11141.941,20890.090
1182.405,10.800,11141.941,20890.090
1183.426,8.800,11141.941,20890.090
1184.446,8.800,11141.941,20890.090
1185.467,7.800,11141.941,20890.090
1186.487,6.900,11141.941,20890.090
1187.508,14.700,11141.941,20890.090
1188.528,7.800,11141.941,20890.090
1189.548,8.800,11141.941,20890.090
1190.569,7.800,11141.941,20890.090
1191.589,7.800,11141.941,20890.090
1192.609,8.800,11141.941,20890.090
1193.630,7.800,11141.941,20890.090
1194.650,8.800,11141.941,20890.090
1195.671,7.800,11141.941,20890.090
1196.691,11.800,11141.941,20890.090
1197.712,5.900,11141.941,20890.090
1198.732,19.600,11141.941,20890.090
1199.752,100.000,11141.941,20890.090
1200.771,100.200,11141.941,20890.090
1201.789,100.200,11141.941,20890.090
1202.807,100.200,11141.941,20890.090
1203.825,100.200,11141.941,20890.090
1204.843,100.200,11141.941,20890.090
1205.861,100.200,11141.941,20890.090
1206.880,100.100,11141.941,20890.090
1207.898,100.200,11141.941,20890.090
1208.916,100.200,11141.941,20890.090
1209.934,100.200,11141.941,20890.090
1210.952,100.200,11141.941,20890.090
1211.970,99.200,11141.941,20890.090
1212.988,100.200,11141.941,20890.090
1214.006,100.200,11141.941,20890.090
1215.024,100.200,11141.941,20890.090
1216.042,99.200,11141.941,20890.090
1217.060,101.200,11141.941,20890.090
1218.078,100.200,11141.941,20890.090
1219.096,100.200,11141.941,20890.090
1220.114,99.200,11141.941,20890.090
1221.132,100.200,11141.941,20890.090
1222.150,100.200,11141.941,20890.090
1223.169,99.200,11141.941,20890.090
1224.187,101.200,11141.941,20890.090
1225.205,100.200,11141.941,20890.090
1226.223,99.200,11141.941,20890.090
1227.241,100.200,11141.941,20890.090
1228.259,100.200,11141.941,20890.090
1229.277,100.200,11141.941,20890.090
1230.295,100.200,11141.941,20890.090
1231.313,100.200,11141.941,20890.090
1232.331,100.200,11141.941,20890.090
1233.349,99.200,11141.941,20890.090
1234.367,100.200,11141.941,20890.090
1235.385,101.200,11141.941,20890.090
1236.402,99.300,11233.895,20982.164
1237.420,80.600,11233.895,20982.164
1238.438,38.300,11233.895,20982.164
1239.459,43.100,11233.895,20982.164
1240.488,18.500,11233.895,20982.164
1241.510,16.600,11233.895,20982.164
1242.531,9.800,11233.895,20982.164
1243.544,9.900,11233.895,20982.164
1244.564,9.800,11233.895,20982.164
1245.585,11.800,11233.895,20982.164
1246.605,9.800,11233.895,20982.164
1247.626,10.800,11233.895,20982.164
1248.646,8.800,11233.895,20982.164
1249.667,8.800,11233.895,20982.164
1250.687,16.700,11233.895,20982.164
1251.708,9.800,11233.895,20982.164
1252.728,8.800,11233.895,20982.164
1253.749,8.800,11233.895,20982.164
1254.769,7.800,11233.895,20982.164
1255.790,7.800,11233.895,20982.164
1256.810,8.800,11233.895,20982.164
1257.830,8.800,11233.895,20982.164
1258.851,8.800,11233.895,20982.164
1259.871,9.800,11233.895,20982.164
1260.892,6.900,11233.895,20982.164
1261.912,8.800,11233.895,20982.164
1262.933,8.800,11233.895,20982.164
1263.953,8.800,11233.895,20982.164
1264.973,8.800,11233.895,20982.164
1265.994,7.800,11233.895,20982.164
1267.015,8.800,11233.895,20982.164
1268.036,9.800,11233.895,20982.164
1269.056,8.800,11233.895,20982.164
1270.077,29.400,11233.895,20982.164
1271.097,100.000,11233.895,20982.164
1272.118,100.000,11233.895,20982.164
1273.136,100.200,11233.895,20982.164
1274.154,100.200,11233.895,20982.164
1275.172,101.200,11233.895,20982.164
1276.190,100.200,11233.895,20982.164
1277.208,99.200,11233.895,20982.164
1278.226,100.200,11233.895,20982.164
1279.244,100.200,11233.895,20982.164
1280.263,100.200,11233.895,20982.164
1281.281,100.200,11233.895,20982.164
1282.299,99.200,11233.895,20982.164
1283.317,101.200,11233.895,20982.164
1284.335,99.200,11233.895,20982.164
1285.353,101.200,11233.895,20982.164
1286.371,100.200,11233.895,20982.164
1287.388,99.300,11233.895,20982.164
1288.405,100.300,11233.895,20982.164
1289.423,99.200,11233.895,20982.164
1290.441,100.200,11233.895,20982.164
1291.459,100.200,11233.895,20982.164
1292.478,101.200,11233.895,20982.164
1293.495,99.200,11233.895,20982.164
1294.514,100.200,11233.895,20982.164
1295.532,100.200,11233.895,20982.164
1296.550,100.200,11233.895,20982.164
1297.568,100.200,11233.895,20982.164
1298.586,100.200,11233.895,20982.164
1299.604,100.200,11233.895,20982.164
1300.622,100.200,11233.895,20982.164
1301.640,100.200,11233.895,20982.164
1302.659,99.200,11233.895,20982.164
1303.676,100.300,11233.895,20982.164
1304.694,100.200,11233.895,20982.164
1305.712,100.200,11233.895,20982.164
1306.730,99.200,11233.895,20982.164
1307.748,100.200,11233.895,20982.164
1308.766,100.200,11233.895,20982.164
1309.784,100.200,11233.895,20982.164
1310.802,100.200,11233.895,20982.164
1311.820,100.200,11233.895,20982.164
1312.838,100.200,11233.895,20982.164
1313.856,100.200,11233.895,20982.164
1314.874,100.200,11808.320,21686.195
1315.892,100.200,13918.062,23816.668
1316.910,100.200,12983.742,22743.398
