Elapsed_time,CPU,Real_MB,Virtual_MB
0.000,0.000,32.246,8416.711
1.011,90.000,106.477,8410.109
2.022,86.100,123.824,8495.691
3.042,94.100,203.441,8578.309
4.059,98.300,321.555,8697.074
5.079,97.000,346.945,8728.629
6.099,99.100,357.504,8740.465
7.118,88.300,429.859,8813.656
8.137,88.300,450.129,8834.262
9.157,100.000,497.328,8882.082
10.177,99.100,497.344,8882.082
11.196,101.000,516.312,8901.410
12.216,100.100,516.430,8901.410
13.235,99.100,516.430,8901.410
14.255,99.000,516.430,8901.410
15.274,100.100,625.414,10540.637
16.294,100.000,628.348,10630.637
17.313,101.000,636.598,10859.637
18.333,99.100,644.848,11097.637
19.352,101.000,664.957,11666.637
20.372,99.000,699.504,12648.637
21.392,101.000,735.340,13674.637
22.412,1262.900,3383.656,13059.910
23.432,100.000,4155.727,13856.910
24.451,100.000,5360.742,15100.910
25.471,100.000,6214.449,15980.039
26.490,99.100,6345.684,16120.039
27.510,100.100,7210.152,17594.391
28.529,100.000,8827.008,18639.520
29.549,100.000,8397.566,18106.922
30.569,100.000,8742.848,18772.742
31.587,100.200,8718.844,18366.082
32.607,100.000,10362.742,19998.285
33.626,66.700,8087.434,17722.867
34.646,78.400,8088.961,17833.344
35.665,12.800,8082.789,17735.957
36.683,58.000,8280.109,17931.637
37.703,66.700,8287.199,17931.637
38.724,0.000,8286.340,17931.637
39.744,0.000,8285.301,17931.637
40.764,0.000,8285.262,17931.637
41.783,0.000,8284.723,17931.637
42.803,0.000,8284.531,17931.637
43.824,0.000,8284.262,17931.637
44.844,5.900,8283.461,17931.637
45.864,22.600,8284.055,17931.637
46.884,0.000,8284.051,17931.637
47.904,0.000,8284.051,17931.637
48.924,0.000,8284.051,17931.637
49.944,0.000,8284.051,17931.637
50.964,0.000,8284.051,17931.637
51.983,0.000,8284.051,17931.637
53.002,6.900,8284.051,17931.637
54.022,36.300,8285.402,17931.637
55.042,26.500,8286.156,17931.637
56.062,33.300,8288.867,17931.637
57.082,25.500,8290.238,17931.637
58.102,14.700,8290.645,17931.637
59.123,13.700,8291.371,17931.637
60.143,0.000,8291.367,17931.637
61.163,0.000,8291.367,17931.637
62.182,0.000,8291.367,17931.637
63.203,0.000,8291.367,17931.637
64.223,0.000,8291.367,17931.637
65.243,2.900,8291.367,17931.637
66.262,13.700,8291.434,17931.637
67.282,11.800,8292.824,17931.637
68.302,0.000,8292.824,17931.637
69.322,0.000,8292.824,17931.637
70.341,0.000,8292.824,17931.637
71.361,0.000,8292.824,17931.637
72.381,0.000,8292.824,17931.637
73.401,1.000,8292.824,17931.637
74.421,14.700,8292.824,17931.637
75.441,20.600,8331.969,17967.895
76.462,43.100,8350.961,17967.895
77.482,23.500,8354.254,17967.895
78.502,52.000,8364.566,17967.895
79.522,51.900,8372.785,17967.895
80.542,22.500,8376.332,17967.895
81.562,20.600,8379.758,17967.895
82.582,30.400,8466.852,18047.770
83.602,69.600,8287.879,17862.203
84.621,46.100,8171.746,17746.070
85.641,50.000,8171.746,17746.070
86.661,37.300,8171.750,17746.070
87.681,34.300,8171.750,17746.070
88.695,32.500,8240.480,17815.199
89.715,61.800,8263.594,17838.242
90.735,48.000,8263.594,17838.242
91.749,41.400,8263.594,17838.242
92.770,45.100,8263.594,17838.242
93.789,27.500,8263.594,17838.242
94.807,63.800,8377.406,17951.809
95.827,46.100,8377.410,17951.809
96.847,48.100,8377.414,17951.809
97.867,31.400,8377.414,17951.809
98.887,34.300,8377.414,17951.809
99.907,42.200,8377.414,17951.809
100.927,16.700,8377.426,17951.809
101.947,100.000,8458.273,18032.621
102.967,43.100,8458.273,18032.621
103.987,42.200,8458.273,18032.621
105.008,46.000,8458.273,18032.621
106.028,27.400,8458.273,18032.621
107.049,38.200,8458.273,18032.621
108.069,27.400,8458.273,18032.621
109.090,59.800,8660.645,18208.203
110.110,99.900,8668.164,18208.203
111.131,100.000,8669.414,18208.203
112.151,28.400,8669.457,18208.203
113.170,11.800,8669.457,18208.203
114.192,11.800,8669.457,18208.203
115.208,24.600,8669.457,18208.203
116.228,10.800,8669.457,18208.203
117.248,9.800,8669.457,18208.203
118.268,24.500,8669.457,18208.203
119.288,14.700,8669.457,18208.203
120.308,9.800,8669.457,18208.203
121.328,20.600,8669.457,18208.203
122.349,18.600,8669.457,18208.203
123.369,5.900,8669.457,18208.203
124.389,16.700,8669.457,18208.203
125.409,9.800,8669.457,18208.203
126.429,8.800,8669.457,18208.203
127.448,8.800,8669.457,18208.203
128.468,8.800,8669.457,18208.203
129.489,8.800,8669.457,18208.203
130.509,9.800,8669.457,18208.203
131.529,7.800,8669.457,18208.203
132.549,7.800,8669.457,18208.203
133.569,10.800,8669.457,18208.203
134.589,8.800,8669.457,18208.203
135.608,8.800,8669.457,18208.203
136.627,8.800,8669.457,18208.203
137.647,9.800,8669.457,18208.203
138.666,8.800,8669.457,18208.203
139.686,8.800,8669.457,18208.203
140.706,10.800,8669.465,18208.203
141.726,9.800,8669.465,18208.203
142.747,7.800,8669.465,18208.203
143.767,9.800,8669.465,18208.203
144.787,8.800,8669.465,18208.203
145.807,8.800,8669.465,18208.203
146.826,8.800,8669.465,18208.203
147.846,8.800,8669.465,18208.203
148.866,8.800,8669.465,18208.203
149.886,8.800,8669.465,18208.203
150.906,8.800,8669.465,18208.203
151.926,9.800,8669.465,18208.203
152.945,7.800,8669.465,18208.203
153.965,8.800,8669.465,18208.203
154.986,8.800,8669.465,18208.203
156.006,8.800,8669.465,18208.203
157.026,8.800,8669.465,18208.203
158.046,8.800,8669.465,18208.203
159.066,9.800,8669.465,18208.203
160.086,14.700,8669.465,18208.203
161.106,7.800,8669.465,18208.203
162.126,7.800,8669.465,18208.203
163.146,8.800,8669.465,18208.203
164.166,5.900,8669.465,18208.203
165.186,5.900,8669.465,18208.203
166.206,4.900,8669.465,18208.203
167.225,5.900,8669.465,18208.203
168.245,76.500,8669.484,18208.203
169.265,101.000,8669.484,18208.203
170.285,100.000,8669.484,18208.203
171.304,100.000,8669.484,18208.203
172.324,100.000,8669.484,18208.203
173.344,100.000,8416.578,17955.297
174.364,100.000,8416.582,17955.297
175.383,100.000,8416.582,17955.297
176.403,100.000,8416.582,17955.297
177.423,100.000,8416.582,17955.297
178.443,100.000,8416.582,17955.297
179.462,100.000,8416.582,17955.297
180.482,101.000,8416.582,17955.297
181.502,100.000,8416.582,17955.297
182.522,100.000,8416.582,17955.297
183.541,100.000,8416.582,17955.297
184.561,100.000,8416.582,17955.297
185.581,100.000,8416.582,17955.297
186.600,100.000,8416.582,17955.297
187.619,100.100,8416.582,17955.297
188.639,100.000,8416.582,17955.297
189.658,100.000,8416.582,17955.297
190.678,100.000,8416.582,17955.297
191.698,100.000,8416.582,17955.297
192.718,100.000,8416.582,17955.297
193.737,100.000,8416.582,17955.297
194.757,100.000,8416.582,17955.297
195.777,100.000,8416.582,17955.297
196.797,100.000,8416.582,17955.297
197.817,100.000,8416.582,17955.297
198.837,100.000,8416.582,17955.297
199.856,100.000,8416.582,17955.297
200.876,100.000,8416.582,17955.297
201.896,100.000,8416.582,17955.297
202.916,100.000,8416.582,17955.297
203.935,100.000,8416.660,17955.297
204.955,66.700,8416.660,17955.297
205.976,36.300,8416.660,17955.297
206.996,35.300,8416.660,17955.297
208.014,8.800,8416.660,17955.297
209.034,7.800,8416.660,17955.297
210.054,7.800,8416.660,17955.297
211.074,7.800,8416.660,17955.297
212.094,9.800,8416.660,17955.297
213.113,7.800,8416.660,17955.297
214.133,11.800,8416.660,17955.297
215.153,7.800,8416.660,17955.297
216.173,7.800,8416.660,17955.297
217.193,8.800,8416.660,17955.297
218.212,7.800,8416.660,17955.297
219.232,7.800,8416.660,17955.297
220.252,8.800,8416.660,17955.297
221.272,7.800,8416.660,17955.297
222.292,7.800,8416.660,17955.297
223.311,8.800,8416.660,17955.297
224.331,6.900,8416.660,17955.297
225.351,8.800,8416.660,17955.297
226.370,8.800,8416.660,17955.297
227.390,14.700,8416.660,17955.297
228.410,100.000,8416.660,17955.297
229.430,100.000,8416.660,17955.297
230.449,100.000,8416.660,17955.297
231.469,100.000,8416.660,17955.297
232.489,100.000,8416.660,17955.297
233.509,101.000,8416.660,17955.297
234.528,100.000,8416.660,17955.297
235.548,100.000,8416.660,17955.297
236.568,100.000,8416.660,17955.297
237.588,100.000,8416.660,17955.297
238.607,100.100,8416.660,17955.297
239.625,100.100,8416.660,17955.297
240.645,100.000,8416.660,17955.297
241.665,100.000,8416.660,17955.297
242.684,100.000,8416.660,17955.297
243.704,100.000,8416.660,17955.297
244.724,100.000,8416.660,17955.297
245.743,100.000,8416.660,17955.297
246.763,100.000,8416.660,17955.297
247.783,101.000,8416.660,17955.297
248.803,99.000,8416.660,17955.297
249.822,100.000,8416.660,17955.297
250.842,100.000,8416.660,17955.297
251.863,100.000,8416.660,17955.297
252.882,100.000,8416.660,17955.297
253.902,101.000,8416.660,17955.297
254.922,100.000,8416.660,17955.297
255.941,99.000,8299.605,17838.242
256.961,100.000,8299.605,17838.242
257.981,100.000,8299.605,17838.242
259.001,100.000,8299.605,17838.242
260.020,101.000,8381.027,17918.492
261.040,80.400,8383.109,17918.492
262.060,33.300,8383.312,17918.492
263.080,40.200,8383.344,17918.492
264.100,34.300,8383.344,17918.492
265.120,8.800,8383.344,17918.492
266.139,7.800,8383.344,17918.492
267.159,8.800,8383.344,17918.492
268.179,8.800,8383.344,17918.492
269.199,8.800,8383.344,17918.492
270.219,7.800,8383.344,17918.492
271.238,8.800,8383.344,17918.492
272.258,8.800,8383.344,17918.492
273.278,10.800,8383.344,17918.492
274.298,8.800,8383.344,17918.492
275.318,8.800,8383.344,17918.492
276.338,7.800,8383.344,17918.492
277.357,8.800,8383.344,17918.492
278.377,7.800,8383.344,17918.492
279.397,7.800,8383.344,17918.492
280.416,8.800,8383.344,17918.492
281.436,7.800,8383.344,17918.492
282.456,7.800,8383.344,17918.492
283.476,7.800,8383.344,17918.492
284.495,8.800,8383.344,17918.492
285.515,7.800,8383.344,17918.492
286.535,8.800,8383.344,17918.492
287.554,7.800,8383.344,17918.492
288.574,8.800,8383.344,17918.492
289.593,8.800,8383.344,17918.492
290.612,8.800,8383.344,17918.492
291.630,27.500,8383.344,17918.492
292.650,100.000,8383.344,17918.492
293.669,100.000,8383.344,17918.492
294.689,100.000,8383.344,17918.492
295.709,101.000,8383.344,17918.492
296.728,100.000,8383.344,17918.492
297.748,100.000,8383.344,17918.492
298.768,100.000,8383.344,17918.492
299.787,99.100,8383.344,17918.492
300.807,101.000,8383.344,17918.492
301.827,100.000,8383.344,17918.492
302.846,100.000,8383.344,17918.492
303.866,100.000,8383.344,17918.492
304.886,100.000,8383.344,17918.492
305.906,100.000,8383.344,17918.492
306.925,100.000,8383.344,17918.492
307.945,100.000,8383.344,17918.492
308.965,100.000,8383.344,17918.492
309.984,100.000,8383.344,17918.492
311.004,100.000,8383.344,17918.492
312.024,100.000,8383.344,17918.492
313.044,101.000,8383.344,17918.492
314.064,100.000,8383.359,17918.492
315.083,99.000,8383.359,17918.492
316.103,100.000,8383.359,17918.492
317.123,100.000,8383.359,17918.492
318.143,101.000,8383.359,17918.492
319.162,100.000,8383.359,17918.492
320.182,99.000,8383.359,17918.492
321.202,100.000,8383.359,17918.492
322.222,101.000,8384.434,17918.492
323.241,80.400,8386.293,17918.492
324.261,33.300,8386.316,17918.492
325.281,44.100,8386.316,17918.492
326.302,26.500,8386.316,17918.492
327.322,8.800,8386.316,17918.492
328.341,8.800,8386.316,17918.492
329.361,8.800,8386.316,17918.492
330.381,8.800,8386.316,17918.492
331.400,12.800,8386.316,17918.492
332.420,9.800,8386.316,17918.492
333.440,8.800,8386.316,17918.492
334.460,7.800,8386.316,17918.492
335.479,8.800,8386.316,17918.492
336.499,8.800,8386.316,17918.492
337.519,8.800,8386.316,17918.492
338.539,7.800,8386.316,17918.492
339.559,8.800,8386.316,17918.492
340.578,7.800,8386.316,17918.492
341.598,8.800,8386.316,17918.492
342.617,8.800,8386.316,17918.492
343.637,7.800,8386.316,17918.492
344.656,8.800,8386.316,17918.492
345.676,8.800,8386.316,17918.492
346.696,7.800,8386.316,17918.492
347.715,8.800,8386.316,17918.492
348.735,7.800,8386.316,17918.492
349.755,8.800,8386.316,17918.492
350.774,10.800,8386.316,17918.492
351.794,9.800,8386.316,17918.492
352.814,8.800,8386.316,17918.492
353.833,31.400,8386.316,17918.492
354.853,100.000,8386.316,17918.492
355.873,100.000,8386.316,17918.492
356.893,100.000,8386.316,17918.492
357.913,101.000,8386.316,17918.492
358.932,100.000,8386.316,17918.492
359.952,100.000,8386.316,17918.492
360.972,100.000,8386.316,17918.492
361.991,100.000,8386.316,17918.492
363.011,100.000,8386.316,17918.492
364.031,100.000,8386.316,17918.492
365.051,100.000,8386.316,17918.492
366.070,99.000,8386.316,17918.492
367.090,100.000,8386.316,17918.492
368.110,101.000,8386.316,17918.492
369.129,100.000,8386.316,17918.492
370.149,100.000,8386.316,17918.492
371.169,100.000,8386.316,17918.492
372.189,100.000,8386.316,17918.492
373.209,100.000,8386.316,17918.492
374.229,100.000,8386.316,17918.492
375.248,101.000,8386.316,17918.492
376.268,100.000,8386.316,17918.492
377.288,100.000,8386.316,17918.492
378.308,100.000,8386.316,17918.492
379.327,100.000,8386.316,17918.492
380.347,100.000,8386.316,17918.492
381.367,100.000,8386.316,17918.492
382.387,100.000,8499.926,18032.059
383.406,100.000,8500.645,18032.059
384.425,56.900,8501.520,18032.059
385.446,37.200,8501.520,18032.059
386.465,36.300,8501.914,18032.059
387.484,39.300,8502.387,18032.059
388.499,9.900,8502.387,18032.059
389.519,8.800,8502.387,18032.059
390.539,8.800,8502.387,18032.059
391.559,7.800,8502.387,18032.059
392.579,7.800,8502.387,18032.059
393.598,9.800,8502.387,18032.059
394.616,7.900,8502.387,18032.059
395.636,8.800,8502.387,18032.059
396.656,8.800,8502.387,18032.059
397.676,8.800,8502.387,18032.059
398.696,11.800,8502.387,18032.059
399.716,7.800,8502.387,18032.059
400.736,8.800,8502.387,18032.059
401.757,8.800,8502.387,18032.059
402.777,8.800,8502.387,18032.059
403.797,8.800,8502.387,18032.059
404.817,7.800,8502.387,18032.059
405.837,9.800,8502.387,18032.059
406.857,8.800,8502.387,18032.059
407.877,9.800,8502.387,18032.059
408.897,7.800,8502.387,18032.059
409.917,8.800,8502.387,18032.059
410.937,8.800,8502.387,18032.059
411.959,8.800,8502.387,18032.059
412.987,8.800,8502.387,18032.059
414.015,7.800,8502.387,18032.059
415.034,9.800,8502.387,18032.059
416.054,7.800,8502.387,18032.059
417.074,12.700,8502.387,18032.059
418.094,7.800,8502.387,18032.059
419.114,8.800,8502.387,18032.059
420.134,10.800,8502.387,18032.059
421.154,6.900,8502.387,18032.059
422.174,5.900,8502.387,18032.059
423.194,4.900,8502.387,18032.059
424.214,6.900,8502.387,18032.059
425.234,72.500,8502.387,18032.059
426.254,101.000,8464.531,17994.203
427.274,100.000,8464.531,17994.203
428.294,100.000,8464.531,17994.203
429.314,100.000,8464.531,17994.203
430.334,100.000,8464.531,17994.203
431.354,99.000,8464.531,17994.203
432.375,100.000,8464.531,17994.203
433.395,101.000,8464.531,17994.203
434.414,100.000,8464.531,17994.203
435.435,100.000,8464.531,17994.203
436.454,100.000,8464.531,17994.203
437.474,100.000,8464.531,17994.203
438.494,100.000,8464.531,17994.203
439.514,100.000,8464.531,17994.203
440.534,100.000,8464.531,17994.203
441.554,100.000,8464.531,17994.203
442.574,100.000,8464.531,17994.203
443.594,100.100,8464.531,17994.203
444.612,100.100,8464.531,17994.203
445.632,100.000,8464.531,17994.203
446.652,101.000,8464.531,17994.203
447.672,100.000,8464.531,17994.203
448.692,100.000,8464.531,17994.203
449.712,100.000,8464.531,17994.203
450.732,100.000,8464.531,17994.203
451.751,100.000,8464.531,17994.203
452.771,100.000,8464.531,17994.203
453.791,100.000,8464.531,17994.203
454.811,100.000,8464.531,17994.203
455.831,100.000,8464.531,17994.203
456.851,100.000,8464.531,17994.203
457.871,101.000,8661.172,18188.582
458.891,100.000,8661.188,18188.582
459.911,61.800,8661.188,18188.582
460.931,11.800,8661.188,18188.582
461.951,40.200,8661.199,18188.582
462.971,28.400,8661.199,18188.582
463.991,32.400,8661.199,18188.582
465.011,25.500,8661.199,18188.582
466.032,25.500,8661.199,18188.582
467.051,8.800,8661.199,18188.582
468.072,9.800,8661.199,18188.582
469.092,7.800,8661.199,18188.582
470.112,7.800,8661.199,18188.582
471.132,8.800,8661.199,18188.582
472.152,9.800,8661.199,18188.582
473.172,7.800,8661.199,18188.582
474.192,8.800,8661.199,18188.582
475.212,8.800,8661.199,18188.582
476.233,7.800,8661.199,18188.582
477.252,8.800,8661.199,18188.582
478.273,8.800,8661.199,18188.582
479.292,7.800,8661.199,18188.582
480.313,8.800,8661.199,18188.582
481.333,8.800,8661.199,18188.582
482.353,8.800,8661.199,18188.582
483.373,8.800,8661.199,18188.582
484.393,9.800,8661.199,18188.582
485.413,10.800,8661.199,18188.582
486.433,7.800,8661.199,18188.582
487.453,9.800,8661.199,18188.582
488.473,7.800,8661.199,18188.582
489.493,7.800,8661.199,18188.582
490.513,7.800,8661.199,18188.582
491.533,8.800,8661.199,18188.582
492.554,8.800,8661.199,18188.582
493.574,7.800,8661.199,18188.582
494.593,8.800,8661.199,18188.582
495.613,9.800,8661.199,18188.582
496.633,8.800,8661.199,18188.582
497.653,7.800,8661.199,18188.582
498.673,9.800,8661.199,18188.582
499.693,7.800,8661.199,18188.582
500.713,8.800,8661.199,18188.582
501.732,8.800,8661.199,18188.582
502.753,8.800,8661.199,18188.582
503.773,11.800,8661.199,18188.582
504.792,8.800,8661.199,18188.582
505.813,7.800,8661.199,18188.582
506.833,8.800,8661.199,18188.582
507.853,7.800,8661.199,18188.582
508.873,9.800,8661.199,18188.582
509.893,8.800,8661.199,18188.582
510.913,7.800,8661.199,18188.582
511.933,9.800,8661.199,18188.582
512.953,9.800,8661.199,18188.582
513.973,6.900,8661.199,18188.582
514.993,7.800,8661.199,18188.582
516.014,8.800,8661.199,18188.582
517.033,67.700,8661.199,18188.582
518.053,100.000,8520.695,18048.078
519.073,100.000,8520.695,18048.078
520.093,100.000,8520.695,18048.078
521.113,100.000,8520.695,18048.078
522.133,101.000,8520.695,18048.078
523.153,100.000,8520.695,18048.078
524.173,100.000,8520.695,18048.078
525.192,100.000,8520.695,18048.078
526.212,100.000,8520.695,18048.078
527.232,100.000,8520.695,18048.078
528.252,99.000,8520.695,18048.078
529.272,101.000,8520.695,18048.078
530.292,100.000,8520.695,18048.078
531.312,100.000,8520.695,18048.078
532.332,100.000,8520.695,18048.078
533.352,101.000,8520.695,18048.078
534.372,100.000,8520.695,18048.078
535.392,100.000,8520.695,18048.078
536.412,100.000,8520.695,18048.078
537.432,100.000,8520.695,18048.078
538.452,100.000,8520.695,18048.078
539.472,100.000,8520.695,18048.078
540.492,100.000,8520.695,18048.078
541.512,100.000,8520.695,18048.078
542.532,100.000,8520.695,18048.078
543.552,100.000,8520.695,18048.078
544.571,100.000,8520.695,18048.078
545.591,100.000,8520.719,18048.078
