Elapsed_time,CPU,Real_MB,Virtual_MB
0.000,0.000,35.812,12703.805
1.022,98.900,110.227,12706.586
2.050,98.200,150.320,12747.031
3.078,96.300,238.301,12835.859
4.106,97.300,273.570,12871.660
5.134,100.200,389.082,12987.695
6.162,98.300,412.219,13017.480
7.190,100.200,472.703,13078.168
8.218,99.200,503.746,13108.730
9.246,96.300,624.770,13231.105
10.274,95.300,686.691,13294.660
11.303,99.100,688.762,13297.117
12.331,92.400,697.219,13305.930
13.357,95.500,711.691,13321.750
14.385,95.300,714.605,13330.426
15.413,83.700,716.133,13335.633
16.441,76.900,746.844,13365.668
17.469,81.700,808.754,13429.887
18.497,79.800,814.520,13435.375
19.524,82.700,814.945,13436.680
20.552,91.400,818.902,13443.145
21.580,97.300,819.035,13443.535
22.608,78.800,890.047,13523.750
23.636,82.700,966.844,13606.621
24.663,82.700,973.734,13614.285
25.691,80.800,974.379,13615.238
26.719,87.600,975.699,13616.695
27.747,90.500,977.633,13655.691
28.774,74.900,978.324,13656.254
29.802,77.800,1009.633,13687.754
30.830,89.500,1047.059,13726.336
31.857,82.700,1056.738,13736.180
32.885,100.200,1057.473,13736.680
33.913,99.200,1154.191,13901.781
34.941,77.800,1228.637,13911.359
35.970,96.200,1299.426,13979.137
36.997,100.200,1308.969,13988.801
38.025,100.200,1308.969,13988.801
39.053,98.200,1375.543,14056.449
40.081,99.300,1394.855,14075.777
41.109,99.200,1394.855,14075.777
42.137,98.200,1394.855,14075.777
43.165,99.200,1394.855,14075.777
44.193,99.300,1394.855,14075.777
45.221,99.300,1394.855,14075.777
46.248,98.300,1394.855,14075.777
47.276,98.300,1394.855,14075.777
48.304,99.200,1394.855,14075.777
49.332,99.200,1442.457,14124.098
50.358,99.400,1499.711,14182.082
51.386,98.300,1499.711,14182.082
52.414,100.200,1499.711,14182.082
53.442,98.300,1499.828,14182.082
54.470,99.200,1499.828,14182.082
55.498,99.300,1499.828,14182.082
56.525,99.300,1499.828,14182.082
57.553,98.300,1499.828,14182.082
58.581,98.300,1499.828,14182.082
59.609,99.200,1499.828,14182.082
60.637,99.200,1499.828,14182.082
61.664,98.300,1499.828,14182.082
62.692,99.200,1499.828,14182.082
63.720,99.200,1499.828,14182.082
64.748,99.200,1499.828,14182.082
65.776,99.200,1499.828,14182.082
66.804,98.200,1499.828,14182.082
67.832,99.200,1499.828,14182.082
68.860,98.300,1499.828,14182.082
69.888,99.200,1499.828,14182.082
70.916,99.200,1499.828,14182.082
71.945,99.200,1499.828,14182.082
72.974,98.200,1499.828,14182.082
74.002,99.200,1538.602,18997.832
75.030,100.200,1661.246,18997.832
76.058,100.200,1906.691,18997.832
77.087,100.200,1910.504,19087.832
78.115,100.100,1910.504,19087.832
79.144,99.100,1917.723,19254.832
80.173,101.100,1926.387,19455.832
81.201,99.200,1936.598,19696.832
82.229,100.200,1948.973,19986.832
83.258,100.200,1963.926,20333.832
84.286,100.100,1964.113,20333.832
85.315,100.100,1981.805,20750.832
86.342,100.300,2003.461,21250.832
87.370,99.200,2029.242,21850.832
88.398,545.500,3896.148,26872.332
89.427,1190.800,9577.457,26872.332
90.455,805.700,4567.121,18341.586
91.483,99.200,4682.000,18461.586
92.512,101.100,4863.703,18651.586
93.540,99.200,5536.031,19353.586
94.569,100.200,5875.164,19708.586
95.597,100.100,6561.203,20425.586
96.625,100.200,6924.977,20805.586
97.654,100.100,7791.484,21710.586
98.682,99.200,7823.160,21743.586
99.711,100.100,8049.402,21978.086
100.739,100.200,8339.441,22281.086
101.767,99.200,8629.996,22585.086
102.795,100.200,8920.551,22888.086
103.822,100.200,9209.289,23190.086
104.850,100.200,9269.883,23253.086
105.879,100.100,9282.320,23253.086
106.906,99.300,9311.711,23253.086
107.934,99.200,9341.102,23253.086
108.962,101.200,9369.977,23253.086
109.989,99.300,9399.367,23253.086
111.017,100.200,9428.758,23253.086
112.043,99.400,9458.148,23253.086
113.070,100.200,9487.539,23253.086
114.098,99.300,9516.809,23253.086
115.125,100.200,9546.199,23253.086
116.153,100.200,9575.848,23253.086
117.181,99.300,9593.785,23253.086
118.208,100.200,9705.020,23369.086
119.236,100.200,9705.020,23369.086
120.264,100.200,9931.777,23606.086
121.293,100.100,10219.496,23907.086
122.321,100.200,10508.246,24208.086
123.347,99.400,10797.770,24511.086
124.374,100.200,11088.840,24815.086
125.402,99.300,11381.199,25121.086
126.429,100.200,11476.676,25220.086
127.458,100.100,11588.465,25337.086
128.485,85.600,11691.754,25441.215
129.513,100.200,11741.152,25477.715
130.541,100.200,12171.344,28715.176
131.570,100.100,13521.344,28715.176
132.598,99.200,14875.344,28715.176
133.627,99.200,14985.086,28715.180
134.655,101.100,15107.539,31952.641
135.683,99.200,16165.539,31952.641
136.711,100.200,17225.539,31952.641
137.739,100.200,18222.598,31952.641
138.767,125.500,18519.320,32247.789
139.795,100.100,19224.266,32955.555
140.823,100.200,20012.730,33763.641
141.851,99.200,20681.961,34427.004
142.879,100.200,21396.191,35239.355
143.908,100.200,19349.262,33385.117
144.936,99.200,20016.816,33785.234
145.964,100.200,20377.145,34108.133
146.992,100.200,20751.391,34484.094
148.020,100.200,20989.082,34536.758
149.048,100.200,19433.699,32956.254
150.076,100.200,19507.426,33011.176
151.104,100.200,19507.434,33011.176
152.132,99.200,19515.418,33011.176
153.160,100.200,20271.684,36248.637
154.189,100.200,21801.684,36248.637
155.217,99.200,23211.867,39486.188
156.245,100.200,24743.867,39486.188
157.273,100.200,25991.418,39486.188
158.301,100.200,26005.016,39486.188
159.329,99.200,26617.469,42723.648
160.356,101.300,28149.469,42723.648
161.386,126.300,29245.051,42723.648
162.415,100.100,29776.398,43259.961
163.443,100.200,30475.211,44015.316
164.471,99.200,31143.176,44621.836
165.498,100.200,31773.316,45243.816
166.526,100.200,32583.594,46356.508
167.554,100.200,33251.625,46756.625
168.582,100.200,33617.984,47079.523
169.610,99.200,33682.055,47129.266
170.638,100.200,30311.844,43759.055
171.666,100.200,30311.844,43759.055
172.694,100.200,30344.066,43759.055
173.722,99.200,30365.914,43759.055
174.750,101.100,30367.828,43759.055
175.778,99.200,31733.543,46996.516
176.807,100.200,33269.543,46996.516
177.835,100.200,33605.422,46996.516
178.863,99.200,34191.582,50233.977
179.891,100.200,34835.582,50233.977
180.920,99.200,35481.582,50233.977
181.948,100.200,36125.582,50233.977
182.975,101.200,36771.582,50233.977
184.003,98.300,36842.828,50233.977
185.031,100.200,37241.582,53471.438
186.059,100.200,38041.582,53471.438
187.087,101.200,38841.582,53471.438
188.116,99.200,39643.582,53471.438
189.144,100.200,37127.043,53471.438
190.172,100.200,37819.043,53471.438
191.200,100.200,38503.043,53471.438
192.228,100.100,39219.043,53471.438
193.257,100.200,39919.043,53471.438
194.285,99.200,40080.293,53471.438
195.312,100.200,40679.383,54149.562
196.340,99.300,36996.555,50387.719
197.368,100.200,38005.047,51396.172
198.396,99.200,38221.977,51611.352
199.424,101.200,38742.574,52132.020
200.452,100.200,39531.516,52981.539
201.480,99.200,40508.375,53897.785
202.509,100.200,40680.605,54069.242
203.536,99.300,30402.266,43790.902
204.564,100.200,30402.305,43790.902
205.592,100.200,30402.523,43790.902
206.620,100.200,30406.070,43790.902
207.648,99.200,30406.070,43790.902
208.676,100.200,30406.070,43790.902
209.704,99.200,30406.070,43790.902
210.732,100.200,30406.070,43790.902
211.760,101.200,30478.738,43884.480
212.788,99.200,31270.539,44689.668
213.816,100.200,31816.289,45226.066
214.844,98.300,31343.898,44750.816
215.872,100.200,31344.402,44750.816
216.900,99.300,31345.949,44750.816
217.928,100.200,31349.293,44750.816
218.955,100.200,31355.254,44751.402
219.983,2985.300,31370.457,44903.699
221.011,1419.400,31370.973,45031.699
222.040,99.200,32255.473,45916.320
223.068,99.200,32469.352,46130.012
224.096,100.200,32469.570,46130.012
225.124,100.200,32471.570,46130.012
226.151,99.300,32480.109,46130.012
227.179,100.200,32480.289,46130.012
228.206,2742.400,32480.289,46130.012
229.234,99.200,31656.480,45306.160
230.262,99.200,31782.027,45431.707
231.290,100.200,31782.027,45431.707
232.317,100.200,31782.027,45431.707
233.344,99.400,31782.027,45431.707
234.372,100.200,31782.039,45431.707
235.399,2743.500,31782.039,45431.707
236.427,99.300,32052.668,45702.324
237.454,100.300,31854.742,45504.383
238.482,100.200,31854.742,45504.383
239.509,100.300,31854.742,45504.383
240.537,99.300,31854.742,45504.383
241.565,251.800,31854.742,45504.383
242.627,2506.100,31854.742,45504.383
243.655,100.200,33226.008,46875.648
244.683,100.200,34241.316,47891.152
245.711,99.200,34549.484,48199.109
246.739,100.200,33226.023,46875.648
247.767,100.200,33226.023,46875.648
248.794,100.200,33226.023,46875.648
249.822,99.300,33226.023,46875.648
250.849,1794.400,33226.023,46875.648
251.911,1013.900,33427.391,47077.016
252.939,100.200,33427.391,47077.016
253.967,99.300,33427.391,47077.016
254.994,100.200,33427.391,47077.016
256.022,100.200,33427.391,47077.016
257.050,100.200,33427.391,47077.016
258.077,2742.400,33427.391,47077.016
259.105,100.200,34227.551,50314.477
260.134,100.100,35767.551,50314.477
261.162,99.200,36650.129,50162.195
262.190,81.700,33315.301,46827.316
263.219,106.000,33315.301,46827.316
264.247,106.000,33315.301,46827.316
265.275,106.000,33315.301,46827.316
266.303,106.000,33315.301,46827.316
267.331,106.000,33315.301,46827.316
268.358,106.200,33315.301,46827.316
269.386,105.100,33315.301,46827.316
270.414,106.000,33315.301,46827.316
271.442,106.000,33315.301,46827.316
272.470,107.000,33315.301,46827.316
273.498,106.000,33315.301,46827.316
274.526,106.000,33315.301,46827.316
275.554,106.000,33315.301,46827.316
276.583,106.000,33315.301,46827.316
277.611,106.000,33315.301,46827.316
278.639,106.000,33315.301,46827.316
279.667,107.000,33315.301,46827.316
280.695,106.000,33315.301,46827.316
281.724,105.900,33315.301,46827.316
282.752,106.000,33315.301,46827.316
283.780,106.000,33315.301,46827.316
284.808,105.100,33315.301,46827.316
285.835,106.100,33315.301,46827.316
286.863,107.000,33315.301,46827.316
287.891,107.000,33315.301,46827.316
288.919,105.100,33315.301,46827.316
289.947,106.100,33315.301,46827.316
290.975,107.000,33315.301,46827.316
292.002,105.100,33315.301,46827.316
293.030,107.000,33315.301,46827.316
294.058,106.000,33315.301,46827.316
295.086,106.100,33315.301,46827.316
296.114,105.100,33315.301,46827.316
297.142,107.000,33315.301,46827.316
298.170,106.000,33315.301,46827.316
299.198,106.000,33315.301,46827.316
300.226,106.000,33315.301,46827.316
301.253,106.100,33315.301,46827.316
302.281,106.100,33315.301,46827.316
303.309,106.000,33315.301,46827.316
304.337,106.100,33315.301,46827.316
305.365,106.000,33315.301,46827.316
306.393,107.000,33315.301,46827.316
307.420,106.100,33315.301,46827.316
308.448,106.100,33315.301,46827.316
309.476,106.000,33315.301,46827.316
310.504,106.000,33315.301,46827.316
311.532,106.000,33315.301,46827.316
312.561,107.000,33315.301,46827.316
313.589,107.000,33315.301,46827.316
314.616,105.100,33315.301,46827.316
315.644,107.000,33315.301,46827.316
316.672,106.100,33315.301,46827.316
317.700,106.000,33315.301,46827.316
318.728,106.000,33315.301,46827.316
319.756,106.000,33315.301,46827.316
320.785,106.000,33315.301,46827.316
321.813,105.000,30921.203,44433.219
322.841,107.000,30921.203,44433.219
323.869,107.000,30921.203,44433.219
324.897,105.100,30921.203,44433.219
325.926,105.000,30921.203,44433.219
326.953,107.000,30921.203,44433.219
327.981,106.100,30921.203,44433.219
329.009,106.000,30921.203,44433.219
330.037,106.100,30921.203,44433.219
331.064,106.000,30921.203,44433.219
332.092,108.000,30921.203,44433.219
333.120,105.100,30921.203,44433.219
334.148,106.000,30921.203,44433.219
335.176,106.000,30921.203,44433.219
336.204,106.000,30921.203,44433.219
337.233,106.000,30921.203,44433.219
338.261,107.000,30921.203,44433.219
339.289,106.000,30921.203,44433.219
340.317,106.100,30921.203,44433.219
341.344,105.100,30921.203,44433.219
342.372,107.000,30921.203,44433.219
343.400,106.000,30921.203,44433.219
344.428,106.000,30921.203,44433.219
345.456,107.000,30921.203,44433.219
346.484,106.000,30921.203,44433.219
347.512,106.000,30921.203,44433.219
348.540,106.000,30921.203,44433.219
349.568,106.000,30921.203,44433.219
350.596,106.000,30921.203,44433.219
351.624,106.000,30921.203,44433.219
352.652,107.000,30921.203,44433.219
353.680,106.000,30921.203,44433.219
354.709,106.000,30921.203,44433.219
355.737,107.000,30921.203,44433.219
356.765,106.000,30921.203,44433.219
357.792,107.000,30921.203,44433.219
358.821,106.000,30921.203,44433.219
359.849,106.000,30921.203,44433.219
360.877,106.000,30921.203,44433.219
361.905,106.000,30921.203,44433.219
362.932,106.000,30921.203,44433.219
363.961,107.000,30921.203,44433.219
364.989,106.000,30921.203,44433.219
366.017,106.000,30921.203,44433.219
367.045,106.000,30921.203,44433.219
368.073,107.000,30921.203,44433.219
369.101,107.000,30921.203,44433.219
370.129,106.100,30921.203,44433.219
371.157,106.000,30921.203,44433.219
372.185,107.000,30921.203,44433.219
373.214,106.000,30921.203,44433.219
374.241,106.100,30921.203,44433.219
375.269,106.100,30921.203,44433.219
376.297,106.000,30921.203,44433.219
377.325,107.000,30921.203,44433.219
378.352,106.200,30921.203,44433.219
379.380,106.000,30921.203,44433.219
380.408,106.000,30921.203,44433.219
381.436,106.000,30921.203,44433.219
382.464,106.100,30921.203,44433.219
383.491,106.000,30921.203,44433.219
384.519,106.000,30921.203,44433.219
385.547,107.000,30921.203,44433.219
386.575,106.000,30921.203,44433.219
387.603,106.000,30921.203,44433.219
388.631,107.000,30921.203,44433.219
389.659,107.000,30921.203,44433.219
390.687,106.000,30921.203,44433.219
391.715,106.000,30921.203,44433.219
392.743,106.000,30921.203,44433.219
393.771,106.000,30921.203,44433.219
394.799,102.100,30921.203,44433.219
395.828,101.200,30921.203,44433.219
396.855,99.200,30921.203,44433.219
397.884,100.200,30921.203,44433.219
398.912,100.200,30921.203,44433.219
399.940,99.200,30921.203,44433.219
400.968,100.200,30921.203,44433.219
401.997,100.100,30921.203,44433.219
403.025,100.200,30921.203,44433.219
404.053,100.200,30921.203,44433.219
405.081,100.200,30921.203,44433.219
406.109,104.100,30921.203,44433.219
407.137,107.000,30921.203,44433.219
408.165,105.100,30921.203,44433.219
409.193,106.000,30921.203,44433.219
410.221,106.000,30921.203,44433.219
411.249,106.000,30921.203,44433.219
412.277,105.000,30921.203,44433.219
413.305,106.000,30921.203,44433.219
414.333,106.000,30921.203,44433.219
415.360,105.200,30921.203,44433.219
416.388,106.000,30921.203,44433.219
417.416,105.100,30921.203,44433.219
418.443,106.000,30921.203,44433.219
419.471,106.100,30921.203,44433.219
420.499,107.000,30921.203,44433.219
421.527,106.000,30921.203,44433.219
422.555,106.000,30921.203,44433.219
423.583,106.000,30921.203,44433.219
424.611,105.100,30921.203,44433.219
425.638,106.100,30921.203,44433.219
426.666,106.000,30921.203,44433.219
427.694,106.000,30921.203,44433.219
428.722,105.100,30921.203,44433.219
429.750,106.000,30921.203,44433.219
430.778,106.000,30921.203,44433.219
431.807,106.000,30921.203,44433.219
432.835,106.000,30921.203,44433.219
433.863,107.000,30921.203,44433.219
434.891,106.100,30921.203,44433.219
435.918,105.100,30921.203,44433.219
436.946,106.100,30921.203,44433.219
437.974,106.000,30921.203,44433.219
439.002,106.000,30921.203,44433.219
440.030,106.000,30921.203,44433.219
441.058,107.000,30921.203,44433.219
442.085,106.100,30921.203,44433.219
443.113,105.100,30921.203,44433.219
444.141,106.000,30921.203,44433.219
445.169,106.000,30921.203,44433.219
446.197,106.000,30921.203,44433.219
447.225,105.100,30921.203,44433.219
448.253,106.100,30921.203,44433.219
449.281,107.000,30921.203,44433.219
450.308,105.100,30921.203,44433.219
451.336,107.000,30921.203,44433.219
452.363,105.200,30921.203,44433.219
453.390,106.100,30921.203,44433.219
454.418,107.000,30921.203,44433.219
455.446,106.000,30921.203,44433.219
456.474,106.000,30921.203,44433.219
457.502,105.000,30921.203,44433.219
458.531,107.000,30921.203,44433.219
459.559,106.000,30921.203,44433.219
460.587,105.100,30921.203,44433.219
461.615,106.000,30921.203,44433.219
462.643,106.000,30921.203,44433.219
463.671,107.000,30921.203,44433.219
464.699,106.100,30921.203,44433.219
465.727,106.100,30921.203,44433.219
466.755,107.000,30921.203,44433.219
467.783,105.100,30921.203,44433.219
468.810,106.100,30921.203,44433.219
469.838,107.000,30921.203,44433.219
470.866,106.100,30921.203,44433.219
471.893,105.100,30921.203,44433.219
472.921,105.100,30921.203,44433.219
473.949,107.000,30921.203,44433.219
474.977,105.100,30921.203,44433.219
476.005,106.000,30921.203,44433.219
477.032,106.100,30921.203,44433.219
478.060,106.000,30921.203,44433.219
479.088,106.000,30921.203,44433.219
480.116,105.100,30921.203,44433.219
481.144,106.000,30921.203,44433.219
482.172,106.000,30921.203,44433.219
483.200,106.000,30921.203,44433.219
484.228,107.000,30921.203,44433.219
485.256,106.000,30921.203,44433.219
486.284,106.000,30921.203,44433.219
487.312,106.000,30921.203,44433.219
488.339,106.100,30921.203,44433.219
489.367,105.100,30921.203,44433.219
490.394,106.000,30921.203,44433.219
491.423,106.000,30921.203,44433.219
492.451,107.000,30921.203,44433.219
493.479,105.100,30921.203,44433.219
494.507,106.000,30921.203,44433.219
495.535,107.000,30921.203,44433.219
496.562,105.100,30921.203,44433.219
497.590,107.000,30921.203,44433.219
498.618,107.000,30921.203,44433.219
499.646,106.100,30921.203,44433.219
500.674,106.100,30921.203,44433.219
501.702,106.100,30921.203,44433.219
502.729,106.100,30921.203,44433.219
503.757,106.100,30921.203,44433.219
504.785,106.100,30921.203,44433.219
505.813,106.000,30921.203,44433.219
506.841,106.000,30921.203,44433.219
507.869,106.000,30921.203,44433.219
508.897,106.100,30921.203,44433.219
509.925,107.000,30921.203,44433.219
510.952,106.100,30921.203,44433.219
511.980,106.100,30921.203,44433.219
513.008,106.000,30921.203,44433.219
514.036,106.100,30921.203,44433.219
515.063,106.100,30921.203,44433.219
516.091,106.000,30921.203,44433.219
517.119,106.100,30921.203,44433.219
518.147,106.100,30921.203,44433.219
519.175,106.000,30921.203,44433.219
520.203,106.100,30921.203,44433.219
521.232,106.000,30921.203,44433.219
522.260,106.000,30921.203,44433.219
523.288,106.000,30921.203,44433.219
524.316,107.000,30921.203,44433.219
525.343,106.200,30921.203,44433.219
526.371,106.100,30921.203,44433.219
527.398,106.100,30921.203,44433.219
528.426,106.000,30921.203,44433.219
529.454,106.000,30921.203,44433.219
530.482,106.000,30921.203,44433.219
531.510,106.000,30921.203,44433.219
532.537,106.100,30921.203,44433.219
533.565,106.100,30921.203,44433.219
534.593,106.100,30921.203,44433.219
535.621,104.100,30921.203,44433.219
536.649,99.200,30921.203,44433.219
537.676,100.200,30921.203,44433.219
538.704,100.200,30921.203,44433.219
539.732,100.200,30921.203,44433.219
540.760,100.200,30921.203,44433.219
541.788,100.200,30921.203,44433.219
542.816,100.200,30921.203,44433.219
543.843,99.300,30921.203,44433.219
544.872,100.200,30921.203,44433.219
545.900,99.200,30921.203,44433.219
546.928,100.200,30921.203,44433.219
547.956,100.200,30921.203,44433.219
548.984,100.200,30921.203,44433.219
550.012,100.200,30921.203,44433.219
551.039,99.300,30921.203,44433.219
552.068,100.100,30921.203,44433.219
553.096,100.200,30921.203,44433.219
554.123,100.200,30921.203,44433.219
555.151,100.200,30921.203,44433.219
556.179,100.200,30921.203,44433.219
557.207,99.200,30921.203,44433.219
558.235,100.200,30921.203,44433.219
559.263,100.200,30921.203,44433.219
560.291,100.200,30921.203,44433.219
561.318,100.200,30921.203,44433.219
562.345,99.400,30921.203,44433.219
563.372,100.200,30921.203,44433.219
564.400,100.200,30921.203,44433.219
565.428,100.200,30921.203,44433.219
566.456,99.200,30921.203,44433.219
567.484,100.200,30921.203,44433.219
568.512,100.200,30921.203,44433.219
569.540,102.100,31025.238,44537.254
570.568,107.000,31025.238,44537.254
571.596,105.100,31025.238,44537.254
572.624,106.000,31025.238,44537.254
573.652,106.000,31025.238,44537.254
574.680,106.000,31025.238,44537.254
575.709,107.000,31025.238,44537.254
576.737,105.000,31025.238,44537.254
577.765,106.000,31025.238,44537.254
578.793,106.000,31025.238,44537.254
579.821,105.900,31025.238,44537.254
580.850,106.000,31025.238,44537.254
581.878,106.000,31025.238,44537.254
582.906,107.000,31025.238,44537.254
583.934,106.000,31025.238,44537.254
584.962,106.000,31025.238,44537.254
585.990,106.000,31025.238,44537.254
587.018,106.000,31025.238,44537.254
588.046,106.000,31025.238,44537.254
589.074,106.000,31025.238,44537.254
590.102,106.000,31025.238,44537.254
591.130,106.000,31025.238,44537.254
592.158,106.000,31025.238,44537.254
593.186,106.000,31025.238,44537.254
594.214,106.000,31025.238,44537.254
595.242,106.000,31025.238,44537.254
596.270,106.000,31025.238,44537.254
597.297,107.000,31025.238,44537.254
598.325,106.000,31025.238,44537.254
599.352,106.200,31025.238,44537.254
600.380,106.000,31025.238,44537.254
601.408,106.000,31025.238,44537.254
602.436,107.000,31025.238,44537.254
603.464,106.000,31025.238,44537.254
604.492,106.000,31025.238,44537.254
605.519,106.000,31025.238,44537.254
606.547,107.000,31025.238,44537.254
607.575,105.100,31025.238,44537.254
608.603,107.000,31025.238,44537.254
609.631,106.000,31025.238,44537.254
610.660,106.000,31025.238,44537.254
611.688,105.000,31025.238,44537.254
612.717,107.000,31025.238,44537.254
613.744,106.000,31025.238,44537.254
614.772,107.000,31025.238,44537.254
615.800,106.000,31025.238,44537.254
616.828,106.000,31025.238,44537.254
617.856,106.100,31025.238,44537.254
618.884,106.000,31025.238,44537.254
619.912,106.100,31025.238,44537.254
620.940,106.000,31025.238,44537.254
621.967,106.100,31025.238,44537.254
622.995,105.100,31025.238,44537.254
624.023,107.000,31025.238,44537.254
625.051,106.000,31025.238,44537.254
626.079,106.000,31025.238,44537.254
627.107,106.000,31025.238,44537.254
628.135,106.000,31025.238,44537.254
629.163,106.000,31025.238,44537.254
630.190,107.000,31025.238,44537.254
631.218,106.000,31025.238,44537.254
632.246,106.000,31025.238,44537.254
633.274,106.000,31025.238,44537.254
634.302,106.000,31025.238,44537.254
635.330,106.000,31025.238,44537.254
636.357,106.200,31025.238,44537.254
637.385,106.000,31025.238,44537.254
638.413,106.100,31025.238,44537.254
639.441,106.000,31025.238,44537.254
640.469,106.000,31025.238,44537.254
641.498,106.000,31025.238,44537.254
642.526,106.000,31025.238,44537.254
643.554,107.000,31025.238,44537.254
644.582,106.100,31025.238,44537.254
645.610,107.000,31025.238,44537.254
646.638,106.000,31025.238,44537.254
647.666,106.000,31025.238,44537.254
648.693,106.100,31025.238,44537.254
649.721,106.000,31025.238,44537.254
650.749,106.000,31025.238,44537.254
651.777,106.000,31025.238,44537.254
652.805,106.000,31025.238,44537.254
653.833,106.000,31025.238,44537.254
654.861,106.000,31025.238,44537.254
655.889,106.000,31025.238,44537.254
656.916,107.000,31025.238,44537.254
657.944,105.100,31025.238,44537.254
658.972,107.000,31025.238,44537.254
660.000,106.000,31025.238,44537.254
661.028,107.000,31025.238,44537.254
662.056,106.000,31025.238,44537.254
663.084,106.000,31025.238,44537.254
664.112,107.000,31025.238,44537.254
665.140,106.000,31025.238,44537.254
666.168,106.000,31025.238,44537.254
667.195,106.100,31025.238,44537.254
668.224,106.000,31025.238,44537.254
669.252,107.000,31025.238,44537.254
670.279,106.000,31025.238,44537.254
671.308,106.000,31025.238,44537.254
672.336,106.000,31025.238,44537.254
673.364,107.000,31025.238,44537.254
674.392,106.000,31025.238,44537.254
675.420,106.000,31025.238,44537.254
676.448,107.000,31025.238,44537.254
677.476,106.000,31025.238,44537.254
678.504,107.000,31025.238,44537.254
679.532,106.000,31025.238,44537.254
680.560,106.000,31025.238,44537.254
681.588,106.000,31025.238,44537.254
682.616,106.000,31025.238,44537.254
683.644,107.000,31025.238,44537.254
684.672,105.100,31025.238,44537.254
685.700,107.000,31025.238,44537.254
686.728,106.000,31025.238,44537.254
687.756,106.000,31025.238,44537.254
688.784,107.000,31025.238,44537.254
689.812,106.000,31025.238,44537.254
690.840,106.000,31025.238,44537.254
691.868,106.000,31025.238,44537.254
692.897,107.000,31025.238,44537.254
693.925,106.000,31025.238,44537.254
694.953,106.000,31025.238,44537.254
695.981,106.000,31025.238,44537.254
697.009,106.000,31025.238,44537.254
698.037,106.000,31025.238,44537.254
699.065,100.200,31025.238,44537.254
700.094,100.200,31025.238,44537.254
701.122,100.100,31025.238,44537.254
702.151,100.100,31025.238,44537.254
703.179,100.200,31025.238,44537.254
704.207,99.200,31025.238,44537.254
705.235,100.200,31025.238,44537.254
706.263,100.200,31025.238,44537.254
707.291,100.200,31025.238,44537.254
708.318,100.200,31025.238,44537.254
709.345,103.300,31025.238,44537.254
710.373,106.000,31025.238,44537.254
711.401,106.000,31025.238,44537.254
712.429,105.100,31025.238,44537.254
713.456,107.000,31025.238,44537.254
714.484,106.000,31025.238,44537.254
715.512,106.000,31025.238,44537.254
716.540,106.000,31025.238,44537.254
717.568,106.000,31025.238,44537.254
718.596,106.000,31025.238,44537.254
719.624,105.100,31025.238,44537.254
720.652,106.000,31025.238,44537.254
721.681,105.900,31025.238,44537.254
722.709,107.000,31025.238,44537.254
723.737,106.000,31025.238,44537.254
724.765,106.000,31025.238,44537.254
725.793,107.000,31025.238,44537.254
726.821,106.000,31025.238,44537.254
727.849,106.000,31025.238,44537.254
728.877,106.000,31025.238,44537.254
729.905,106.000,31025.238,44537.254
730.933,105.000,31025.238,44537.254
731.962,106.000,31025.238,44537.254
732.990,107.000,31025.238,44537.254
734.018,106.000,31025.238,44537.254
735.046,106.000,31025.238,44537.254
736.074,106.000,31025.238,44537.254
737.102,106.000,31025.238,44537.254
738.130,106.100,31025.238,44537.254
739.158,106.000,31025.238,44537.254
740.186,106.000,31025.238,44537.254
741.214,107.000,31025.238,44537.254
742.242,105.100,31025.238,44537.254
743.270,106.000,31025.238,44537.254
744.298,107.000,31025.238,44537.254
745.326,106.000,31025.238,44537.254
746.353,105.200,31025.238,44537.254
747.381,106.000,31025.238,44537.254
748.409,107.000,31025.238,44537.254
749.437,106.000,31025.238,44537.254
750.465,105.100,31025.238,44537.254
751.493,106.000,31025.238,44537.254
752.521,107.000,31025.238,44537.254
753.548,106.100,31025.238,44537.254
754.576,106.000,31025.238,44537.254
755.604,107.000,31025.238,44537.254
756.632,106.000,31025.238,44537.254
757.661,105.100,31025.238,44537.254
758.689,107.000,31025.238,44537.254
759.717,106.000,31025.238,44537.254
760.745,106.000,31025.238,44537.254
761.774,105.900,31025.238,44537.254
762.802,106.000,31025.238,44537.254
763.830,107.000,31025.238,44537.254
764.858,106.000,31025.238,44537.254
765.886,106.000,31025.238,44537.254
766.914,106.000,31025.238,44537.254
767.942,107.000,31025.238,44537.254
768.970,106.000,31025.238,44537.254
769.998,106.000,31025.238,44537.254
771.026,107.000,31025.238,44537.254
772.054,106.100,31025.238,44537.254
773.082,106.100,31025.238,44537.254
774.110,106.000,31025.238,44537.254
775.138,106.100,31025.238,44537.254
776.166,106.000,31025.238,44537.254
777.193,106.100,31025.238,44537.254
778.221,106.000,31025.238,44537.254
779.249,106.000,31025.238,44537.254
780.277,106.000,31025.238,44537.254
781.305,106.000,31025.238,44537.254
782.333,106.000,31025.238,44537.254
783.360,106.200,31025.238,44537.254
784.388,106.000,31025.238,44537.254
785.415,106.100,31025.238,44537.254
786.443,106.000,31025.238,44537.254
787.471,107.000,31025.238,44537.254
788.499,106.000,31025.238,44537.254
789.527,106.000,31025.238,44537.254
790.555,106.000,31025.238,44537.254
791.584,105.900,31025.238,44537.254
792.613,106.000,31025.238,44537.254
793.640,106.100,31025.238,44537.254
794.668,106.000,31025.238,44537.254
795.696,106.000,31025.238,44537.254
796.725,106.000,31025.238,44537.254
797.753,106.000,31025.238,44537.254
798.781,107.000,31025.238,44537.254
799.809,106.000,31025.238,44537.254
800.836,106.000,31025.238,44537.254
801.864,107.000,31025.238,44537.254
802.892,106.000,31025.238,44537.254
803.920,106.000,31025.238,44537.254
804.948,106.000,31025.238,44537.254
805.976,106.000,31025.238,44537.254
807.004,107.000,31025.238,44537.254
808.033,106.000,31025.238,44537.254
809.061,107.000,31025.238,44537.254
810.089,106.000,31025.238,44537.254
811.117,106.000,31025.238,44537.254
812.145,106.000,31025.238,44537.254
813.173,106.000,31025.238,44537.254
814.201,107.000,31025.238,44537.254
815.229,106.100,31025.238,44537.254
816.257,106.000,31025.238,44537.254
817.284,106.000,31025.238,44537.254
818.312,106.000,31025.238,44537.254
819.339,106.100,31025.238,44537.254
820.368,107.000,31025.238,44537.254
821.396,106.000,31025.238,44537.254
822.426,105.900,31025.238,44537.254
823.454,106.000,31025.238,44537.254
824.482,106.000,31025.238,44537.254
825.510,106.000,31025.238,44537.254
826.537,107.000,31025.238,44537.254
827.565,106.000,31025.238,44537.254
828.593,106.000,31025.238,44537.254
829.621,107.000,31025.238,44537.254
830.649,106.000,31025.238,44537.254
831.677,106.000,31025.238,44537.254
832.704,106.200,31025.238,44537.254
833.732,106.000,31025.238,44537.254
834.759,106.000,31025.238,44537.254
835.788,106.000,31025.238,44537.254
836.816,106.000,31025.238,44537.254
837.844,106.000,31025.238,44537.254
838.871,102.200,31025.238,44537.254
839.899,100.200,31025.238,44537.254
840.927,100.200,31025.238,44537.254
841.955,100.200,31025.238,44537.254
842.983,99.200,31025.238,44537.254
844.011,100.200,31025.238,44537.254
845.039,100.200,31025.238,44537.254
846.067,100.200,31025.238,44537.254
847.095,99.200,31025.238,44537.254
848.123,100.200,31025.238,44537.254
849.151,100.200,31025.238,44537.254
850.179,100.200,31025.238,44537.254
851.207,99.200,31025.238,44537.254
852.235,100.100,31025.238,44537.254
853.264,100.200,31025.238,44537.254
854.292,101.200,31025.238,44537.254
855.319,99.200,31025.238,44537.254
856.346,100.300,31025.238,44537.254
857.374,100.200,31025.238,44537.254
858.402,99.200,31025.238,44537.254
859.430,100.200,31025.238,44537.254
860.458,100.200,31025.238,44537.254
861.486,100.200,31025.238,44537.254
862.514,100.200,31025.238,44537.254
863.542,99.200,31025.238,44537.254
864.570,100.200,31025.238,44537.254
865.597,100.200,31025.238,44537.254
866.625,99.200,31025.238,44537.254
867.654,100.100,31025.238,44537.254
868.682,100.200,31025.238,44537.254
869.709,100.200,31025.238,44537.254
870.737,102.200,31129.098,44641.113
871.765,106.000,31129.098,44641.113
872.793,106.000,31129.098,44641.113
873.821,105.100,31129.098,44641.113
874.849,107.000,31129.098,44641.113
875.878,106.000,31129.098,44641.113
876.906,106.000,31129.098,44641.113
877.934,105.000,31129.098,44641.113
878.962,107.000,31129.098,44641.113
879.990,106.000,31129.098,44641.113
881.018,106.000,31129.098,44641.113
882.046,106.000,31129.098,44641.113
883.075,105.900,31129.098,44641.113
884.103,106.000,31129.098,44641.113
885.131,107.000,31129.098,44641.113
886.160,106.000,31129.098,44641.113
887.188,107.000,31129.098,44641.113
888.216,106.000,31129.098,44641.113
889.244,105.100,31129.098,44641.113
890.272,107.000,31129.098,44641.113
891.300,106.000,31129.098,44641.113
892.328,106.000,31129.098,44641.113
893.354,106.200,31129.098,44641.113
894.383,106.000,31129.098,44641.113
895.410,107.000,31129.098,44641.113
896.439,106.000,31129.098,44641.113
897.466,105.100,31129.098,44641.113
898.494,107.000,31129.098,44641.113
899.522,106.000,31129.098,44641.113
900.550,106.000,31129.098,44641.113
901.578,106.000,31129.098,44641.113
902.606,106.000,31129.098,44641.113
903.634,106.000,31129.098,44641.113
904.662,106.000,31129.098,44641.113
905.690,107.000,31129.098,44641.113
906.718,106.000,31129.098,44641.113
907.747,106.000,31129.098,44641.113
908.775,107.000,31129.098,44641.113
909.803,107.000,31129.098,44641.113
910.831,106.000,31129.098,44641.113
911.859,106.000,31129.098,44641.113
912.888,106.000,31129.098,44641.113
913.916,106.000,31129.098,44641.113
914.944,107.000,31129.098,44641.113
915.972,105.100,31129.098,44641.113
917.000,107.000,31129.098,44641.113
918.028,106.000,31129.098,44641.113
919.056,106.000,31129.098,44641.113
920.084,106.000,31129.098,44641.113
921.113,106.900,31129.098,44641.113
922.142,106.000,31129.098,44641.113
923.170,107.000,31129.098,44641.113
924.198,105.100,31129.098,44641.113
925.226,107.000,31129.098,44641.113
926.254,106.000,31129.098,44641.113
927.282,106.000,31129.098,44641.113
928.310,106.000,31129.098,44641.113
929.338,106.100,31129.098,44641.113
930.366,106.000,31129.098,44641.113
931.393,106.100,31129.098,44641.113
932.421,106.000,31129.098,44641.113
933.449,106.100,31129.098,44641.113
934.477,107.000,31129.098,44641.113
935.505,107.000,31129.098,44641.113
936.533,106.000,31129.098,44641.113
937.561,106.000,31129.098,44641.113
938.589,106.000,31129.098,44641.113
939.617,106.000,31129.098,44641.113
940.645,106.100,31129.098,44641.113
941.673,106.000,31129.098,44641.113
942.702,107.000,31129.098,44641.113
943.730,106.000,31129.098,44641.113
944.758,106.000,31129.098,44641.113
945.786,106.000,31129.098,44641.113
946.814,107.000,31129.098,44641.113
947.842,106.000,31129.098,44641.113
948.870,106.000,31129.098,44641.113
949.898,106.000,31129.098,44641.113
950.926,107.000,31129.098,44641.113
951.954,106.100,31129.098,44641.113
952.982,106.000,31129.098,44641.113
954.010,106.000,31129.098,44641.113
955.038,106.000,31129.098,44641.113
956.066,106.000,31129.098,44641.113
957.094,107.000,31129.098,44641.113
958.121,106.100,31129.098,44641.113
959.149,106.000,31129.098,44641.113
960.177,106.100,31129.098,44641.113
961.205,107.000,31129.098,44641.113
962.233,105.000,31129.098,44641.113
963.261,107.000,31129.098,44641.113
964.289,107.000,31129.098,44641.113
965.317,107.000,31129.098,44641.113
966.344,106.200,31129.098,44641.113
967.372,106.000,31129.098,44641.113
968.400,106.000,31129.098,44641.113
969.428,107.000,31129.098,44641.113
970.456,106.000,31129.098,44641.113
971.484,106.900,31129.098,44641.113
972.513,106.000,31129.098,44641.113
973.541,106.000,31129.098,44641.113
974.569,106.100,31129.098,44641.113
975.597,107.000,31129.098,44641.113
976.625,106.000,31129.098,44641.113
977.653,106.100,31129.098,44641.113
978.680,106.000,31129.098,44641.113
979.708,107.000,31129.098,44641.113
980.736,106.000,31129.098,44641.113
981.764,106.000,31129.098,44641.113
982.792,107.000,31129.098,44641.113
983.820,106.000,31129.098,44641.113
984.848,106.000,31129.098,44641.113
985.876,106.000,31129.098,44641.113
986.904,107.000,31129.098,44641.113
987.932,106.000,31129.098,44641.113
988.960,106.000,31129.098,44641.113
989.988,107.000,31129.098,44641.113
991.016,106.100,31129.098,44641.113
992.044,106.000,31129.098,44641.113
993.071,107.000,31129.098,44641.113
994.099,106.000,31129.098,44641.113
995.127,107.000,31129.098,44641.113
996.155,105.100,31129.098,44641.113
997.183,106.100,31129.098,44641.113
998.211,107.000,31129.098,44641.113
999.239,106.000,31129.098,44641.113
1000.267,106.000,31129.098,44641.113
1001.295,104.000,31129.098,44641.113
1002.324,100.200,31129.098,44641.113
1003.350,99.300,31129.098,44641.113
1004.378,100.200,31129.098,44641.113
1005.406,100.200,31129.098,44641.113
1006.434,100.200,31129.098,44641.113
1007.462,100.200,30921.098,44433.113
1008.490,99.200,30921.098,44433.113
1009.518,100.200,30921.098,44433.113
1010.546,100.200,30921.098,44433.113
1011.574,100.200,30921.098,44433.113
1012.602,100.200,30921.098,44433.113
1013.629,102.200,30921.098,44433.113
1014.657,107.000,30921.098,44433.113
1015.685,106.000,30921.098,44433.113
1016.713,106.000,30921.098,44433.113
1017.741,106.100,30921.098,44433.113
1018.769,107.000,30921.098,44433.113
1019.797,106.000,30921.098,44433.113
1020.825,105.100,30921.098,44433.113
1021.853,106.000,30921.098,44433.113
1022.881,107.000,30921.098,44433.113
1023.909,106.000,30921.098,44433.113
1024.937,105.100,30921.098,44433.113
1025.965,106.100,30921.098,44433.113
1026.992,107.000,30921.098,44433.113
1028.020,106.000,30921.098,44433.113
1029.048,105.100,30921.098,44433.113
1030.076,107.000,30921.098,44433.113
1031.105,106.000,30921.098,44433.113
1032.133,106.000,30921.098,44433.113
1033.161,105.100,30921.098,44433.113
1034.188,106.100,30921.098,44433.113
1035.216,106.100,30921.098,44433.113
1036.244,106.000,30921.098,44433.113
1037.272,106.000,30921.098,44433.113
1038.300,106.100,30921.098,44433.113
1039.328,107.000,30921.098,44433.113
1040.352,105.400,30921.098,44433.113
1041.380,106.000,30921.098,44433.113
1042.408,106.100,30921.098,44433.113
1043.436,106.000,30921.098,44433.113
1044.464,106.100,30921.098,44433.113
1045.492,106.000,30921.098,44433.113
1046.520,106.000,30921.098,44433.113
1047.547,107.000,30921.098,44433.113
1048.575,105.100,30921.098,44433.113
1049.603,107.000,30921.098,44433.113
1050.631,105.100,30921.098,44433.113
1051.659,106.100,30921.098,44433.113
1052.687,107.000,30921.098,44433.113
1053.715,106.000,30921.098,44433.113
1054.743,106.000,30921.098,44433.113
1055.771,106.000,30921.098,44433.113
1056.799,107.000,30921.098,44433.113
1057.827,106.000,30921.098,44433.113
1058.855,106.000,30921.098,44433.113
1059.883,106.000,30921.098,44433.113
1060.912,106.000,30921.098,44433.113
1061.940,106.000,30921.098,44433.113
1062.968,107.000,30921.098,44433.113
1063.997,106.000,30921.098,44433.113
1065.025,106.000,30921.098,44433.113
1066.053,106.100,30921.098,44433.113
1067.081,106.000,30921.098,44433.113
1068.109,106.000,30921.098,44433.113
1069.137,106.000,30921.098,44433.113
1070.165,106.000,30921.098,44433.113
1071.193,106.100,30921.098,44433.113
1072.221,107.000,30921.098,44433.113
1073.249,106.000,30921.098,44433.113
1074.277,106.000,30921.098,44433.113
1075.305,106.000,30921.098,44433.113
1076.333,106.000,30921.098,44433.113
1077.358,106.300,30921.098,44433.113
1078.386,106.100,30921.098,44433.113
1079.413,106.100,30921.098,44433.113
1080.441,106.000,30921.098,44433.113
1081.469,107.000,30921.098,44433.113
1082.497,105.100,30921.098,44433.113
1083.525,106.000,30921.098,44433.113
1084.553,106.100,30921.098,44433.113
1085.581,106.000,30921.098,44433.113
1086.608,106.100,30921.098,44433.113
1087.636,106.000,30921.098,44433.113
1088.664,106.000,30921.098,44433.113
1089.692,106.100,30921.098,44433.113
1090.721,106.000,30921.098,44433.113
1091.749,106.000,30921.098,44433.113
1092.777,106.100,30921.098,44433.113
1093.804,106.100,30921.098,44433.113
1094.832,106.100,30921.098,44433.113
1095.860,107.000,30921.098,44433.113
1096.888,106.000,30921.098,44433.113
1097.916,106.000,30921.098,44433.113
1098.944,106.000,30921.098,44433.113
1099.972,106.000,30921.098,44433.113
1101.000,106.000,30921.098,44433.113
1102.028,106.100,30921.098,44433.113
1103.055,106.100,30921.098,44433.113
1104.084,107.000,30921.098,44433.113
1105.112,106.000,30921.098,44433.113
1106.140,106.000,30921.098,44433.113
1107.168,107.000,30921.098,44433.113
1108.196,106.000,30921.098,44433.113
1109.224,106.000,30921.098,44433.113
1110.252,106.000,30921.098,44433.113
1111.279,106.100,30921.098,44433.113
1112.308,107.000,30921.098,44433.113
1113.335,106.100,30921.098,44433.113
1114.363,106.000,30921.098,44433.113
1115.392,106.000,30921.098,44433.113
1116.420,106.000,30921.098,44433.113
1117.448,107.000,30921.098,44433.113
1118.476,106.000,30921.098,44433.113
1119.504,106.000,30921.098,44433.113
1120.532,106.000,30921.098,44433.113
1121.561,106.900,30921.098,44433.113
1122.590,105.000,30921.098,44433.113
1123.617,107.000,30921.098,44433.113
1124.645,105.100,30921.098,44433.113
1125.674,107.000,30921.098,44433.113
1126.702,106.000,30921.098,44433.113
1127.730,106.000,30921.098,44433.113
1128.758,106.000,30921.098,44433.113
1129.785,107.000,30921.098,44433.113
1130.813,106.000,30921.098,44433.113
1131.841,106.000,30921.098,44433.113
1132.869,107.000,30921.098,44433.113
1133.897,106.000,30921.098,44433.113
1134.925,106.000,30921.098,44433.113
1135.953,106.000,30921.098,44433.113
1136.981,107.000,30921.098,44433.113
1138.009,106.000,30921.098,44433.113
1139.037,105.000,30921.098,44433.113
1140.065,106.000,30921.098,44433.113
1141.094,107.000,30921.098,44433.113
1142.121,101.200,30921.098,44433.113
1143.150,100.200,30921.098,44433.113
1144.178,100.200,30921.098,44433.113
1145.206,100.200,30921.098,44433.113
1146.234,99.200,30921.098,44433.113
1147.262,100.200,30921.098,44433.113
1148.290,100.200,30921.098,44433.113
1149.318,100.200,30921.098,44433.113
1150.345,100.300,30921.098,44433.113
1151.373,99.200,30921.098,44433.113
1152.401,100.200,30921.098,44433.113
1153.429,100.200,30921.098,44433.113
1154.457,100.200,30921.098,44433.113
1155.485,100.200,30921.098,44433.113
1156.514,100.200,30921.098,44433.113
1157.541,99.200,30921.098,44433.113
1158.569,100.200,30921.098,44433.113
1159.598,100.200,30921.098,44433.113
1160.626,100.200,30921.098,44433.113
1161.654,100.200,30921.098,44433.113
1162.682,99.200,30921.098,44433.113
1163.710,100.200,30921.098,44433.113
1164.738,100.200,30921.098,44433.113
1165.765,100.200,30921.098,44433.113
1166.794,100.200,30921.098,44433.113
1167.822,100.200,30921.098,44433.113
1168.850,99.200,30921.098,44433.113
1169.878,100.200,30921.098,44433.113
1170.906,100.200,30921.098,44433.113
1171.934,100.200,30921.098,44433.113
1172.962,100.200,30921.098,44433.113
1173.990,101.200,31025.492,44537.625
1175.019,106.000,31025.492,44537.625
1176.047,106.000,31025.492,44537.625
1177.075,106.000,31025.492,44537.625
1178.103,106.000,31025.492,44537.625
1179.132,106.000,31025.492,44537.625
1180.160,106.000,31025.492,44537.625
1181.188,106.000,31025.492,44537.625
1182.217,106.000,31025.492,44537.625
1183.245,106.000,31025.492,44537.625
1184.273,106.000,31025.492,44537.625
1185.301,106.000,31025.492,44537.625
1186.329,107.000,31025.492,44537.625
1187.356,105.200,31025.492,44537.625
1188.384,106.000,31025.492,44537.625
1189.412,106.000,31025.492,44537.625
1190.440,106.000,31025.492,44537.625
1191.468,106.000,31025.492,44537.625
1192.496,106.000,31025.492,44537.625
1193.524,106.000,31025.492,44537.625
1194.552,107.000,31025.492,44537.625
1195.581,105.000,31025.492,44537.625
1196.608,106.100,31025.492,44537.625
1197.636,106.000,31025.492,44537.625
1198.664,106.100,31025.492,44537.625
1199.692,106.000,31025.492,44537.625
1200.720,106.000,31025.492,44537.625
1201.748,106.000,31025.492,44537.625
1202.776,106.000,31025.492,44537.625
1203.804,106.000,31025.492,44537.625
1204.832,106.000,31025.492,44537.625
1205.860,106.000,31025.492,44537.625
1206.888,106.000,31025.492,44537.625
1207.917,107.000,31025.492,44537.625
1208.945,107.000,31025.492,44537.625
1209.973,106.000,31025.492,44537.625
1211.001,105.000,31025.492,44537.625
1212.030,106.000,31025.492,44537.625
1213.058,107.000,31025.492,44537.625
1214.086,105.100,31025.492,44537.625
1215.114,106.000,31025.492,44537.625
1216.142,106.000,31025.492,44537.625
1217.170,107.000,31025.492,44537.625
1218.198,106.000,31025.492,44537.625
1219.226,106.000,31025.492,44537.625
1220.254,106.000,31025.492,44537.625
1221.282,106.000,31025.492,44537.625
1222.310,106.000,31025.492,44537.625
1223.338,106.100,31025.492,44537.625
1224.366,106.000,31025.492,44537.625
1225.394,107.000,31025.492,44537.625
1226.422,105.000,31025.492,44537.625
1227.450,107.000,31025.492,44537.625
1228.478,106.000,31025.492,44537.625
1229.506,106.000,31025.492,44537.625
1230.535,106.000,31025.492,44537.625
1231.563,106.000,31025.492,44537.625
1232.591,106.000,31025.492,44537.625
1233.619,106.000,31025.492,44537.625
1234.647,106.000,31025.492,44537.625
1235.675,107.000,31025.492,44537.625
1236.703,106.000,31025.492,44537.625
1237.731,106.100,31025.492,44537.625
1238.759,106.000,31025.492,44537.625
1239.787,106.000,31025.492,44537.625
1240.815,105.000,31025.492,44537.625
1241.844,106.000,31025.492,44537.625
1242.872,106.000,31025.492,44537.625
1243.900,106.000,31025.492,44537.625
1244.927,106.000,31025.492,44537.625
1245.955,106.000,31025.492,44537.625
1246.984,106.000,31025.492,44537.625
1248.012,106.000,31025.492,44537.625
1249.040,106.000,31025.492,44537.625
1250.068,106.000,31025.492,44537.625
1251.097,106.000,31025.492,44537.625
1252.125,106.000,31025.492,44537.625
1253.153,107.000,31025.492,44537.625
1254.181,107.000,31025.492,44537.625
1255.209,106.000,31025.492,44537.625
1256.237,106.000,31025.492,44537.625
1257.266,106.000,31025.492,44537.625
1258.294,106.000,31025.492,44537.625
1259.322,106.000,31025.492,44537.625
1260.348,105.200,31025.492,44537.625
1261.376,107.000,31025.492,44537.625
1262.404,106.000,31025.492,44537.625
1263.432,106.000,31025.492,44537.625
1264.460,106.000,31025.492,44537.625
1265.488,107.000,31025.492,44537.625
1266.516,106.000,31025.492,44537.625
1267.545,106.000,31025.492,44537.625
1268.573,106.000,31025.492,44537.625
1269.601,107.000,31025.492,44537.625
1270.630,105.900,31025.492,44537.625
1271.658,106.000,31025.492,44537.625
1272.686,106.000,31025.492,44537.625
1273.714,107.000,31025.492,44537.625
1274.742,106.000,31025.492,44537.625
1275.770,106.000,31025.492,44537.625
1276.798,106.000,31025.492,44537.625
1277.826,106.000,31025.492,44537.625
1278.854,107.000,31025.492,44537.625
1279.883,106.000,31025.492,44537.625
1280.911,106.000,31025.492,44537.625
1281.939,106.000,31025.492,44537.625
1282.967,106.000,31025.492,44537.625
1283.995,106.000,31025.609,44537.625
1285.023,107.000,31025.609,44537.625
1286.051,106.000,31025.609,44537.625
1287.079,106.000,31025.609,44537.625
1288.106,106.000,31025.609,44537.625
1289.134,106.000,31025.609,44537.625
1290.162,106.100,31025.609,44537.625
1291.190,106.000,31025.609,44537.625
1292.218,106.000,31025.609,44537.625
1293.246,107.000,31025.609,44537.625
1294.274,106.000,31025.609,44537.625
1295.302,106.000,31025.609,44537.625
1296.330,106.000,31025.609,44537.625
1297.357,107.200,31025.609,44537.625
1298.385,107.000,31025.609,44537.625
1299.413,106.000,31025.609,44537.625
1300.441,106.000,31025.609,44537.625
1301.470,106.000,31025.609,44537.625
1302.498,105.000,31025.609,44537.625
1303.526,106.000,31025.609,44537.625
1304.554,100.200,31025.609,44537.625
1305.582,101.200,31025.609,44537.625
1306.610,99.200,31025.609,44537.625
1307.638,100.100,31025.609,44537.625
1308.666,100.200,31025.609,44537.625
1309.694,100.200,31025.609,44537.625
1310.722,100.200,31025.609,44537.625
1311.750,99.200,31025.609,44537.625
1312.778,100.200,31025.609,44537.625
1313.806,100.200,31025.609,44537.625
1314.834,102.100,31025.609,44537.625
1315.862,106.100,31025.609,44537.625
1316.890,106.000,31025.613,44537.625
1317.918,106.000,31025.613,44537.625
1318.946,106.000,31025.613,44537.625
1319.974,106.000,31025.613,44537.625
1321.002,106.000,31025.613,44537.625
1322.031,105.900,31025.613,44537.625
1323.059,107.000,31025.613,44537.625
1324.087,106.100,31025.613,44537.625
1325.114,105.100,31025.613,44537.625
1326.143,106.000,31025.613,44537.625
1327.171,106.000,31025.613,44537.625
1328.199,107.000,31025.613,44537.625
1329.227,105.100,31025.613,44537.625
1330.254,107.000,31025.613,44537.625
1331.283,106.000,31025.613,44537.625
1332.312,106.000,31025.613,44537.625
1333.339,106.100,31025.613,44537.625
1334.367,106.000,31025.613,44537.625
1335.395,106.000,31025.613,44537.625
1336.423,106.000,31025.613,44537.625
1337.451,105.100,31025.613,44537.625
1338.479,107.000,31025.613,44537.625
1339.506,105.100,31025.613,44537.625
1340.534,107.000,31025.613,44537.625
1341.562,106.000,31025.613,44537.625
1342.590,106.000,31025.613,44537.625
1343.618,106.000,31025.613,44537.625
1344.646,106.000,31025.613,44537.625
1345.674,106.000,31025.613,44537.625
1346.702,106.000,31025.613,44537.625
1347.730,106.000,31025.613,44537.625
1348.758,106.000,31025.613,44537.625
1349.786,105.100,31025.613,44537.625
1350.814,107.000,31025.613,44537.625
1351.842,106.000,31025.613,44537.625
1352.870,106.000,31025.613,44537.625
1353.897,105.100,31025.613,44537.625
1354.925,107.000,31025.613,44537.625
1355.953,106.000,31025.613,44537.625
1356.981,105.100,31025.613,44537.625
1358.009,107.000,31025.613,44537.625
1359.037,107.000,31025.613,44537.625
1360.065,105.100,31025.613,44537.625
1361.094,106.900,31025.613,44537.625
1362.122,106.000,31025.613,44537.625
1363.150,105.100,31025.613,44537.625
1364.178,107.000,31025.613,44537.625
1365.206,107.000,31025.613,44537.625
1366.234,105.100,31025.613,44537.625
1367.262,106.000,31025.613,44537.625
1368.291,106.900,31025.613,44537.625
1369.319,106.000,31025.613,44537.625
1370.344,105.400,31025.613,44537.625
1371.372,106.000,31025.613,44537.625
1372.400,106.100,31025.613,44537.625
1373.428,106.000,31025.613,44537.625
1374.455,107.000,31025.613,44537.625
1375.483,106.000,31025.613,44537.625
1376.512,106.000,31025.613,44537.625
1377.539,106.000,31025.613,44537.625
1378.568,106.000,31025.613,44537.625
1379.596,107.000,31025.613,44537.625
1380.624,105.000,31025.613,44537.625
1381.652,107.000,31025.613,44537.625
1382.680,106.100,31025.613,44537.625
1383.708,105.000,31025.613,44537.625
1384.737,106.000,31025.613,44537.625
1385.765,106.000,31025.613,44537.625
1386.793,106.000,31025.613,44537.625
1387.821,106.000,31025.613,44537.625
1388.849,107.000,31025.613,44537.625
1389.877,106.000,31025.613,44537.625
1390.906,105.900,31025.613,44537.625
1391.935,106.000,31025.613,44537.625
1392.963,106.000,31025.613,44537.625
1393.991,106.000,31025.613,44537.625
1395.019,107.000,31025.613,44537.625
1396.047,105.000,31025.613,44537.625
1397.075,107.000,31025.613,44537.625
1398.103,105.100,31025.613,44537.625
1399.131,107.000,31025.613,44537.625
1400.160,105.000,31025.613,44537.625
1401.188,106.000,31025.613,44537.625
1402.216,106.000,31025.613,44537.625
1403.244,106.000,31025.613,44537.625
1404.273,106.000,31025.613,44537.625
1405.301,107.000,31025.613,44537.625
1406.329,106.000,31025.613,44537.625
1407.356,106.200,31025.613,44537.625
1408.384,106.000,31025.613,44537.625
1409.412,106.000,31025.613,44537.625
1410.440,107.000,31025.613,44537.625
1411.468,106.000,31025.613,44537.625
1412.496,107.000,31025.613,44537.625
1413.524,105.100,31025.613,44537.625
1414.552,106.000,31025.613,44537.625
1415.580,106.000,31025.613,44537.625
1416.608,106.000,31025.613,44537.625
1417.636,108.000,31025.613,44537.625
1418.664,104.100,31025.613,44537.625
1419.692,107.000,31025.613,44537.625
1420.721,106.000,31025.613,44537.625
1421.749,106.000,31025.613,44537.625
1422.777,107.000,31025.613,44537.625
1423.805,106.000,31025.613,44537.625
1424.833,107.000,31025.613,44537.625
1425.861,105.100,31025.613,44537.625
1426.889,107.000,31025.613,44537.625
1427.917,106.000,31025.613,44537.625
1428.946,105.000,31025.613,44537.625
1429.974,106.000,31025.613,44537.625
1431.002,106.000,31025.613,44537.625
1432.030,107.000,31025.613,44537.625
1433.058,106.000,31025.613,44537.625
1434.086,107.000,31025.613,44537.625
1435.114,105.000,31025.613,44537.625
1436.142,107.000,31025.613,44537.625
1437.170,106.000,31025.613,44537.625
1438.198,107.000,31025.613,44537.625
1439.226,105.100,31025.613,44537.625
1440.254,107.000,31025.613,44537.625
1441.282,106.000,31025.613,44537.625
1442.310,106.000,31025.613,44537.625
1443.338,106.100,31025.613,44537.625
1444.366,106.100,31025.613,44537.625
1445.394,106.000,31025.613,44537.625
1446.422,105.100,31025.613,44537.625
1447.450,100.200,31025.613,44537.625
1448.478,100.200,31025.613,44537.625
1449.506,100.200,31025.613,44537.625
1450.534,100.200,31025.613,44537.625
1451.562,99.200,31025.613,44537.625
1452.590,100.200,31025.613,44537.625
1453.618,100.200,31025.613,44537.625
1454.646,100.200,31025.613,44537.625
1455.674,99.200,31025.613,44537.625
1456.702,101.200,31025.613,44537.625
1457.730,99.200,31025.613,44537.625
1458.758,100.200,31025.613,44537.625
1459.786,100.200,31025.613,44537.625
1460.814,100.200,31025.613,44537.625
1461.842,99.200,31025.613,44537.625
1462.870,100.200,31025.613,44537.625
1463.898,100.200,31025.613,44537.625
1464.926,100.200,31025.613,44537.625
1465.954,100.200,31025.613,44537.625
1466.982,100.200,31025.613,44537.625
1468.010,100.200,31025.613,44537.625
1469.038,99.200,31025.613,44537.625
1470.066,101.100,31025.613,44537.625
1471.095,99.200,30921.754,44433.766
1472.123,100.200,30921.754,44433.766
1473.151,100.200,30921.754,44433.766
1474.179,100.200,30921.754,44433.766
1475.207,99.200,30921.754,44433.766
1476.235,101.100,30921.754,44433.766
1477.263,99.200,30921.754,44433.766
1478.291,100.200,30921.754,44433.766
1479.319,100.200,30921.754,44433.766
1480.345,99.300,30921.754,44433.766
1481.374,103.100,31026.172,44538.184
1482.402,106.000,31026.172,44538.184
1483.430,107.000,31026.172,44538.184
1484.458,105.100,31026.172,44538.184
1485.486,107.000,31026.172,44538.184
1486.514,106.000,31026.172,44538.184
1487.542,105.000,31026.172,44538.184
1488.570,107.000,31026.172,44538.184
1489.599,105.000,31026.172,44538.184
1490.627,107.000,31026.172,44538.184
1491.655,105.100,31026.172,44538.184
1492.683,106.100,31026.172,44538.184
1493.711,106.100,31026.172,44538.184
1494.738,106.000,31026.172,44538.184
1495.766,106.000,31026.172,44538.184
1496.794,106.000,31026.172,44538.184
1497.822,106.000,31026.172,44538.184
1498.850,107.000,31026.172,44538.184
1499.878,106.000,31026.172,44538.184
1500.906,106.000,31026.172,44538.184
1501.934,106.000,31026.172,44538.184
1502.962,105.000,31026.172,44538.184
1503.990,106.000,31026.172,44538.184
1505.018,106.000,31026.172,44538.184
1506.046,107.000,31026.172,44538.184
1507.074,106.000,31026.172,44538.184
1508.102,106.000,31026.172,44538.184
1509.130,106.000,31026.172,44538.184
1510.158,106.000,31026.172,44538.184
1511.187,106.000,31026.172,44538.184
1512.215,106.000,31026.172,44538.184
1513.243,106.100,31026.172,44538.184
1514.271,107.000,31026.172,44538.184
1515.299,105.100,31026.172,44538.184
1516.326,107.000,31026.172,44538.184
1517.353,105.200,31026.172,44538.184
1518.381,106.000,31026.172,44538.184
1519.409,106.100,31026.172,44538.184
1520.436,106.100,31026.172,44538.184
1521.465,106.900,31026.172,44538.184
1522.493,106.000,31026.172,44538.184
1523.521,106.000,31026.172,44538.184
1524.548,105.100,31026.172,44538.184
1525.576,106.100,31026.172,44538.184
1526.604,106.000,31026.172,44538.184
1527.632,107.000,31026.172,44538.184
1528.660,106.000,31026.172,44538.184
1529.688,106.000,31026.172,44538.184
1530.716,106.100,31026.172,44538.184
1531.743,107.000,31026.172,44538.184
1532.771,106.100,31026.172,44538.184
1533.799,106.000,31026.172,44538.184
1534.827,105.100,31026.172,44538.184
1535.854,106.100,31026.172,44538.184
1536.882,107.000,31026.172,44538.184
1537.910,106.100,31026.172,44538.184
1538.938,106.000,31026.172,44538.184
1539.966,106.000,31026.172,44538.184
1540.994,107.000,31026.172,44538.184
1542.023,106.000,31026.172,44538.184
1543.050,106.000,31026.172,44538.184
1544.078,106.000,31026.172,44538.184
1545.106,106.000,31026.172,44538.184
1546.134,107.000,31026.172,44538.184
1547.162,105.100,31026.172,44538.184
1548.190,107.000,31026.172,44538.184
1549.218,105.100,31026.172,44538.184
1550.246,106.000,31026.172,44538.184
1551.274,106.000,31026.172,44538.184
1552.302,106.000,31026.172,44538.184
1553.330,106.000,31026.172,44538.184
1554.357,105.200,31026.172,44538.184
1555.385,107.000,31026.172,44538.184
1556.412,105.100,31026.172,44538.184
1557.440,107.000,31026.172,44538.184
1558.468,105.000,31026.172,44538.184
1559.496,107.000,31026.172,44538.184
1560.524,105.100,31026.172,44538.184
1561.552,107.000,31026.172,44538.184
1562.580,106.000,31026.172,44538.184
1563.608,106.000,31026.172,44538.184
1564.636,106.000,31026.172,44538.184
1565.664,106.000,31026.172,44538.184
1566.692,106.000,31026.172,44538.184
1567.720,106.000,31026.172,44538.184
1568.748,106.000,31026.172,44538.184
1569.776,106.000,31026.172,44538.184
1570.804,106.000,31026.172,44538.184
1571.833,106.000,31026.172,44538.184
1572.861,107.000,31026.172,44538.184
1573.889,106.000,31026.172,44538.184
1574.916,107.000,31026.172,44538.184
1575.944,106.000,31026.172,44538.184
1576.972,107.000,31026.172,44538.184
1578.000,105.100,31026.172,44538.184
1579.028,107.000,31026.172,44538.184
1580.056,106.000,31026.172,44538.184
1581.084,105.100,31026.172,44538.184
1582.112,107.000,31026.172,44538.184
1583.139,107.000,31026.172,44538.184
1584.167,105.100,31026.172,44538.184
1585.195,106.000,31026.172,44538.184
1586.223,107.000,31026.172,44538.184
1587.251,106.100,31026.172,44538.184
1588.279,106.000,31026.172,44538.184
1589.307,106.000,31026.172,44538.184
1590.335,107.000,31026.172,44538.184
1591.361,106.200,31026.172,44538.184
1592.389,106.000,31026.172,44538.184
1593.418,106.000,31026.172,44538.184
1594.445,106.100,31026.172,44538.184
1595.473,106.000,31026.172,44538.184
1596.501,106.000,31026.172,44538.184
1597.529,106.000,31026.172,44538.184
1598.557,107.000,31026.172,44538.184
1599.585,105.100,31026.172,44538.184
1600.614,105.900,31026.172,44538.184
1601.642,107.000,31026.172,44538.184
1602.670,106.000,31026.172,44538.184
1603.698,107.000,31026.172,44538.184
1604.726,106.000,31026.172,44538.184
1605.754,106.100,31026.172,44538.184
1606.781,106.000,31026.172,44538.184
1607.809,106.000,31026.172,44538.184
1608.837,106.000,31026.172,44538.184
1609.865,106.100,31026.172,44538.184
1610.894,106.000,31026.172,44538.184
1611.921,105.100,31026.172,44538.184
1612.949,100.200,31026.172,44538.184
1613.977,99.200,31026.172,44538.184
1615.005,100.200,31026.172,44538.184
1616.033,100.200,31026.172,44538.184
1617.061,100.200,31026.172,44538.184
1618.089,100.200,31026.172,44538.184
1619.117,99.200,31026.172,44538.184
1620.145,101.200,31026.172,44538.184
1621.173,99.200,31026.172,44538.184
1622.201,100.200,31026.172,44538.184
1623.228,103.100,31026.172,44538.184
1624.256,106.000,31026.172,44538.184
1625.284,107.000,31026.172,44538.184
1626.312,106.000,31026.172,44538.184
1627.339,106.100,31026.172,44538.184
1628.367,106.000,31026.172,44538.184
1629.395,105.100,31026.172,44538.184
1630.423,106.000,31026.172,44538.184
1631.452,106.000,31026.172,44538.184
1632.480,106.000,31026.172,44538.184
1633.508,106.000,31026.172,44538.184
1634.536,106.100,31026.172,44538.184
1635.563,106.000,31026.172,44538.184
1636.592,106.000,31026.172,44538.184
1637.619,106.000,31026.172,44538.184
1638.647,106.000,31026.172,44538.184
1639.675,106.000,31026.172,44538.184
1640.703,106.000,31026.172,44538.184
1641.731,105.100,31026.172,44538.184
1642.759,107.000,31026.172,44538.184
1643.787,106.000,31026.172,44538.184
1644.815,106.000,31026.172,44538.184
1645.843,105.100,31026.172,44538.184
1646.871,107.000,31026.172,44538.184
1647.898,105.100,31026.172,44538.184
1648.926,106.000,31026.172,44538.184
1649.954,106.000,31026.172,44538.184
1650.982,106.000,31026.172,44538.184
1652.010,106.000,31026.172,44538.184
1653.038,106.000,31026.172,44538.184
1654.066,106.000,31026.172,44538.184
1655.094,106.000,31026.172,44538.184
1656.122,106.000,31026.172,44538.184
1657.150,106.000,31026.172,44538.184
1658.178,106.000,31026.172,44538.184
1659.206,106.100,31026.172,44538.184
1660.234,106.000,31026.172,44538.184
1661.263,106.000,31026.172,44538.184
1662.291,106.000,31026.172,44538.184
1663.319,107.000,31026.172,44538.184
1664.346,105.200,31026.172,44538.184
1665.374,106.100,31026.172,44538.184
1666.402,106.100,31026.172,44538.184
1667.430,106.000,31026.172,44538.184
1668.458,106.000,31026.172,44538.184
1669.485,106.100,31026.172,44538.184
1670.513,106.000,31026.172,44538.184
1671.542,106.900,31026.172,44538.184
1672.570,105.100,31026.172,44538.184
1673.598,106.100,31026.172,44538.184
1674.625,107.000,31026.172,44538.184
1675.653,105.100,31026.172,44538.184
1676.681,106.000,31026.172,44538.184
1677.709,106.000,31026.172,44538.184
1678.737,106.000,31026.172,44538.184
1679.765,107.000,31026.172,44538.184
1680.793,106.100,31026.172,44538.184
1681.821,106.000,31026.172,44538.184
1682.849,106.100,31026.172,44538.184
1683.877,106.000,31026.172,44538.184
1684.905,105.100,31026.172,44538.184
1685.933,107.000,31026.172,44538.184
1686.961,106.000,31026.172,44538.184
1687.989,106.000,31026.172,44538.184
1689.017,106.000,31026.172,44538.184
1690.045,106.000,31026.172,44538.184
1691.073,105.000,31026.172,44538.184
1692.102,107.000,31026.172,44538.184
1693.130,106.100,31026.172,44538.184
1694.158,106.000,31026.172,44538.184
1695.186,106.000,31026.172,44538.184
1696.214,105.100,31026.172,44538.184
1697.241,107.000,31026.172,44538.184
1698.269,107.000,31026.172,44538.184
1699.298,105.000,31026.172,44538.184
1700.326,106.000,31026.172,44538.184
1701.353,106.200,31026.172,44538.184
1702.381,106.000,31026.172,44538.184
1703.408,106.100,31026.172,44538.184
1704.436,106.000,31026.172,44538.184
1705.464,106.000,31026.172,44538.184
1706.492,106.100,31026.172,44538.184
1707.520,106.000,31026.172,44538.184
1708.548,106.000,31026.172,44538.184
1709.576,106.000,31026.172,44538.184
1710.604,106.000,31026.172,44538.184
1711.632,105.000,31026.172,44538.184
1712.660,107.000,31026.172,44538.184
1713.688,106.000,31026.172,44538.184
1714.716,105.100,31026.172,44538.184
1715.744,107.000,31026.172,44538.184
1716.772,106.000,31026.172,44538.184
1717.800,106.000,31026.172,44538.184
1718.828,106.000,31026.172,44538.184
1719.856,106.000,31026.172,44538.184
1720.885,106.900,31026.172,44538.184
1721.914,106.000,31026.172,44538.184
1722.942,107.000,31026.172,44538.184
1723.970,105.100,31026.172,44538.184
1724.998,107.000,31026.172,44538.184
1726.026,105.100,31026.172,44538.184
1727.054,107.000,31026.172,44538.184
1728.081,105.100,31026.172,44538.184
1729.109,107.000,31026.172,44538.184
1730.137,106.100,31026.172,44538.184
1731.165,107.000,31026.172,44538.184
1732.194,106.000,31026.172,44538.184
1733.222,106.000,31026.172,44538.184
1734.250,106.000,31026.172,44538.184
1735.278,106.000,31026.172,44538.184
1736.306,107.000,31026.172,44538.184
1737.334,105.100,31026.172,44538.184
1738.361,105.200,31026.172,44538.184
1739.388,107.000,31026.172,44538.184
1740.416,107.000,31026.172,44538.184
1741.445,106.000,31026.172,44538.184
1742.472,106.000,31026.172,44538.184
1743.500,106.000,31026.172,44538.184
1744.529,106.000,31026.172,44538.184
1745.557,106.000,31026.172,44538.184
1746.585,106.000,31026.172,44538.184
1747.613,107.000,31026.172,44538.184
1748.641,106.000,31026.172,44538.184
1749.669,106.000,31026.172,44538.184
1750.697,105.000,31026.172,44538.184
1751.726,107.000,31026.172,44538.184
1752.753,106.100,31026.172,44538.184
1753.781,105.100,31026.172,44538.184
1754.809,100.200,31026.172,44538.184
1755.837,100.200,31026.172,44538.184
1756.865,99.200,31026.172,44538.184
1757.893,101.200,31026.172,44538.184
1758.921,99.200,31026.172,44538.184
1759.949,100.200,31026.172,44538.184
1760.977,100.200,31026.172,44538.184
1762.005,100.200,31026.172,44538.184
1763.033,99.200,31026.172,44538.184
1764.062,100.200,31026.172,44538.184
1765.090,100.200,31026.172,44538.184
1766.118,99.200,31026.172,44538.184
1767.145,101.200,31026.172,44538.184
1768.173,100.200,31026.172,44538.184
1769.202,99.200,31026.172,44538.184
1770.230,100.200,31026.172,44538.184
1771.258,100.200,31026.172,44538.184
1772.286,100.200,31026.172,44538.184
1773.314,100.200,31026.172,44538.184
1774.341,100.300,31026.172,44538.184
1775.369,100.200,31026.172,44538.184
1776.398,99.200,31026.172,44538.184
1777.426,100.200,31026.172,44538.184
1778.454,99.200,31026.172,44538.184
1779.482,101.200,31026.172,44538.184
1780.510,99.200,31026.172,44538.184
1781.539,100.200,31026.172,44538.184
1782.567,100.200,31026.172,44538.184
1783.595,99.200,31026.172,44538.184
1784.623,101.200,31026.172,44538.184
1785.651,100.200,31026.172,44538.184
1786.679,102.100,31130.078,44642.090
1787.707,112.800,31130.078,44642.090
1788.735,111.900,31130.078,44642.090
1789.763,111.900,31130.078,44642.090
1790.791,111.900,31130.078,44642.090
1791.819,112.800,31130.078,44642.090
1792.847,110.800,31130.078,44642.090
1793.875,111.900,31130.078,44642.090
1794.903,111.900,31130.078,44642.090
1795.931,111.900,31130.078,44642.090
1796.959,111.900,31130.078,44642.090
1797.987,111.900,31130.078,44642.090
1799.015,112.900,31130.078,44642.090
1800.043,111.900,31130.078,44642.090
1801.071,110.900,31130.078,44642.090
1802.099,112.800,31130.078,44642.090
1803.127,111.900,31130.078,44642.090
1804.155,112.800,31130.078,44642.090
1805.183,111.900,31130.078,44642.090
1806.211,112.800,31130.078,44642.090
1807.239,110.900,31130.078,44642.090
1808.267,112.800,31130.078,44642.090
1809.295,111.900,31130.078,44642.090
1810.323,111.900,31130.078,44642.090
1811.350,111.900,31130.078,44642.090
1812.379,112.800,31130.078,44642.090
1813.407,110.900,31130.078,44642.090
1814.435,111.900,31130.078,44642.090
1815.462,112.900,31130.078,44642.090
1816.490,110.900,31130.078,44642.090
1817.518,112.900,31130.078,44642.090
1818.546,111.900,31130.078,44642.090
1819.574,112.900,31130.078,44642.090
1820.602,110.900,31130.078,44642.090
1821.630,111.900,31130.078,44642.090
1822.658,112.800,31130.078,44642.090
1823.686,111.900,31130.078,44642.090
1824.714,111.900,31130.078,44642.090
1825.742,112.900,31130.078,44642.090
1826.770,112.800,31130.078,44642.090
1827.798,109.900,31130.078,44642.090
1828.826,111.900,31130.078,44642.090
1829.854,111.900,31130.078,44642.090
1830.882,113.800,31130.078,44642.090
1831.910,111.900,31130.078,44642.090
1832.937,111.900,31130.078,44642.090
1833.965,112.800,31130.078,44642.090
1834.994,111.900,31130.078,44642.090
1836.022,111.800,31130.078,44642.090
1837.050,111.900,31130.078,44642.090
1838.077,113.800,31130.078,44642.090
1839.105,111.900,31130.078,44642.090
1840.133,110.900,31130.078,44642.090
1841.162,111.800,31130.078,44642.090
1842.190,112.800,31130.078,44642.090
1843.218,112.900,31130.078,44642.090
1844.246,110.900,31130.078,44642.090
1845.274,112.800,31130.078,44642.090
1846.302,112.800,31130.078,44642.090
1847.330,111.900,31130.078,44642.090
1848.356,112.000,31130.078,44642.090
1849.384,111.900,31130.078,44642.090
1850.412,112.900,31130.078,44642.090
1851.440,110.900,31130.078,44642.090
1852.468,112.800,31130.078,44642.090
1853.497,112.800,31130.078,44642.090
1854.525,111.900,31130.078,44642.090
1855.553,111.900,31130.078,44642.090
1856.581,111.900,31130.078,44642.090
1857.609,112.800,31130.078,44642.090
1858.637,111.900,31130.078,44642.090
1859.665,110.900,31130.078,44642.090
1860.693,112.800,31130.078,44642.090
1861.720,111.900,31130.078,44642.090
1862.748,111.900,31130.078,44642.090
1863.776,109.900,31130.078,44642.090
1864.804,112.800,31130.078,44642.090
1865.832,112.900,31130.078,44642.090
1866.860,111.900,31130.078,44642.090
1867.888,111.900,31130.078,44642.090
1868.916,111.900,31130.078,44642.090
1869.944,111.900,31130.078,44642.090
1870.973,111.800,31130.078,44642.090
1872.001,112.800,31130.078,44642.090
1873.029,111.900,31130.078,44642.090
1874.057,111.900,31130.078,44642.090
1875.085,112.800,31130.078,44642.090
1876.113,111.900,31130.078,44642.090
1877.141,112.900,31130.078,44642.090
1878.169,111.900,31130.078,44642.090
1879.196,110.900,31130.078,44642.090
1880.224,113.800,31130.078,44642.090
1881.252,112.800,31130.078,44642.090
1882.280,112.900,31130.078,44642.090
1883.308,111.900,31130.078,44642.090
1884.336,112.900,31130.078,44642.090
1885.364,111.900,31130.078,44642.090
1886.392,111.900,31130.078,44642.090
1887.420,112.800,31130.078,44642.090
1888.448,111.900,31130.078,44642.090
1889.476,112.800,31130.078,44642.090
1890.503,111.900,31130.078,44642.090
1891.531,111.900,31130.078,44642.090
1892.559,112.800,31130.078,44642.090
1893.587,112.800,31130.078,44642.090
1894.615,111.900,31130.078,44642.090
1895.643,111.900,31130.078,44642.090
1896.671,112.800,31130.078,44642.090
1897.699,111.900,31130.078,44642.090
1898.727,112.800,31130.078,44642.090
1899.755,111.900,31130.078,44642.090
1900.784,111.800,31130.078,44642.090
1901.812,112.800,31130.078,44642.090
1902.840,111.900,31130.078,44642.090
1903.868,112.800,31130.078,44642.090
1904.896,112.800,31130.078,44642.090
1905.924,110.900,31130.078,44642.090
1906.952,112.900,31130.078,44642.090
1907.980,113.800,31130.078,44642.090
1909.008,111.900,31130.078,44642.090
1910.036,111.800,31130.078,44642.090
1911.064,112.800,31130.078,44642.090
1912.092,111.900,31130.078,44642.090
1913.120,112.800,31130.078,44642.090
1914.149,112.700,31130.078,44642.090
1915.177,110.900,31130.078,44642.090
1916.205,112.900,31130.078,44642.090
1917.232,110.000,31130.078,44642.090
1918.260,111.900,31130.078,44642.090
1919.288,100.200,31130.078,44642.090
1920.316,101.200,31130.078,44642.090
1921.344,99.300,31130.078,44642.090
1922.372,100.200,31130.078,44642.090
1923.400,100.200,31130.078,44642.090
1924.428,100.200,31130.078,44642.090
1925.456,99.200,31130.078,44642.090
1926.484,101.200,31130.078,44642.090
1927.512,99.200,31130.078,44642.090
1928.540,100.200,31130.078,44642.090
1929.568,103.100,31130.078,44642.090
1930.597,105.900,31130.078,44642.090
1931.626,105.000,31130.078,44642.090
1932.654,107.000,31130.078,44642.090
1933.682,106.000,31130.078,44642.090
1934.710,106.000,31130.078,44642.090
1935.738,105.100,31130.078,44642.090
1936.765,106.100,31130.078,44642.090
1937.793,106.000,31130.078,44642.090
1938.821,107.000,31130.078,44642.090
1939.849,105.100,31130.078,44642.090
1940.877,104.100,31130.078,44642.090
1941.906,99.200,31130.078,44642.090
1942.934,105.000,30921.148,44433.160
1943.962,106.000,30921.148,44433.160
1944.990,106.000,30921.148,44433.160
1946.018,106.000,30921.148,44433.160
1947.046,106.000,30921.148,44433.160
1948.075,106.000,30921.148,44433.160
1949.103,107.000,30921.148,44433.160
1950.131,105.000,30921.148,44433.160
1951.159,106.000,30921.148,44433.160
1952.187,107.000,30921.148,44433.160
1953.215,106.000,30921.148,44433.160
1954.244,105.000,30921.148,44433.160
1955.272,107.000,30921.148,44433.160
1956.300,105.100,30921.148,44433.160
1957.328,106.000,30921.148,44433.160
1958.354,107.200,30921.148,44433.160
1959.382,105.100,30921.148,44433.160
1960.411,107.000,30921.148,44433.160
1961.439,105.900,30921.148,44433.160
1962.468,106.000,30921.148,44433.160
1963.496,106.000,30921.148,44433.160
1964.524,106.000,30921.148,44433.160
1965.552,107.000,30921.148,44433.160
1966.580,105.100,30921.148,44433.160
1967.608,106.000,30921.148,44433.160
1968.636,107.000,30921.148,44433.160
1969.664,105.000,30921.148,44433.160
1970.692,106.000,30921.148,44433.160
1971.720,106.000,30921.148,44433.160
1972.749,107.000,30921.148,44433.160
1973.776,106.000,30921.148,44433.160
1974.805,105.000,30921.148,44433.160
1975.833,107.000,30921.148,44433.160
1976.861,106.100,30921.148,44433.160
1977.889,107.000,30921.148,44433.160
1978.917,106.000,30921.148,44433.160
1979.946,106.000,30921.148,44433.160
1980.974,105.000,30921.148,44433.160
1982.002,107.000,30921.148,44433.160
1983.030,107.000,30921.148,44433.160
1984.058,105.100,30921.148,44433.160
1985.086,106.000,30921.148,44433.160
1986.114,106.000,30921.148,44433.160
1987.142,107.000,30921.148,44433.160
1988.170,106.000,30921.148,44433.160
1989.198,106.000,30921.148,44433.160
1990.227,106.000,30921.148,44433.160
1991.255,105.900,30921.148,44433.160
1992.284,106.000,30921.148,44433.160
1993.312,107.000,30921.148,44433.160
1994.339,105.100,30921.148,44433.160
1995.367,108.000,30921.148,44433.160
1996.395,105.000,30921.148,44433.160
1997.423,106.000,30921.148,44433.160
1998.451,106.000,30921.148,44433.160
1999.479,106.000,30921.148,44433.160
2000.507,106.000,30921.148,44433.160
2001.535,106.000,30921.148,44433.160
2002.563,105.000,30921.148,44433.160
2003.591,108.000,30921.148,44433.160
2004.619,106.000,30921.148,44433.160
2005.648,105.000,30921.148,44433.160
2006.675,107.000,30921.148,44433.160
2007.704,105.100,30921.148,44433.160
2008.732,106.000,30921.148,44433.160
2009.760,107.000,30921.148,44433.160
2010.788,106.000,30921.148,44433.160
2011.816,106.000,30921.148,44433.160
2012.844,106.000,30921.148,44433.160
2013.872,106.000,30921.148,44433.160
2014.900,106.000,30921.148,44433.160
2015.928,106.000,30921.148,44433.160
2016.957,106.000,30921.148,44433.160
2017.984,106.100,30921.148,44433.160
2019.012,107.000,30921.148,44433.160
2020.041,106.000,30921.148,44433.160
2021.069,106.000,30921.148,44433.160
2022.098,106.000,30921.148,44433.160
2023.126,107.000,30921.148,44433.160
2024.154,106.000,30921.148,44433.160
2025.182,105.100,30921.148,44433.160
2026.210,108.000,30921.148,44433.160
2027.239,105.000,30921.148,44433.160
2028.267,106.000,30921.148,44433.160
2029.295,106.000,30921.148,44433.160
2030.323,107.000,30921.148,44433.160
2031.349,106.200,30921.148,44433.160
2032.377,105.000,30921.148,44433.160
2033.405,107.000,30921.148,44433.160
2034.433,107.000,30921.148,44433.160
2035.462,105.000,30921.148,44433.160
2036.491,107.000,30921.148,44433.160
2037.518,106.000,30921.148,44433.160
2038.546,106.000,30921.148,44433.160
2039.575,107.000,30921.148,44433.160
2040.603,106.000,30921.148,44433.160
2041.630,106.100,30921.148,44433.160
2042.659,107.000,30921.148,44433.160
2043.687,105.100,30921.148,44433.160
2044.715,107.000,30921.148,44433.160
2045.743,106.000,30921.148,44433.160
2046.771,106.000,30921.148,44433.160
2047.799,105.000,30921.148,44433.160
2048.828,106.000,30921.148,44433.160
2049.856,107.000,30921.148,44433.160
2050.884,106.000,30921.148,44433.160
2051.913,107.000,30921.148,44433.160
2052.941,106.000,30921.148,44433.160
2053.969,106.000,30921.148,44433.160
2054.997,106.000,30921.148,44433.160
2056.025,106.000,30921.148,44433.160
2057.053,107.000,30921.148,44433.160
2058.081,106.000,30921.148,44433.160
2059.109,105.000,30921.148,44433.160
2060.137,106.000,30921.148,44433.160
2061.166,106.000,30921.148,44433.160
2062.194,100.200,30921.148,44433.160
2063.222,100.200,30921.148,44433.160
2064.250,100.200,30921.148,44433.160
2065.278,99.200,30921.148,44433.160
2066.306,101.200,30921.148,44433.160
2067.334,100.200,30921.148,44433.160
2068.361,99.400,30921.148,44433.160
2069.389,100.200,30921.148,44433.160
2070.417,100.200,30921.148,44433.160
2071.445,99.200,30921.148,44433.160
2072.473,101.200,30921.148,44433.160
2073.501,99.200,30921.148,44433.160
2074.529,100.200,30921.148,44433.160
2075.557,100.200,30921.148,44433.160
2076.585,99.200,30921.148,44433.160
2077.612,100.200,30921.148,44433.160
2078.640,100.200,30921.148,44433.160
2079.668,100.200,30921.148,44433.160
2080.697,100.100,30921.148,44433.160
2081.725,99.200,30921.148,44433.160
2082.753,100.200,30921.148,44433.160
2083.781,100.200,30921.148,44433.160
2084.809,100.200,30921.148,44433.160
2085.837,99.200,30921.148,44433.160
2086.865,100.200,30921.148,44433.160
2087.892,100.200,30921.148,44433.160
2088.921,100.200,30921.148,44433.160
2089.948,100.200,30921.148,44433.160
2090.976,100.200,30921.148,44433.160
2092.004,99.200,30921.148,44433.160
2093.032,101.200,30921.148,44433.160
2094.060,99.200,30921.148,44433.160
2095.088,100.200,30921.148,44433.160
2096.117,100.100,30921.148,44433.160
2097.145,100.200,30921.148,44433.160
2098.173,99.200,30921.148,44433.160
2099.201,101.200,30921.148,44433.160
2100.229,100.200,30921.160,44433.160
2101.257,99.200,31120.004,44659.461
2102.286,99.200,31705.543,45352.566
2103.314,101.200,32285.809,46000.266
2104.341,99.300,32587.824,46341.449
2105.369,100.200,32600.219,46358.582
2106.397,100.200,32600.219,46358.582
2107.425,100.200,32600.219,46358.582
2108.453,100.200,32603.199,46358.582
2109.481,99.200,32603.199,46358.582
2110.509,100.200,32603.199,46358.582
2111.538,100.200,32606.082,46358.582
2112.566,100.200,32606.082,46358.582
2113.593,99.200,32606.082,46358.582
2114.621,101.200,32608.555,46358.582
2115.649,99.200,32658.520,46358.582
2116.677,101.200,32666.082,46358.582
2117.706,99.200,32672.766,46358.582
2118.734,100.200,32672.766,46358.582
2119.762,99.200,32672.766,46358.582
2120.791,101.100,32676.887,46358.582
2121.819,99.100,32684.227,46358.582
2122.848,100.200,32691.656,46358.582
2123.876,100.200,32697.387,46358.582
2124.903,99.200,33240.277,47022.066
2125.932,100.200,33454.727,47115.160
2126.959,100.200,33454.727,47115.160
2127.987,100.200,33454.727,47115.160
2129.015,100.200,33791.008,47487.535
2130.043,100.200,34705.141,48511.566
2131.072,100.100,34954.094,48883.941
2132.100,100.200,34966.094,48883.941
2133.128,99.200,34976.094,48883.941
2134.155,100.200,34988.094,48883.941
2135.183,100.200,34998.094,48883.941
2136.211,100.200,35010.094,48883.941
2137.239,100.200,35022.094,48883.941
2138.267,100.200,35032.094,48883.941
2139.294,99.200,35044.168,48883.941
2140.322,100.200,35054.168,48883.941
2141.350,100.300,35066.168,48883.941
2142.377,100.200,35078.168,48883.941
2143.405,100.200,35088.168,48883.941
2144.433,99.300,35100.168,48883.941
2145.460,100.200,35110.168,48883.941
2146.488,100.200,35122.168,48883.941
2147.515,99.300,35198.168,49070.129
2148.544,100.100,35973.516,49787.328
2149.572,100.200,36321.609,50104.602
2150.600,100.200,33734.598,47307.336
2151.628,100.200,33734.598,47307.336
2152.656,99.200,34051.871,47624.609
2153.684,100.200,34061.055,47624.609
2154.712,100.200,34219.441,47783.246
2155.740,100.200,34220.324,47783.246
2156.769,100.100,34220.453,47783.246
2157.797,100.200,34937.434,48500.445
2158.825,99.300,34937.688,48500.445
2159.850,100.400,34937.688,48500.445
2160.876,99.400,34937.688,48500.445
2161.901,100.500,34937.688,48500.445
2162.926,99.400,34937.688,48500.445
2163.952,100.500,34937.688,48500.445
2164.977,99.500,34937.688,48500.445
2166.003,100.400,34937.688,48500.445
2167.028,100.500,34937.688,48500.445
2168.053,99.500,34937.688,48500.445
2169.079,101.300,34937.688,48500.445
2170.104,98.500,34937.688,48500.445
2171.131,101.300,34965.398,48593.539
2172.160,99.100,36056.000,49710.664
2173.189,100.200,36435.441,50269.227
2174.216,100.200,36445.441,50269.227
2175.244,99.200,36455.441,50269.227
2176.272,101.200,36467.441,50269.227
2177.300,99.200,36477.441,50269.227
2178.327,100.200,36489.441,50269.227
2179.353,99.400,36499.441,50269.227
2180.381,101.200,36509.551,50269.227
2181.408,99.300,36521.551,50269.227
2182.436,100.300,36531.551,50269.227
2183.463,99.300,36543.551,50269.227
2184.491,101.200,36553.551,50269.227
2185.518,99.300,36565.551,50269.227
2186.545,100.200,36575.551,50269.227
2187.573,100.200,36585.551,50269.227
2188.600,100.300,36597.551,50269.227
2189.628,99.300,36607.551,50269.227
2190.655,100.200,37033.535,50734.695
2191.684,100.100,37424.926,51172.613
2192.712,99.200,35161.895,48724.625
2193.740,101.200,35161.895,48724.625
2194.768,100.200,35161.895,48724.625
2195.796,100.200,35479.168,49041.898
2196.824,99.200,35796.457,49359.172
2197.852,100.200,35637.820,49200.535
2198.881,99.200,35637.820,49200.535
2199.909,101.200,35875.781,49517.812
2200.937,99.200,36034.410,49755.770
2201.965,100.200,36193.168,49835.090
2202.993,100.200,36423.488,50143.855
2204.021,100.200,36597.469,50405.414
2205.049,100.200,36690.109,50508.336
2206.077,100.200,37006.348,50825.613
2207.105,99.200,37162.227,51149.465
2208.133,100.100,37389.840,51672.586
2209.161,100.200,37534.211,51672.586
2210.190,100.100,37979.586,52172.059
2211.218,100.200,38017.953,52366.289
2212.246,99.200,38472.547,52923.309
2213.274,101.200,38633.414,53181.223
2214.302,99.200,38807.824,53565.785
2215.330,100.100,39090.812,53680.695
2216.357,100.300,39399.070,54146.531
2217.385,100.100,40146.164,54980.184
2218.414,99.200,40311.797,55061.293
2219.442,100.200,40311.797,55061.293
2220.469,100.200,40311.797,55061.293
2221.497,99.200,41122.977,55953.480
2222.526,101.100,41614.238,56602.340
2223.554,99.200,41626.238,56602.340
2224.582,101.200,41636.238,56602.340
2225.609,99.300,41648.238,56602.340
2226.637,100.200,41658.238,56602.340
2227.664,99.300,41670.238,56602.340
2228.692,101.200,41680.238,56602.340
2229.719,99.300,41692.355,56602.340
2230.747,100.200,41702.355,56602.340
2231.775,100.200,41714.355,56602.340
2232.802,100.300,41724.355,56602.340
2233.830,99.300,41736.355,56602.340
2234.857,100.300,41746.355,56602.340
2235.884,100.300,41758.355,56602.340
2236.912,100.200,41768.355,56602.340
2237.939,99.300,42467.660,57402.969
2238.968,100.100,37811.961,51530.559
2239.996,100.200,37963.797,51682.324
2241.024,100.200,37963.797,51682.324
2242.052,100.200,38264.254,51985.855
2243.080,100.200,38429.418,52137.621
2244.108,99.200,38429.566,52137.621
2245.136,100.200,38429.566,52137.621
2246.164,100.200,38986.082,52694.926
2247.193,100.100,39067.965,52776.035
2248.221,100.200,39067.965,52776.035
2249.246,99.500,39067.965,52776.035
2250.272,100.400,39067.965,52776.035
2251.298,100.400,39067.965,52776.035
2252.323,99.500,39067.965,52776.035
2253.348,99.500,39067.965,52776.035
2254.374,100.500,39067.965,52776.035
2255.400,100.400,39067.965,52776.035
2256.425,99.500,39067.965,52776.035
2257.450,100.400,39067.965,52776.035
2258.476,99.500,39067.965,52776.035
2259.501,100.400,39725.402,53668.223
2260.530,100.100,40369.035,54317.082
2261.559,99.200,40381.035,54317.082
2262.586,101.200,40391.250,54317.082
2263.614,99.300,40401.250,54317.082
2264.641,100.200,40413.250,54317.082
2265.669,100.200,40423.250,54317.082
2266.696,99.300,40433.250,54317.082
2267.724,100.300,40443.250,54317.082
2268.751,99.300,40455.250,54317.082
2269.778,101.200,40465.250,54317.082
2270.806,99.300,40475.250,54317.082
2271.833,101.200,40485.250,54317.082
2272.860,99.300,40497.250,54317.082
2273.888,100.200,40507.250,54317.082
2274.915,99.300,40517.250,54317.082
2275.942,100.300,40527.250,54317.082
2276.970,100.200,41249.000,55117.711
2277.999,100.100,41563.172,55421.242
2279.027,100.200,39301.043,52998.457
2280.055,100.200,39301.043,52998.457
2281.083,99.200,39604.574,53301.988
2282.111,100.200,39908.621,53605.520
2283.139,100.200,39756.855,53453.754
2284.168,100.200,39756.855,53453.754
2285.195,100.200,40011.109,53984.934
2286.224,100.200,40212.051,53984.934
2287.252,100.200,40356.133,54136.699
2288.280,99.200,40592.336,54516.113
2289.309,100.200,40669.672,54591.996
2290.337,99.200,40974.277,54895.527
2291.365,101.100,41147.621,55274.941
2292.394,100.200,41301.625,55502.590
2293.422,99.200,41608.918,55882.004
2294.450,100.200,41686.586,56033.770
2295.478,100.200,41916.078,56489.066
2296.507,100.200,42078.996,56564.949
2297.535,99.200,42382.629,56868.480
2298.563,100.200,42414.617,57020.246
2299.592,100.100,42939.152,57543.547
2300.619,100.200,42939.152,57543.547
2301.647,100.200,42939.152,57543.547
2302.675,100.200,43266.586,57952.961
2303.703,100.100,44154.766,58935.555
2304.732,100.200,44262.766,59099.320
2305.760,99.200,44272.766,59099.320
2306.788,100.200,44284.766,59099.320
2307.815,100.200,44296.766,59099.320
2308.843,100.200,44308.766,59099.320
2309.870,99.300,44320.766,59099.320
2310.898,100.200,44332.766,59099.320
2311.925,100.300,44344.766,59099.320
2312.953,100.200,44356.766,59099.320
2313.980,99.300,44368.801,59099.320
2315.008,101.200,44380.801,59099.320
2316.035,99.300,44392.801,59099.320
2317.063,100.200,44402.801,59099.320
2318.090,100.200,44414.254,59099.320
2319.119,100.100,45139.012,59904.043
2320.148,99.200,45438.523,60203.363
2321.177,100.100,45438.523,60203.363
2322.206,101.000,38047.188,51681.988
2323.234,99.200,38047.188,51681.988
2324.263,100.200,38453.191,52130.969
2325.291,99.200,38645.965,52280.629
2326.319,101.200,38496.305,52130.969
2327.345,99.400,38814.375,52526.277
2328.373,100.200,39137.129,52771.926
2329.401,100.200,39137.129,52771.926
2330.427,99.400,39137.129,52771.926
2331.452,100.400,39137.129,52771.926
2332.478,99.400,39137.129,52771.926
2333.504,100.400,39137.129,52771.926
2334.530,100.400,39137.129,52771.926
2335.556,99.400,39137.129,52771.926
2336.582,100.400,39137.129,52771.926
2337.609,100.300,39137.129,52771.926
2338.635,99.400,39137.129,52771.926
2339.661,100.400,39992.840,53836.402
2340.689,100.200,40453.539,54327.699
2341.717,99.200,40465.539,54327.699
2342.745,101.200,40475.539,54327.699
2343.772,99.300,40487.539,54327.699
2344.800,100.200,40499.539,54327.699
2345.828,100.200,40511.539,54327.699
2346.855,99.300,40523.539,54327.699
2347.883,101.200,40535.539,54327.699
2348.911,99.200,40547.539,54327.699
2349.938,100.200,40557.598,54327.699
2350.966,100.200,40569.598,54327.699
2351.994,100.200,40581.598,54327.699
2353.021,99.300,40593.598,54327.699
2354.049,100.300,40605.598,54327.699
2355.076,100.200,41044.773,54982.762
2356.105,99.200,39134.902,52839.703
2357.133,100.100,39354.699,52989.363
2358.161,100.200,39354.699,52989.363
2359.189,100.200,39653.992,53288.684
2360.218,100.200,39803.539,53438.344
2361.246,100.200,39803.680,53438.344
2362.274,100.200,39803.680,53438.344
2363.302,100.200,40028.176,53812.500
2364.330,99.200,40179.547,53962.160
2365.356,100.400,40329.188,54036.992
2366.384,99.200,40490.195,54485.980
2367.412,101.200,40703.426,54485.980
2368.440,99.200,41005.441,54860.137
2369.468,100.200,41184.516,55159.465
2370.497,100.100,41340.520,55458.789
2371.525,100.200,41417.660,55608.453
2372.553,100.200,41717.984,55832.945
2373.581,100.200,41871.855,56207.105
2374.609,99.200,42023.855,56431.598
2375.637,100.200,42326.008,56805.754
2376.665,100.200,42401.352,56955.418
2377.693,99.200,42740.273,57348.898
2378.721,100.200,43295.113,57812.836
2379.749,100.200,43295.113,57812.836
2380.777,100.100,43295.113,57812.836
2381.806,100.200,43295.113,57812.836
2382.833,100.200,43665.547,58276.773
2383.861,100.200,44688.195,59320.633
2384.890,100.200,45156.594,60016.539
2385.917,99.300,45168.594,60016.539
2386.945,100.200,45180.594,60016.539
2387.972,100.200,45192.594,60016.539
2389.000,100.200,45202.594,60016.539
2390.028,99.300,45214.594,60016.539
2391.055,101.200,45226.723,60016.539
2392.083,99.300,45238.723,60016.539
2393.110,100.300,45250.723,60016.539
2394.137,99.300,45262.723,60016.539
2395.165,100.300,45274.723,60016.539
2396.192,100.200,45286.723,60016.539
2397.220,100.200,45296.723,60016.539
2398.247,99.300,45308.723,60016.539
2399.275,101.200,45320.723,60016.539
2400.303,99.300,45332.723,60016.539
2401.330,100.200,45344.723,60016.539
2402.356,99.400,45356.723,60016.539
2403.384,100.200,45366.723,60016.539
2404.411,100.300,45378.723,60016.539
2405.438,100.300,45945.016,60596.461
2406.467,100.100,46410.934,61158.125
2407.495,99.200,46711.766,61585.547
2408.524,101.100,41161.164,54724.855
2409.552,99.200,41161.164,54724.855
2410.581,100.100,41161.164,54724.855
2411.609,100.200,41588.586,55152.277
2412.637,100.200,41802.238,55365.988
2413.665,99.300,42016.031,55579.699
2414.693,100.100,41802.320,55365.988
2415.721,100.200,39187.570,52751.238
2416.749,100.200,39187.578,52751.238
2417.777,100.200,39749.133,53312.902
2418.805,100.200,40097.082,53660.855
2419.833,99.200,40097.082,53660.855
2420.859,100.400,40097.082,53660.855
2421.886,100.300,40097.082,53660.855
2422.912,99.400,40097.082,53660.855
2423.938,100.400,40097.082,53660.855
2424.964,99.400,40097.082,53660.855
2425.990,100.400,40097.082,53660.855
2427.016,100.400,40097.082,53660.855
2428.042,99.400,40097.082,53660.855
2429.067,100.500,40097.082,53660.855
2430.091,99.600,40097.082,53660.855
2431.116,100.500,40097.082,53660.855
2432.141,99.500,40097.082,53660.855
2433.165,100.500,40097.082,53660.855
2434.190,99.500,40097.082,53660.855
2435.219,101.100,41024.977,54704.715
2436.248,99.100,41952.863,55864.559
2437.275,100.200,41965.367,55864.559
2438.303,99.200,41977.367,55864.559
2439.331,101.200,41989.367,55864.559
2440.355,99.600,42001.367,55864.559
2441.384,100.200,42011.367,55864.559
2442.411,99.200,42023.367,55864.559
2443.439,101.200,42035.367,55864.559
2444.466,99.300,42047.367,55864.559
2445.494,100.300,42059.367,55864.559
2446.521,99.300,42071.367,55864.559
2447.548,100.200,42083.367,55864.559
2448.576,100.200,42095.367,55864.559
2449.603,100.200,42107.367,55864.559
2450.631,100.200,42119.367,55864.559
2451.659,99.200,42131.367,55864.559
2452.687,100.200,42143.367,55864.559
2453.714,100.200,42155.367,55864.559
2454.742,99.200,42167.367,55864.559
2455.770,101.200,42177.367,55864.559
2456.797,99.300,42674.785,56444.480
2457.826,101.200,43210.746,57006.145
2458.854,99.100,43424.414,57219.855
2459.883,100.200,40408.734,53972.293
2460.911,100.200,40408.734,53972.293
2461.938,99.200,40408.734,53972.293
2462.966,101.200,40408.734,53972.293
2463.995,99.200,40408.734,53972.293
2465.023,100.200,36890.328,50453.887
2466.052,100.100,37317.750,50881.309
2467.081,100.100,37531.387,51095.020
2468.109,99.200,37531.461,51095.020
2469.137,101.200,37531.480,51095.020
2470.164,99.300,37531.480,51095.020
2471.193,100.100,37852.051,51522.441
2472.221,100.200,37938.066,51869.848
2473.249,100.200,38068.066,51869.848
2474.277,99.200,38279.898,51976.703
2475.305,100.200,38493.984,52297.270
2476.333,100.200,38602.082,52644.676
2477.360,100.300,38707.734,52644.676
2478.388,100.200,39025.137,53098.938
2479.416,100.100,39243.371,53205.793
2480.444,99.200,39462.383,53740.070
2481.472,100.200,39534.426,54087.477
2482.500,100.200,39678.582,54087.477
2483.528,100.200,39894.902,54541.738
2484.556,100.200,40221.004,54648.594
2485.583,100.200,40237.746,54969.160
2486.612,99.200,40463.215,55530.277
2487.640,100.200,40659.230,55530.277
2488.667,100.200,40773.777,55984.539
2489.696,100.200,41196.398,56091.395
2490.723,99.200,41198.953,56305.105
2491.752,101.100,41598.086,56725.246
2492.781,99.200,41701.473,56802.875
2493.808,100.200,41701.473,56802.875
2494.836,100.200,41707.473,56880.504
2495.865,100.100,42691.758,57967.285
2496.893,99.200,42953.551,58277.793
2497.921,101.200,42963.551,58277.793
2498.948,100.200,42975.758,58277.793
2499.976,99.200,42987.758,58277.793
2501.005,100.200,42999.758,58277.793
2502.033,100.200,43011.758,58277.793
2503.060,100.200,43023.758,58277.793
2504.088,99.300,43033.758,58277.793
2505.116,100.200,43045.758,58277.793
2506.143,100.300,43057.758,58277.793
2507.171,99.200,43069.758,58277.793
2508.198,101.200,43081.758,58277.793
2509.226,99.300,43091.758,58277.793
2510.253,100.200,43472.453,58665.930
2511.282,100.200,43932.289,59185.844
2512.309,99.200,44075.812,59329.359
2513.338,100.200,38442.613,52171.777
2514.365,100.200,38729.645,52458.809
2515.394,100.100,38908.484,52745.840
2516.422,100.200,38873.164,52602.324
2517.450,100.200,38873.164,52602.324
2518.478,100.200,39482.418,53211.605
2519.506,100.200,39482.418,53211.605
2520.531,99.500,39482.418,53211.605
2521.558,100.300,39482.418,53211.605
2522.584,99.400,39482.418,53211.605
2523.610,100.400,39482.418,53211.605
2524.636,99.400,39482.418,53211.605
2525.661,100.400,39482.418,53211.605
2526.687,99.400,39482.418,53211.605
2527.714,100.400,39482.418,53211.605
2528.739,100.400,39482.418,53211.605
2529.765,100.400,40371.773,54220.762
2530.795,100.100,40732.504,54686.523
2531.823,99.200,40744.504,54686.523
2532.851,100.200,40754.719,54686.523
2533.878,100.200,40766.719,54686.523
2534.906,100.200,40778.719,54686.523
2535.934,100.200,40790.719,54686.523
2536.962,99.200,40802.719,54686.523
2537.990,100.200,40812.719,54686.523
2539.017,100.200,40824.719,54686.523
2540.045,99.200,40836.719,54686.523
2541.073,100.200,40848.719,54686.523
2542.100,100.200,40858.719,54686.523
2543.128,100.200,40870.719,54686.523
2544.155,100.200,40924.250,54841.777
2545.184,99.200,41568.105,55451.059
2546.212,100.200,41855.137,55738.090
2547.241,100.100,39691.848,53421.008
2548.268,100.200,39691.848,53421.008
2549.296,100.200,40122.164,53851.555
2550.324,100.200,40122.406,53851.555
2551.351,100.300,40122.406,53851.555
2552.379,99.200,40337.688,54138.594
2553.407,100.200,40481.371,54353.871
2554.434,100.200,40626.246,54425.633
2555.463,100.200,40824.113,54856.195
2556.491,99.200,40985.500,54927.957
2557.519,100.200,41275.707,55214.996
2558.547,99.200,41420.383,55573.805
2559.575,100.200,41563.883,55789.082
2560.603,100.200,41923.992,56147.883
2561.631,101.200,41927.469,56291.406
2562.660,99.200,42217.527,56721.969
2563.688,100.200,42291.469,56865.492
2564.716,100.100,42577.199,57080.770
2565.744,100.200,42619.734,57256.297
2566.772,100.200,43131.715,57766.859
2567.799,100.200,43131.715,57766.859
2568.827,99.200,43131.715,57766.859
2569.855,100.200,43600.094,58362.516
2570.884,100.100,44494.871,59383.641
2571.912,100.200,44507.129,59383.641
2572.940,100.200,44519.129,59383.641
2573.967,99.200,44529.129,59383.641
2574.995,100.200,44541.129,59383.641
2576.023,100.200,44553.129,59383.641
2577.051,99.200,44563.129,59383.641
2578.078,100.200,44575.129,59383.641
2579.106,100.200,44587.129,59383.641
2580.134,100.200,44599.129,59383.641
2581.162,100.200,44609.172,59383.641
2582.190,100.200,44621.172,59383.641
2583.218,99.300,44633.172,59383.641
2584.245,100.200,44645.172,59383.641
2585.273,100.200,44655.172,59383.641
2586.300,100.200,44779.172,59553.828
2587.329,100.100,45421.926,60223.840
2588.357,99.300,45743.047,60542.738
2589.385,100.200,41021.246,54739.438
2590.413,100.200,41021.246,54739.438
2591.441,100.100,41340.145,55058.336
2592.470,99.200,41658.902,55377.234
2593.498,100.200,41499.664,55217.785
2594.525,101.200,41499.664,55217.785
2595.554,99.200,39001.285,52719.324
2596.581,100.200,39671.098,53389.336
2597.609,99.300,39671.305,53389.336
2598.635,100.400,39671.305,53389.336
2599.660,99.500,39671.305,53389.336
2600.686,101.400,39671.305,53389.336
2601.712,100.400,39671.305,53389.336
2602.738,99.400,39671.305,53389.336
2603.763,100.500,39671.305,53389.336
2604.789,99.400,39671.305,53389.336
2605.815,100.400,39671.305,53389.336
2606.840,98.500,39671.305,53389.336
2607.866,101.400,39671.305,53389.336
2608.891,99.500,40351.980,54155.180
2609.919,100.200,41034.871,55006.117
2610.947,100.200,41046.871,55006.117
2611.975,99.200,41058.871,55006.117
2613.003,101.200,41069.070,55006.117
2614.030,99.300,41081.070,55006.117
2615.058,100.200,41093.070,55006.117
2616.086,100.200,41105.070,55006.117
2617.114,100.200,41115.070,55006.117
2618.141,99.300,41127.070,55006.117
2619.169,101.200,41139.070,55006.117
2620.197,99.200,41151.070,55006.117
2621.225,99.200,41161.070,55006.117
2622.253,101.200,41173.070,55006.117
2623.280,99.300,41185.070,55006.117
2624.308,100.200,41195.070,55006.117
2625.335,100.300,41581.254,55431.586
2626.363,100.200,41958.426,55846.316
2627.391,100.200,42277.324,56165.215
2628.420,99.200,39905.109,53623.141
2629.447,100.200,39905.109,53623.141
2630.475,99.200,40224.008,53942.039
2631.503,101.200,40542.855,54260.938
2632.531,99.200,40383.457,54101.488
2633.559,101.200,40428.480,54260.938
2634.588,99.200,40702.828,54659.566
2635.616,100.200,40862.066,54659.566
2636.645,100.100,41070.277,54898.746
2637.674,100.100,41262.688,55217.648
2638.702,100.200,41342.141,55297.375
2639.730,99.200,41660.863,55616.277
2640.758,100.100,41821.672,56014.910
2641.787,101.100,41983.672,56254.086
2642.815,99.200,42144.211,56572.988
2643.843,100.100,42383.008,56652.715
2644.872,100.200,42546.973,57131.074
2645.899,100.200,42706.973,57290.523
2646.927,99.200,43026.117,57609.426
2647.956,100.100,43109.805,57848.605
2648.984,100.200,43950.016,58687.316
2650.013,100.100,43950.020,58687.316
2651.042,100.100,41712.836,55430.859
2652.071,100.200,41712.836,55430.859
2653.098,99.200,41712.836,55430.859
2654.126,100.200,42045.660,55844.875
2655.155,100.100,42045.660,55844.875
2656.183,100.200,42045.660,55844.875
2657.210,99.300,41878.441,55596.465
2658.238,101.200,42045.723,55927.680
2659.267,99.200,42128.484,55927.680
2660.295,101.100,42128.531,55927.680
2661.323,99.200,42148.539,55927.680
2662.350,100.300,42475.129,56259.969
2663.379,100.100,42860.805,56883.672
2664.407,100.200,43009.234,57257.891
2665.435,100.200,43236.176,57257.891
2666.463,99.200,43494.043,57757.930
2667.491,100.200,44068.043,58358.617
2668.520,100.100,44372.398,58655.664
2669.548,100.200,44372.414,58655.664
2670.576,99.200,44372.414,58655.664
2671.604,100.200,42867.840,56566.000
2672.632,100.200,42868.047,56566.000
2673.660,100.200,42868.047,56566.000
2674.688,100.200,42868.047,56566.000
2675.716,100.200,42931.977,56630.004
2676.744,100.200,42932.051,56630.004
2677.773,100.100,42932.051,56630.004
2678.801,99.200,42932.051,56630.004
2679.830,100.100,36991.266,50689.219
2680.859,100.100,36991.266,50689.219
2681.888,100.100,37276.895,51135.539
2682.916,100.200,37953.637,51819.547
2683.945,99.100,38771.203,52650.953
2684.973,95.300,39448.113,53299.414
