Elapsed_time,CPU,Real_MB,Virtual_MB
0.000,0.000,28.801,8542.176
1.011,98.000,121.871,8623.590
2.029,99.100,210.711,8713.035
3.047,96.200,247.273,8749.891
4.066,97.200,355.824,8859.500
5.084,99.200,405.098,8915.727
6.103,100.200,444.695,8955.484
7.121,100.200,502.105,9012.734
8.139,94.300,651.219,9163.168
9.158,96.200,685.645,9199.664
10.176,92.300,688.949,9203.645
11.194,97.200,710.992,9226.430
12.211,93.500,714.180,9235.270
13.229,79.500,742.566,9266.992
14.248,76.600,745.492,9270.691
15.265,75.700,811.434,9338.750
16.283,76.600,813.082,9340.480
17.302,88.400,817.070,9346.473
18.320,96.300,817.117,9346.547
19.337,77.600,887.164,9428.078
20.356,79.500,964.941,9511.469
21.374,80.500,971.113,9518.566
22.392,77.600,971.344,9520.023
23.410,96.200,971.570,9520.023
24.429,71.700,972.125,9559.082
25.447,71.700,1002.184,9589.582
26.465,90.300,1050.332,9640.383
27.484,82.400,1052.535,9641.008
28.503,100.100,1085.105,9806.109
29.522,86.400,1217.613,9805.648
30.540,84.400,1304.117,9893.129
31.559,100.100,1304.133,9893.129
32.577,99.200,1389.840,9980.105
33.596,99.100,1389.840,9980.105
34.615,99.200,1390.020,9980.105
35.633,98.200,1390.020,9980.105
36.647,99.600,1390.020,9980.105
37.668,99.000,1390.020,9980.105
38.687,100.100,1494.992,10086.410
39.705,98.200,1494.992,10086.410
40.724,99.100,1494.992,10086.410
41.742,99.200,1494.992,10086.410
42.761,100.100,1494.992,10086.410
43.780,98.200,1494.992,10086.410
44.798,99.100,1494.992,10086.410
45.817,100.100,1494.992,10086.410
46.836,99.200,1494.992,10086.410
47.854,99.100,1494.992,10086.410
48.873,99.200,1494.992,10086.410
49.892,99.100,1518.633,13947.527
50.911,100.100,1612.945,13947.527
51.930,100.100,1749.004,13947.527
52.948,100.100,1751.914,14042.527
53.967,99.100,1757.070,14208.527
54.986,101.100,1763.441,14409.527
56.004,99.200,1770.797,14649.527
57.023,101.100,1790.645,15283.527
58.041,100.100,1803.535,15698.527
59.060,99.100,1819.309,16197.527
60.079,101.100,1837.867,16794.527
61.098,100.100,1860.293,17512.527
62.116,100.100,1887.324,18373.527
63.135,99.100,1919.375,19406.527
64.154,100.100,1958.297,20646.527
65.173,1437.100,10814.832,30000.270
66.190,831.700,7098.418,18453.910
67.204,99.600,7806.102,19182.910
68.222,101.100,8602.703,20004.910
69.241,100.100,9580.785,21014.910
70.260,99.200,10866.547,22341.910
71.278,100.200,11710.883,23213.910
72.291,100.600,12755.555,24291.914
73.309,80.600,12785.500,24308.543
74.328,100.200,12924.969,24463.543
75.346,99.200,12979.891,24470.043
76.365,100.200,14033.973,30089.023
77.383,100.100,15787.973,30089.023
78.401,100.200,17721.973,30089.023
79.420,100.100,18752.246,35708.008
80.438,100.100,20074.246,35708.008
81.457,99.200,21406.246,35708.008
82.475,99.200,22714.246,35708.008
83.493,101.100,23958.246,35708.008
84.512,99.200,24260.371,35708.008
85.530,119.800,25031.297,36459.160
86.549,99.200,25016.680,36444.293
87.567,99.200,25141.945,36569.672
88.586,100.100,24918.336,36844.344
89.604,100.100,25834.297,37347.445
90.623,99.100,26635.547,38099.430
91.642,101.100,27568.176,38996.090
92.660,100.100,28319.859,39747.609
93.679,99.200,25385.504,36843.043
94.697,101.100,26354.074,37781.699
95.716,100.200,26497.207,37909.840
96.734,99.100,26639.457,38069.078
97.753,100.200,25089.727,36408.695
98.771,100.200,25089.727,36408.695
99.790,100.200,25089.727,36408.695
100.808,100.200,25096.535,36408.695
101.826,100.200,25096.996,36408.695
102.845,99.200,25158.410,40113.945
103.863,101.100,25886.473,40113.945
104.882,99.200,26544.473,40113.945
105.900,101.100,27428.473,40113.945
106.919,99.200,28702.473,40113.945
107.938,100.100,29985.773,43819.289
108.957,101.100,31453.773,43819.289
109.976,99.100,32518.605,43819.289
110.995,100.100,32528.109,43819.289
112.013,100.100,33029.648,47524.539
113.032,100.100,34675.648,47524.539
114.051,100.100,36233.359,47524.539
115.070,120.800,36567.223,47857.254
116.089,100.100,36792.719,48069.488
117.107,100.100,37437.758,48818.836
118.126,100.100,37887.914,49208.355
119.145,99.200,38398.160,49717.082
120.163,100.100,39031.223,50308.359
121.182,101.100,39501.492,50780.012
122.203,99.800,40114.000,51441.031
123.222,100.100,40649.957,52069.578
124.241,99.100,36897.840,48172.641
125.259,100.200,36897.914,48172.641
126.278,100.200,36899.801,48172.641
127.296,100.200,36899.801,48172.641
128.314,100.200,36899.820,48172.641
129.333,100.100,37205.254,51877.891
130.351,100.100,39495.254,51877.891
131.370,100.100,40605.344,51877.891
132.389,99.200,41241.254,55583.141
133.408,100.100,42177.254,55583.141
134.426,100.100,43113.254,55583.141
135.445,100.100,44047.254,55583.141
136.464,99.100,44315.191,59288.391
137.485,101.800,45317.254,59288.391
138.504,99.200,46321.254,59288.391
139.522,100.100,47321.254,59288.391
140.541,100.100,44510.504,59288.391
141.560,100.100,45280.504,59288.391
142.577,100.200,46054.504,59288.391
143.596,100.100,46842.504,59288.391
144.615,100.100,47658.504,59288.391
145.634,99.200,48015.672,59288.391
146.652,100.100,44342.457,55614.527
147.671,98.200,45571.613,56843.652
148.690,101.100,46760.555,58032.484
149.708,98.200,46937.762,58267.965
150.727,101.100,47783.234,59048.031
151.746,100.100,48058.770,59323.184
152.763,98.300,37614.391,48881.984
153.782,100.100,38497.562,49761.230
154.800,99.200,38545.238,49761.230
155.819,101.100,38601.477,49761.230
156.837,99.200,37071.785,48204.027
157.856,100.100,37071.785,48204.027
158.875,100.100,37071.785,48204.027
159.893,99.200,37077.867,48204.027
160.912,100.100,38512.984,49632.434
161.930,100.100,39510.320,50624.680
162.949,99.100,39881.602,50995.430
163.968,100.100,39882.309,50995.430
164.989,98.900,39893.250,50996.016
166.008,99.100,38725.805,49818.066
167.027,99.200,38725.980,49818.066
168.045,100.100,38729.629,49818.066
169.064,100.100,40090.844,51219.746
170.083,99.100,39696.562,50773.773
171.101,100.100,39696.816,50773.773
172.120,100.100,40081.152,51158.016
173.139,100.100,39941.113,51017.977
174.157,100.100,40554.637,51631.504
175.176,99.200,40554.645,51631.504
176.195,100.100,40244.840,51351.598
177.213,100.100,40275.754,51351.598
178.232,99.200,40275.754,51351.598
179.252,100.000,40289.336,51351.598
180.270,99.200,40504.398,51560.816
181.289,100.100,40345.801,51402.215
182.306,100.200,40345.801,51402.215
183.325,99.200,40364.617,51402.215
184.344,100.100,40497.797,51531.855
185.362,99.200,40498.023,51531.855
186.381,100.100,40498.277,51531.855
187.399,101.100,42380.848,55237.105
188.418,100.100,44218.324,55237.105
189.437,80.500,44267.242,55270.957
190.455,99.200,40581.699,51565.707
191.477,100.800,40582.484,51565.707
192.495,99.200,40582.488,51565.707
193.514,100.100,40582.496,51565.707
194.533,100.100,40582.496,51565.707
195.551,100.100,40582.496,51565.707
196.570,100.100,40582.496,51565.707
197.588,100.100,40582.496,51565.707
198.607,100.100,40582.496,51565.707
199.626,100.100,40582.496,51565.707
200.644,100.200,40582.496,51565.707
201.662,100.100,40582.496,51565.707
202.681,100.100,40582.496,51565.707
203.699,100.100,40582.496,51565.707
204.718,99.200,40582.496,51565.707
205.737,101.100,40582.496,51565.707
206.755,99.200,40582.496,51565.707
207.774,99.200,40582.496,51565.707
208.792,101.100,40582.496,51565.707
209.811,100.100,40582.496,51565.707
210.830,99.100,40582.496,51565.707
211.848,101.100,40582.496,51565.707
212.867,99.100,40582.516,51565.707
213.886,100.100,40582.516,51565.707
214.904,100.100,40582.516,51565.707
215.923,100.100,40582.516,51565.707
216.941,100.100,37255.301,48238.492
217.960,100.100,37255.301,48238.492
218.979,100.100,37255.301,48238.492
219.997,99.200,37255.301,48238.492
221.016,100.100,37255.301,48238.492
222.034,100.100,37255.301,48238.492
223.053,101.100,37255.301,48238.492
224.072,100.100,37255.301,48238.492
225.090,100.100,37255.301,48238.492
226.109,100.100,37255.301,48238.492
227.128,99.100,37255.301,48238.492
228.146,100.100,37255.301,48238.492
229.165,100.100,37255.301,48238.492
230.183,100.100,37255.301,48238.492
231.200,100.300,37255.301,48238.492
232.219,100.100,37255.301,48238.492
233.237,100.100,37255.301,48238.492
234.256,99.200,37255.730,48238.492
235.274,100.100,37255.730,48238.492
236.293,100.200,37255.809,48238.492
237.311,101.200,37255.809,48238.492
238.329,100.100,37255.809,48238.492
239.348,100.100,37255.809,48238.492
240.367,100.100,37255.809,48238.492
241.385,99.200,37255.809,48238.492
242.404,100.100,37258.449,48238.492
243.422,101.100,37258.453,48238.492
244.440,99.300,37260.469,48238.492
245.456,100.300,37260.469,48238.492
246.477,99.900,37262.609,48238.492
247.496,100.100,37262.625,48238.492
248.514,100.100,37264.547,48238.492
249.533,100.100,37264.555,48238.492
250.551,100.100,37268.773,48238.492
251.570,99.200,37268.797,48238.492
252.588,101.100,37269.930,48238.492
253.608,100.100,37269.930,48238.492
254.626,100.100,37271.797,48238.492
255.645,100.100,37271.805,48238.492
256.662,100.200,37275.152,48238.492
257.681,99.200,37275.152,48238.492
258.699,100.100,37275.188,48238.492
259.718,100.100,37275.191,48238.492
260.737,100.100,37275.195,48238.492
261.755,100.100,37275.195,48238.492
262.774,101.100,37275.195,48238.492
263.792,99.200,37275.195,48238.492
264.810,100.200,37275.199,48238.492
265.828,100.100,37275.199,48238.492
266.847,100.100,37275.199,48238.492
267.866,100.100,37275.203,48238.492
268.884,100.100,37275.363,48238.492
269.903,100.100,37275.363,48238.492
270.922,100.100,37275.363,48238.492
271.940,100.100,37275.363,48238.492
272.959,100.100,37275.363,48238.492
273.978,100.100,37275.363,48238.492
274.996,100.100,37275.363,48238.492
276.015,100.100,37275.363,48238.492
277.034,100.100,37275.363,48238.492
278.052,100.100,37275.363,48238.492
279.071,99.200,37275.363,48238.492
280.090,100.100,37275.363,48238.492
281.108,100.100,37275.363,48238.492
282.127,100.100,37275.363,48238.492
283.145,100.100,37275.363,48238.492
284.164,100.100,37275.363,48238.492
285.183,100.100,37275.363,48238.492
286.200,100.200,37275.363,48238.492
287.219,100.100,37275.363,48238.492
288.238,100.100,37275.363,48238.492
289.256,100.100,37275.363,48238.492
290.275,100.200,37275.363,48238.492
291.294,100.100,37275.363,48238.492
292.312,100.100,37275.363,48238.492
293.331,100.100,37275.363,48238.492
294.349,100.100,37275.363,48238.492
295.371,99.800,37275.363,48238.492
296.390,100.100,37275.363,48238.492
297.409,100.100,37275.363,48238.492
298.427,100.100,37275.363,48238.492
299.446,100.100,37275.363,48238.492
300.465,100.100,37277.488,48238.492
301.483,100.100,37277.504,48238.492
302.502,100.100,37277.504,48238.492
303.520,100.100,37277.504,48238.492
304.539,100.100,37277.504,48238.492
305.557,99.100,37277.504,48238.492
306.577,101.100,37277.504,48238.492
307.595,99.100,37277.504,48238.492
308.614,100.200,37277.504,48238.492
309.632,100.100,37277.504,48238.492
310.651,100.100,37277.504,48238.492
311.669,100.200,37277.504,48238.492
312.688,100.100,37277.504,48238.492
313.707,100.100,37277.504,48238.492
314.725,100.200,37277.504,48238.492
315.744,100.100,37277.504,48238.492
316.762,100.100,37277.504,48238.492
317.778,100.400,37277.570,48238.492
318.797,100.100,37277.570,48238.492
319.815,100.100,37277.570,48238.492
320.834,100.200,37277.570,48238.492
321.852,99.200,37277.570,48238.492
322.873,100.900,37277.570,48238.492
323.892,100.200,37277.570,48238.492
324.910,100.100,37277.570,48238.492
325.929,99.200,37277.570,48238.492
326.947,100.200,37277.570,48238.492
327.966,100.200,37277.570,48238.492
328.984,100.200,37277.570,48238.492
330.002,100.200,37277.570,48238.492
331.021,100.200,37277.570,48238.492
332.039,100.200,37277.570,48238.492
333.058,100.100,37277.570,48238.492
334.076,100.100,37277.570,48238.492
335.097,99.900,37277.570,48238.492
336.116,100.100,37277.570,48238.492
337.134,100.200,37277.570,48238.492
338.153,100.200,37277.570,48238.492
339.171,100.200,37277.570,48238.492
340.189,99.200,37277.570,48238.492
341.208,100.200,37277.570,48238.492
342.226,100.100,37277.570,48238.492
343.245,100.200,37277.570,48238.492
344.263,100.200,37277.570,48238.492
345.282,100.200,37277.570,48238.492
346.299,100.200,37277.570,48238.492
347.317,99.200,37277.570,48238.492
348.335,100.200,37277.570,48238.492
349.354,100.200,37277.570,48238.492
350.375,99.900,37277.570,48238.492
351.393,100.200,37277.570,48238.492
352.412,100.100,37336.441,48297.363
353.430,100.200,37336.441,48297.363
354.448,100.200,37371.027,48297.363
355.467,101.100,37388.852,48297.363
356.485,99.200,37391.566,48297.363
357.504,100.200,37430.578,48297.363
358.522,100.100,37430.828,48297.363
359.541,100.200,37453.000,48297.363
360.559,100.100,37464.770,48297.363
361.578,100.100,37465.113,48297.363
362.596,100.100,37490.402,48297.363
363.615,100.200,37490.648,48297.363
364.633,100.100,37509.062,48297.363
365.652,100.200,37512.816,48297.363
366.670,100.200,37513.062,48297.363
367.689,100.100,37529.723,48297.363
368.707,100.200,37529.758,48297.363
369.725,99.200,37538.180,48297.363
370.744,100.100,37543.965,48297.363
371.762,100.200,37544.074,48297.363
372.780,100.200,37553.043,48297.363
373.799,100.100,37553.109,48297.363
374.818,100.100,37556.305,48297.363
375.836,99.200,37563.656,48297.363
376.855,101.100,37563.820,48297.363
377.876,99.900,37572.645,48297.363
378.895,100.100,37572.703,48297.363
379.920,100.500,37576.168,48297.363
380.938,100.200,37576.168,48297.363
381.957,100.100,37576.246,48297.363
382.975,99.200,37579.465,48297.363
383.993,99.200,37579.465,48297.363
385.012,100.100,37580.305,48297.363
386.031,100.200,37580.305,48297.363
387.049,99.200,37580.379,48297.363
388.067,100.200,37586.152,48297.363
389.089,99.800,37586.211,48297.363
390.107,101.100,37587.008,48297.363
391.125,100.200,37587.066,48297.363
392.144,100.100,37587.152,48297.363
393.163,100.100,37599.500,48297.363
394.184,99.800,37599.602,48297.363
395.203,100.100,37609.996,48297.363
396.221,100.100,37610.023,48297.363
397.240,100.200,37610.117,48297.363
398.258,99.200,37622.266,48297.363
399.277,100.100,37622.371,48297.363
400.295,100.200,37627.422,48297.363
401.312,100.300,37627.422,48297.363
402.331,100.200,37627.719,48297.363
403.349,100.100,37629.961,48297.363
404.370,99.900,37630.117,48297.363
405.389,101.100,37636.926,48297.363
406.408,99.200,37636.969,48297.363
407.426,100.100,37640.789,48297.363
408.445,100.100,37640.789,48297.363
409.463,99.200,37640.805,48297.363
410.482,101.100,37643.012,48297.363
411.500,100.100,37643.070,48297.363
412.519,100.100,37643.250,48297.363
413.537,100.200,37643.250,48297.363
414.556,100.200,37643.477,48297.363
415.574,100.100,37643.477,48297.363
416.593,100.200,37643.477,48297.363
417.611,100.100,37643.688,48297.363
418.630,100.100,37643.723,48297.363
419.648,99.200,37644.137,48297.363
420.667,100.100,37644.137,48297.363
421.686,100.100,37644.215,48297.363
422.704,100.100,37645.316,48297.363
423.723,100.100,37645.359,48297.363
424.741,100.100,37650.406,48297.363
425.760,100.200,37650.430,48297.363
426.777,99.300,37650.500,48297.363
427.796,101.100,37653.566,48297.363
428.814,100.100,37653.617,48297.363
429.833,100.100,37653.691,48297.363
430.851,99.200,37653.691,48297.363
431.870,100.100,37655.043,48297.363
432.889,100.100,37655.043,48297.363
433.908,100.100,37655.145,48297.363
434.927,101.100,37663.180,48297.363
435.945,100.100,37663.180,48297.363
436.964,100.200,37663.180,48297.363
437.982,99.200,37663.180,48297.363
439.001,100.200,37663.180,48297.363
440.019,100.100,37663.180,48297.363
441.038,100.100,37663.180,48297.363
442.057,100.100,37663.180,48297.363
443.076,100.100,37664.043,48297.363
444.094,100.200,37664.043,48297.363
445.113,100.100,37688.594,48297.363
446.131,100.100,37709.809,48297.363
447.150,100.100,37710.066,48297.363
448.168,100.100,37744.172,48297.363
449.187,100.100,37744.184,48297.363
450.206,100.100,37756.711,48297.363
451.224,100.100,37773.207,48297.363
452.243,100.100,37773.371,48297.363
453.262,99.200,37795.410,48297.363
454.280,100.200,37795.473,48297.363
455.297,101.200,37810.996,48297.363
456.315,99.300,37813.699,48297.363
457.334,100.100,37813.805,48297.363
458.355,99.800,37829.301,48297.363
459.374,100.200,37829.359,48297.363
460.393,101.100,37839.918,48297.363
461.411,100.100,37839.918,48297.363
462.430,99.100,37846.797,48297.363
463.449,100.100,37849.059,48297.363
464.467,100.100,37849.191,48297.363
465.486,100.100,37858.129,48297.363
466.505,100.100,37858.129,48297.363
467.523,99.200,37864.703,48297.363
468.542,100.100,37864.703,48297.363
469.560,101.100,37864.926,48297.363
470.579,100.100,37868.902,48297.363
471.597,100.200,37868.941,48297.363
472.615,100.100,37870.211,48297.363
473.634,100.100,37870.211,48297.363
474.653,99.200,37871.734,48297.363
475.671,100.100,37871.734,48297.363
476.690,100.100,37871.762,48297.363
477.709,101.100,37877.613,48297.363
478.727,100.100,37877.629,48297.363
479.746,100.100,37877.809,48297.363
480.764,100.100,37877.809,48297.363
481.784,99.000,37880.918,48297.363
482.803,100.100,37880.918,48297.363
483.824,99.900,37880.984,48297.363
484.843,101.100,37882.660,48297.363
485.860,100.300,37882.660,48297.363
486.879,99.200,37888.410,48297.363
487.897,100.100,37888.410,48297.363
488.916,100.100,37888.551,48297.363
489.935,100.100,37888.551,48297.363
490.953,100.100,37888.551,48297.363
491.972,100.100,37888.551,48297.363
492.990,100.100,37888.551,48297.363
494.009,100.100,37900.332,48297.363
495.028,100.100,37900.410,48297.363
496.047,100.100,37908.293,48297.363
497.065,100.100,37908.293,48297.363
498.086,100.000,37908.504,48297.363
499.104,99.200,37912.980,48297.363
500.123,101.100,37913.109,48297.363
501.141,100.100,37913.148,48297.363
502.160,100.100,37913.148,48297.363
503.180,99.900,37913.707,48297.363
504.199,100.100,37913.707,48297.363
505.218,99.100,37917.273,48297.363
506.236,100.100,37917.273,48297.363
507.255,100.100,37917.352,48297.363
508.277,100.800,37920.379,48297.363
509.295,100.200,37920.379,48297.363
510.312,99.200,37920.988,48297.363
511.331,100.100,37920.988,48297.363
512.350,101.100,37924.574,48297.363
513.368,99.100,37924.574,48297.363
514.387,100.100,37924.574,48297.363
515.406,100.100,37930.801,48297.363
516.425,100.100,37930.801,48297.363
517.443,100.100,37930.902,48297.363
518.463,100.100,37930.902,48297.363
519.482,100.000,37932.688,48297.363
520.502,100.100,37932.688,48297.363
521.521,100.100,37932.688,48297.363
522.540,100.100,37941.082,48297.363
523.560,100.100,37941.125,48297.363
524.579,100.100,37941.148,48297.363
525.598,100.100,37941.148,48297.363
526.618,100.100,37941.148,48297.363
527.637,100.000,37941.148,48297.363
528.657,100.100,37941.148,48297.363
529.675,100.100,37941.148,48297.363
530.694,100.100,37941.148,48297.363
531.713,100.100,37941.148,48297.363
532.731,100.200,37941.148,48297.363
533.750,100.100,37941.148,48297.363
534.768,100.200,37941.148,48297.363
535.786,100.100,37941.148,48297.363
536.805,99.200,37941.148,48297.363
537.823,100.100,37941.148,48297.363
538.842,100.200,37941.148,48297.363
539.860,100.100,37941.148,48297.363
540.879,100.200,37941.148,48297.363
541.897,100.100,37941.148,48297.363
542.916,100.100,37941.148,48297.363
543.934,100.100,37941.148,48297.363
544.953,100.200,38017.535,48373.895
545.971,100.200,38031.531,48373.895
546.990,101.100,38068.578,48373.895
548.008,100.100,38068.867,48373.895
549.026,99.200,38105.082,48373.895
550.045,101.100,38122.637,48373.895
551.063,99.200,38123.180,48373.895
552.082,99.200,38166.188,48373.895
553.100,100.100,38166.320,48373.895
554.119,101.100,38170.430,48373.895
555.138,99.200,38201.785,48373.895
556.156,100.100,38201.879,48373.895
557.175,100.200,38220.285,48373.895
558.193,100.100,38227.773,48373.895
559.212,100.200,38228.137,48373.895
560.230,101.100,38251.984,48373.895
561.248,100.200,38252.023,48373.895
562.267,99.200,38253.871,48373.895
563.285,101.100,38270.492,48373.895
564.303,99.300,38270.562,48373.895
565.321,100.100,38284.066,48373.895
566.340,100.100,38284.090,48373.895
567.358,100.200,38284.297,48373.895
568.377,100.200,38295.684,48373.895
569.395,99.200,38295.727,48373.895
570.413,101.100,38304.539,48373.895
571.432,100.100,38304.578,48373.895
572.451,100.100,38304.590,48373.895
573.469,99.200,38313.805,48373.895
574.488,101.100,38313.848,48373.895
575.506,99.200,38315.277,48373.895
576.524,100.200,38315.277,48373.895
577.542,100.200,38315.324,48373.895
578.561,100.100,38322.492,48373.895
579.579,100.200,38322.512,48373.895
580.598,100.200,38322.840,48373.895
581.616,100.200,38326.484,48373.895
582.635,100.200,38326.520,48373.895
583.653,99.200,38328.867,48373.895
584.672,100.200,38328.871,48373.895
585.690,101.100,38328.992,48373.895
586.709,100.100,38329.695,48373.895
587.727,100.100,38329.727,48373.895
588.746,99.200,38330.000,48373.895
589.764,100.100,38330.000,48373.895
590.783,100.200,38330.012,48373.895
591.801,100.200,38337.699,48373.895
592.820,101.100,38337.746,48373.895
593.838,99.200,38367.828,48373.895
594.857,100.200,38367.895,48373.895
595.875,100.100,38368.406,48373.895
596.894,100.100,38391.324,48373.895
597.912,100.200,38391.391,48373.895
598.931,100.200,38407.070,48373.895
599.949,100.100,38409.379,48373.895
600.968,99.200,38409.551,48373.895
601.986,101.100,38425.105,48373.895
603.005,99.200,38425.133,48373.895
604.023,101.100,38429.000,48373.895
605.042,99.200,38435.145,48373.895
606.060,101.100,38435.238,48373.895
607.079,100.100,38442.223,48373.895
608.097,99.200,38442.242,48373.895
609.116,101.100,38442.461,48373.895
610.134,99.200,38443.453,48373.895
611.153,100.200,38443.477,48373.895
612.171,100.200,38452.348,48373.895
613.190,100.200,38452.348,48373.895
614.209,100.100,38452.516,48373.895
615.227,100.100,38459.691,48373.895
616.246,100.200,38459.738,48373.895
617.264,100.100,38463.316,48373.895
618.283,100.100,38463.316,48373.895
619.300,99.300,38463.465,48373.895
620.319,100.100,38467.453,48373.895
621.337,100.200,38467.465,48373.895
622.355,101.100,38476.645,48373.895
623.374,100.100,38476.656,48373.895
624.392,99.200,38476.816,48373.895
625.411,100.200,38482.500,48373.895
626.429,100.100,38482.520,48373.895
627.448,99.200,38483.625,48373.895
628.466,101.100,38483.629,48373.895
629.485,100.200,38483.633,48373.895
630.503,99.200,38487.289,48373.895
631.522,100.100,38487.324,48373.895
632.540,100.200,38491.438,48373.895
633.559,100.100,38491.445,48373.895
634.577,101.100,38491.461,48373.895
635.595,99.200,38491.461,48373.895
636.614,100.200,38491.461,48373.895
637.632,100.100,38491.473,48373.895
638.651,100.100,38491.473,48373.895
639.669,100.100,38491.473,48373.895
640.688,100.200,38491.484,48373.895
641.706,100.100,38491.496,48373.895
642.725,100.100,38491.504,48373.895
643.744,100.100,38500.762,48373.895
644.763,100.100,38408.039,48281.172
645.782,100.100,38408.051,48281.172
646.800,100.100,38408.219,48281.172
647.819,100.100,38455.676,48281.172
648.838,100.100,38455.852,48281.172
649.857,100.100,38456.238,48281.172
650.875,100.100,38458.402,48281.172
651.894,99.100,38458.430,48281.172
652.913,100.100,38458.629,48281.172
653.931,101.100,38458.906,48281.172
654.950,100.100,38458.910,48281.172
655.969,100.100,38460.914,48281.172
656.988,100.100,38460.930,48281.172
658.006,99.200,38460.945,48281.172
659.025,100.100,38464.102,48281.172
660.043,101.100,38464.121,48281.172
661.062,99.200,38464.852,48281.172
662.081,100.100,38464.863,48281.172
663.099,100.100,38464.945,48281.172
664.118,100.100,38464.945,48281.172
665.136,100.100,38464.949,48281.172
666.155,100.100,38465.664,48281.172
667.174,100.100,38466.973,48281.172
668.192,100.100,38467.004,48281.172
669.211,100.100,38468.422,48281.172
670.229,100.100,38468.441,48281.172
671.248,100.200,38468.578,48281.172
672.267,99.100,38468.637,48281.172
673.285,101.100,38468.641,48281.172
674.303,100.200,38469.117,48281.172
675.322,100.100,38469.125,48281.172
676.341,99.200,38469.152,48281.172
677.359,100.100,38469.152,48281.172
678.378,100.100,38469.152,48281.172
679.396,101.100,38472.215,48281.172
680.415,99.200,38472.215,48281.172
681.434,100.100,38472.215,48281.172
682.452,100.100,38473.293,48281.172
683.471,101.100,38473.309,48281.172
684.489,99.200,38473.445,48281.172
685.508,100.200,38473.469,48281.172
686.526,100.100,38473.469,48281.172
687.545,99.200,38479.898,48281.172
688.564,100.100,38479.902,48281.172
689.582,101.100,38485.074,48281.172
690.601,100.100,38485.074,48281.172
691.619,100.100,38485.078,48281.172
692.638,100.100,38489.441,48281.172
693.656,100.100,38489.453,48281.172
694.675,100.100,38490.082,48281.172
695.694,99.200,38490.137,48281.172
696.713,100.100,38490.137,48281.172
697.731,100.100,38494.098,48281.172
698.750,100.100,38494.160,48281.172
699.769,100.100,38494.258,48281.172
700.787,100.100,38494.645,48281.172
701.806,100.100,38494.648,48281.172
702.824,100.100,38494.773,48281.172
703.843,100.100,38494.773,48281.172
704.862,100.100,38494.773,48281.172
705.880,100.100,38494.777,48281.172
706.899,100.100,38494.777,48281.172
707.918,100.100,38494.781,48281.172
708.936,100.100,38494.781,48281.172
709.955,99.200,38494.781,48281.172
710.973,100.100,38494.781,48281.172
711.992,101.100,38494.781,48281.172
713.011,100.100,38494.785,48281.172
714.029,100.100,38494.793,48281.172
715.048,99.100,38494.793,48281.172
716.066,100.100,38494.793,48281.172
717.085,101.100,38494.793,48281.172
718.104,100.100,38498.430,48281.172
719.122,100.100,38498.434,48281.172
720.141,99.200,38498.609,48281.172
721.159,100.100,38498.668,48281.172
722.178,100.200,38498.668,48281.172
723.197,100.100,38498.691,48281.172
724.215,100.100,38498.691,48281.172
725.234,100.100,38498.695,48281.172
726.252,100.100,38499.934,48281.172
727.271,100.100,38499.934,48281.172
728.289,100.200,38499.934,48281.172
729.306,99.300,38499.934,48281.172
730.325,100.100,38499.934,48281.172
731.343,100.100,38499.934,48281.172
732.362,101.100,38499.934,48281.172
733.381,99.100,38499.934,48281.172
734.400,100.100,38499.934,48281.172
735.418,101.100,38499.941,48281.172
736.437,100.100,38499.941,48281.172
737.456,100.100,38499.941,48281.172
738.474,99.200,38499.941,48281.172
739.493,100.100,38499.941,48281.172
740.512,101.100,38499.941,48281.172
741.530,99.200,38499.941,48281.172
742.549,100.100,38499.941,48281.172
743.567,100.100,38499.941,48281.172
744.585,100.200,38499.941,48281.172
745.604,100.100,38499.941,48281.172
746.622,100.100,38499.941,48281.172
747.641,99.200,38499.941,48281.172
748.660,100.100,38499.941,48281.172
749.678,100.100,38499.988,48281.172
750.697,100.100,38562.340,48343.488
751.715,100.100,38562.355,48343.488
752.734,101.100,38562.367,48343.488
753.752,100.200,38563.047,48343.488
754.771,99.100,38567.223,48343.488
755.789,100.100,38567.266,48343.488
756.808,101.100,38567.648,48343.488
757.827,99.100,38567.648,48343.488
758.846,100.100,38567.730,48343.488
759.865,100.100,38569.734,48343.488
760.884,100.100,38569.742,48343.488
761.902,100.100,38571.508,48343.488
762.921,100.100,38571.508,48343.488
763.940,100.100,38571.641,48343.488
764.959,100.100,38573.539,48343.488
765.978,100.100,38573.598,48343.488
766.997,100.100,38575.707,48343.488
768.015,100.100,38576.004,48343.488
769.034,100.100,38576.004,48343.488
770.053,99.200,38576.355,48343.488
771.070,100.300,38576.363,48343.488
772.086,101.300,38576.363,48343.488
773.103,99.300,38576.551,48343.488
774.120,93.400,38576.551,48343.488
775.139,100.100,38576.566,48343.488
776.158,99.100,38578.539,48343.488
777.175,96.400,38578.547,48343.488
778.193,99.100,38578.559,48343.488
779.210,100.300,38579.664,48343.488
780.228,100.300,38579.664,48343.488
781.245,100.300,38579.664,48343.488
782.261,100.300,38579.832,48343.488
783.279,99.300,38579.840,48343.488
784.295,100.400,38579.926,48343.488
785.311,100.400,38580.441,48343.488
786.328,99.300,38580.441,48343.488
787.344,100.300,38580.457,48343.488
788.361,100.300,38580.531,48343.488
789.378,100.300,38580.531,48343.488
790.395,100.300,38580.531,48343.488
791.412,100.300,38585.059,48343.488
792.429,99.200,38585.066,48343.488
793.446,101.200,38585.070,48343.488
794.464,99.300,38585.336,48343.488
795.481,100.300,38585.336,48343.488
796.500,99.100,38585.336,48343.488
797.519,101.100,38587.859,48343.488
798.538,100.100,38587.871,48343.488
799.557,99.100,38589.492,48343.488
800.575,100.100,38589.492,48343.488
801.594,101.100,38589.508,48343.488
802.613,100.100,38595.793,48343.488
803.632,100.100,38595.805,48343.488
804.651,99.100,38598.727,48343.488
805.670,100.100,38598.738,48343.488
806.689,100.100,38598.742,48343.488
807.708,100.100,38600.543,48343.488
808.727,100.100,38600.543,48343.488
809.746,100.100,38600.562,48343.488
810.765,100.100,38600.562,48343.488
811.784,100.100,38600.562,48343.488
812.803,100.100,38600.566,48343.488
813.822,100.100,38600.566,48343.488
814.843,99.900,38600.566,48343.488
815.863,100.900,38600.566,48343.488
816.885,99.900,38600.566,48343.488
817.896,99.900,38600.566,48343.488
818.915,100.100,38600.566,48343.488
819.934,100.100,38600.566,48343.488
820.953,100.100,38600.566,48343.488
821.972,100.100,38600.566,48343.488
822.992,100.100,38600.566,48343.488
824.011,100.100,38600.566,48343.488
825.030,100.100,38600.566,48343.488
826.049,100.100,38600.566,48343.488
827.068,100.100,38600.566,48343.488
828.087,100.100,38600.566,48343.488
829.110,100.700,38600.566,48343.488
830.128,99.100,38600.566,48343.488
831.148,100.000,38600.566,48343.488
832.168,100.000,38600.566,48343.488
833.188,100.000,38600.566,48343.488
834.207,101.000,38600.566,48343.488
835.227,99.000,38600.566,48343.488
836.247,101.000,38600.566,48343.488
837.267,100.000,38600.566,48343.488
838.287,100.000,38600.566,48343.488
839.308,99.900,38600.566,48343.488
840.326,99.200,38600.566,48343.488
841.345,101.100,38600.566,48343.488
842.365,100.000,38600.566,48343.488
843.384,100.100,38600.566,48343.488
844.403,100.100,38600.566,48343.488
845.422,100.100,38600.566,48343.488
846.443,100.900,38600.566,48343.488
847.462,100.200,38600.566,48343.488
848.481,99.100,38600.566,48343.488
849.500,100.100,38600.566,48343.488
850.519,100.100,38605.953,48343.488
851.538,100.100,38605.953,48343.488
852.557,100.100,38605.965,48343.488
853.575,100.200,38605.969,48343.488
854.594,100.100,38605.969,48343.488
855.614,100.000,38605.969,48343.488
856.633,100.100,38605.969,48343.488
857.652,100.200,38605.969,48343.488
858.671,100.100,38605.969,48343.488
859.692,99.900,38605.969,48343.488
860.712,99.900,38605.969,48343.488
861.732,101.000,38605.973,48343.488
862.753,100.000,38610.871,48343.488
863.772,99.100,38610.887,48343.488
864.794,99.900,38610.922,48343.488
865.812,101.200,38615.285,48343.488
866.832,100.000,38615.301,48343.488
867.853,99.900,38615.332,48343.488
868.873,99.900,38619.234,48343.488
869.892,100.200,38619.238,48343.488
870.910,100.100,38619.273,48343.488
871.931,99.900,38621.793,48343.488
872.950,100.100,38621.793,48343.488
873.969,101.100,38621.914,48343.488
874.988,99.100,38621.918,48343.488
876.007,100.200,38621.922,48343.488
877.025,99.200,38621.926,48343.488
878.046,100.900,38621.926,48343.488
879.064,100.200,38621.926,48343.488
880.085,99.900,38621.926,48343.488
881.105,101.100,38621.926,48343.488
882.126,99.900,38621.926,48343.488
883.147,98.900,38621.926,48343.488
884.166,100.100,38621.926,48343.488
885.187,100.900,38621.926,48343.488
886.205,100.200,38621.926,48343.488
887.224,99.200,38621.926,48343.488
888.242,100.200,38621.926,48343.488
889.260,101.100,38621.926,48343.488
890.279,100.200,38621.926,48343.488
891.298,99.100,38621.926,48343.488
892.316,100.200,38621.926,48343.488
893.335,101.200,38621.926,48343.488
894.355,100.000,38621.926,48343.488
895.374,100.100,38621.926,48343.488
896.393,100.100,38621.926,48343.488
897.412,99.100,38621.926,48343.488
898.431,100.200,38621.926,48343.488
899.452,100.900,38621.930,48343.488
900.471,100.100,38621.930,48343.488
901.492,99.900,38621.930,48343.488
902.510,100.200,38621.930,48343.488
903.529,100.100,38621.930,48343.488
904.547,99.200,38621.930,48343.488
905.566,100.100,38621.930,48343.488
906.584,100.100,38622.301,48343.488
907.603,100.200,38622.301,48343.488
908.623,100.000,38622.301,48343.488
909.642,100.100,38622.422,48343.488
910.660,101.200,38622.422,48343.488
911.681,99.900,38622.422,48343.488
912.700,100.100,38628.023,48343.488
913.721,99.900,38628.023,48343.488
914.740,100.100,38630.031,48343.488
915.759,100.100,38630.703,48343.488
916.777,99.200,38630.703,48343.488
917.795,100.100,38634.641,48343.488
918.816,100.900,38634.641,48343.488
919.836,100.000,38634.652,48343.488
920.855,99.100,38639.211,48343.488
921.874,100.100,38639.211,48343.488
922.893,101.100,38639.211,48343.488
923.913,100.000,38643.090,48343.488
924.932,99.200,38643.098,48343.488
925.951,100.100,38643.113,48343.488
926.971,101.000,38643.340,48343.488
927.991,100.000,38643.340,48343.488
929.012,100.900,38643.340,48343.488
930.033,99.000,38643.348,48343.488
931.053,100.000,38643.348,48343.488
932.074,100.900,38643.348,48343.488
933.095,99.900,38643.348,48343.488
934.114,100.000,38643.348,48343.488
935.133,100.200,38643.348,48343.488
936.154,99.900,38643.348,48343.488
937.174,100.000,38643.348,48343.488
938.195,99.900,38643.348,48343.488
939.213,100.100,38643.348,48343.488
940.232,100.200,38643.348,48343.488
941.250,100.200,38643.348,48343.488
942.268,100.200,38643.348,48343.488
943.289,99.900,38643.348,48343.488
944.310,100.000,38643.348,48343.488
945.330,100.900,38643.348,48343.488
946.349,100.100,38643.348,48343.488
947.370,99.900,38643.348,48343.488
948.389,99.100,38643.348,48343.488
949.408,100.100,38643.348,48343.488
950.426,100.200,38643.348,48343.488
951.445,100.100,38643.348,48343.488
952.463,100.200,38643.348,48343.488
953.483,100.000,38643.348,48343.488
954.504,100.900,38643.348,48343.488
955.523,99.200,38643.352,48343.488
956.544,99.900,38643.352,48343.488
957.562,101.200,38643.355,48343.488
958.582,100.000,38643.355,48343.488
959.601,99.100,38643.355,48343.488
960.619,100.200,38643.355,48343.488
961.638,100.000,38643.355,48343.488
962.659,100.000,38643.355,48343.488
963.678,100.100,38643.355,48343.488
964.696,100.100,38643.355,48343.488
965.717,100.900,38643.355,48343.488
966.735,99.200,38643.355,48343.488
967.756,100.900,38643.355,48343.488
968.776,100.000,38643.355,48343.488
969.795,100.200,38643.355,48343.488
970.816,99.900,38643.355,48343.488
971.836,100.000,38643.355,48343.488
972.857,99.900,38643.355,48343.488
973.877,100.900,38643.355,48343.488
974.896,99.200,38643.355,48343.488
975.914,100.200,38643.355,48343.488
976.933,100.100,38643.355,48343.488
977.954,99.900,38643.355,48343.488
978.974,100.000,38643.355,48343.488
979.994,100.900,38643.355,48343.488
981.014,100.000,38643.355,48343.488
982.035,100.000,38661.117,48414.137
983.056,99.900,38714.004,48414.137
984.074,100.100,38714.004,48414.137
985.093,100.200,38714.004,48414.137
986.112,100.100,38714.004,48414.137
987.130,100.200,38734.750,48414.137
988.149,100.100,38595.902,48275.289
989.171,99.900,38595.902,48275.289
990.190,101.000,38595.918,48275.289
991.212,99.800,38604.625,48275.289
992.232,100.000,38611.871,48275.289
993.250,100.200,38612.020,48275.289
994.268,100.200,38612.094,48275.289
995.287,99.200,38613.840,48275.289
996.308,100.800,38613.844,48275.289
997.326,99.200,38613.871,48275.289
998.348,100.900,38614.012,48275.289
999.368,99.000,38614.012,48275.289
1000.388,101.000,38614.016,48275.289
1001.409,100.000,38616.492,48275.289
1002.428,100.000,38616.492,48275.289
1003.447,100.200,38616.492,48275.289
1004.467,100.000,38619.656,48275.289
1005.486,100.100,38619.656,48275.289
1006.507,100.900,38619.656,48275.289
1007.525,99.200,38621.355,48275.289
1008.544,100.100,38621.355,48275.289
1009.565,99.900,38621.371,48275.289
1010.586,99.900,38623.391,48275.289
1011.604,100.200,38623.395,48275.289
1012.625,100.900,38623.438,48275.289
1013.644,100.100,38624.965,48275.289
1014.664,100.000,38624.969,48275.289
1015.683,100.100,38624.973,48275.289
1016.702,99.200,38628.609,48275.289
1017.722,100.900,38628.617,48275.289
1018.743,100.000,38628.625,48275.289
1019.762,100.100,38628.781,48275.289
1020.780,100.200,38628.781,48275.289
1021.798,100.200,38628.785,48275.289
1022.819,99.900,38631.008,48275.289
1023.840,100.000,38631.008,48275.289
1024.859,100.000,38631.016,48275.289
1025.879,100.100,38631.609,48275.289
1026.900,100.900,38631.609,48275.289
1027.920,99.000,38631.691,48275.289
1028.941,99.900,38634.117,48275.289
1029.961,101.000,38634.117,48275.289
1030.979,100.100,38634.125,48275.289
1031.999,100.000,38634.145,48275.289
1033.019,100.000,38634.145,48275.289
1034.040,99.900,38634.148,48275.289
1035.061,99.900,38634.426,48275.289
1036.081,100.100,38634.426,48275.289
1037.102,99.900,38634.441,48275.289
1038.120,100.200,38640.820,48275.289
1039.140,100.000,38640.828,48275.289
1040.161,99.900,38640.879,48275.289
1041.182,99.900,38645.488,48275.289
1042.201,100.100,38645.488,48275.289
1043.222,100.900,38645.543,48275.289
1044.243,99.900,38648.211,48275.289
1045.264,100.900,38648.211,48275.289
1046.282,99.200,38648.219,48275.289
1047.302,100.000,38648.352,48275.289
1048.324,100.900,38648.352,48275.289
1049.345,99.900,38648.352,48275.289
1050.365,100.000,38651.477,48275.289
1051.383,100.100,38651.496,48275.289
1052.403,100.000,38651.539,48275.289
1053.423,99.100,38652.414,48275.289
1054.441,101.100,38652.414,48275.289
1055.460,100.100,38652.426,48275.289
1056.478,100.200,38652.426,48275.289
1057.497,100.200,38652.426,48275.289
1058.517,100.000,38652.426,48275.289
1059.535,99.200,38652.426,48275.289
1060.555,101.000,38652.426,48275.289
1061.575,100.000,38652.426,48275.289
1062.594,100.100,38652.426,48275.289
1063.615,99.900,38652.426,48275.289
1064.636,99.900,38652.426,48275.289
1065.655,100.100,38652.426,48275.289
1066.676,99.900,38652.426,48275.289
1067.696,100.000,38652.426,48275.289
1068.716,100.000,38652.426,48275.289
1069.735,101.000,38652.426,48275.289
1070.755,99.100,38652.426,48275.289
1071.773,100.200,38652.426,48275.289
1072.791,100.200,38652.426,48275.289
1073.810,100.100,38652.438,48275.289
1074.830,100.100,38652.438,48275.289
1075.850,99.900,38652.438,48275.289
1076.872,100.800,38652.438,48275.289
1077.890,99.200,38652.438,48275.289
1078.911,100.900,38652.438,48275.289
1079.931,99.000,38652.438,48275.289
1080.949,101.100,38652.438,48275.289
1081.967,100.200,38652.438,48275.289
1082.989,99.900,38652.438,48275.289
1084.007,100.200,38652.438,48275.289
1085.028,99.900,38652.438,48275.289
1086.046,100.200,38652.438,48275.289
1087.066,100.000,38652.438,48275.289
1088.086,100.000,38652.438,48275.289
1089.105,100.100,38652.438,48275.289
1090.125,100.000,38652.438,48275.289
1091.145,100.000,38652.438,48275.289
1092.164,100.200,38652.438,48275.289
1093.185,99.900,38652.438,48275.289
1094.203,100.200,38652.438,48275.289
1095.225,99.900,38652.438,48275.289
1096.245,99.900,38652.438,48275.289
1097.267,100.900,38652.438,48275.289
1098.285,100.200,38652.438,48275.289
1099.305,99.000,38654.996,48275.289
1100.323,101.200,38655.016,48275.289
1101.344,100.000,38655.016,48275.289
1102.362,100.200,38659.332,48275.289
1103.383,100.000,38659.344,48275.289
1104.402,100.100,38659.344,48275.289
1105.423,99.900,38662.211,48275.289
1106.441,100.200,38662.211,48275.289
1107.463,99.900,38662.211,48275.289
1108.481,100.200,38662.715,48275.289
1109.500,101.100,38662.715,48275.289
1110.520,99.000,38662.727,48275.289
1111.541,100.900,38667.004,48275.289
1112.560,99.200,38667.004,48275.289
1113.578,100.100,38667.008,48275.289
1114.600,99.900,38668.766,48275.289
1115.621,100.900,38668.773,48275.289
1116.641,100.000,38668.789,48275.289
1117.660,100.000,38668.812,48275.289
1118.679,99.200,38668.816,48275.289
1119.699,100.900,38668.824,48275.289
1120.720,100.900,38668.824,48275.289
1121.738,99.200,38668.828,48275.289
1122.759,99.900,38668.828,48275.289
1123.778,101.100,38668.828,48275.289
1124.799,98.900,38668.828,48275.289
1125.818,100.100,38668.828,48275.289
1126.836,100.200,38668.828,48275.289
1127.856,100.100,38668.828,48275.289
1128.876,101.000,38668.828,48275.289
1129.894,99.200,38668.828,48275.289
1130.913,100.100,38668.828,48275.289
1131.934,99.900,38668.828,48275.289
1132.955,100.900,38668.828,48275.289
1133.974,99.100,38668.828,48275.289
1134.995,100.900,38668.828,48275.289
1136.016,99.900,38668.828,48275.289
1137.034,100.200,38668.828,48275.289
1138.053,100.200,38668.828,48275.289
1139.074,100.800,38668.828,48275.289
1140.093,99.200,38668.828,48275.289
1141.111,100.200,38668.828,48275.289
1142.130,100.100,38668.828,48275.289
1143.150,100.000,38668.828,48275.289
1144.169,100.100,38668.828,48275.289
1145.187,100.200,38668.828,48275.289
1146.207,100.000,38668.828,48275.289
1147.226,100.100,38668.828,48275.289
1148.244,100.100,38668.828,48275.289
1149.264,100.000,38668.891,48275.289
1150.285,99.900,38668.891,48275.289
1151.304,100.100,38668.891,48275.289
1152.322,100.200,38669.004,48275.289
1153.343,100.900,38669.004,48275.289
1154.364,99.900,38669.004,48275.289
1155.385,99.900,38669.070,48275.289
1156.403,100.200,38669.074,48275.289
1157.422,100.100,38669.074,48275.289
1158.442,100.000,38669.086,48275.289
1159.462,100.000,38669.086,48275.289
1160.482,100.000,38669.086,48275.289
1161.502,100.000,38669.109,48275.289
1162.522,100.000,38669.109,48275.289
1163.543,99.900,38669.109,48275.289
1164.561,100.200,38669.113,48275.289
1165.580,100.100,38669.113,48275.289
1166.599,100.000,38669.113,48275.289
1167.617,100.200,38669.113,48275.289
1168.635,100.200,38669.113,48275.289
1169.655,99.000,38669.113,48275.289
1170.674,101.100,38669.113,48275.289
1171.695,100.000,38669.113,48275.289
1172.713,100.200,38669.113,48275.289
1173.731,100.200,38669.129,48275.289
1174.751,99.900,38669.129,48275.289
1175.770,100.100,38669.129,48275.289
1176.791,100.000,38669.199,48275.289
1177.808,100.200,38669.199,48275.289
1178.829,100.900,38669.199,48275.289
1179.847,99.200,38669.203,48275.289
1180.868,99.900,38669.207,48275.289
1181.886,100.100,38669.211,48275.289
1182.904,100.200,38669.211,48275.289
1183.923,100.100,38669.211,48275.289
1184.942,100.100,38669.211,48275.289
1185.960,100.200,38669.211,48275.289
1186.978,100.200,38669.211,48275.289
1187.996,99.200,38669.211,48275.289
1189.016,101.000,38669.211,48275.289
1190.035,100.100,38669.211,48275.289
1191.053,100.200,38669.211,48275.289
1192.071,100.200,38669.211,48275.289
1193.089,99.200,38669.211,48275.289
1194.107,100.200,38669.211,48275.289
1195.125,100.200,38669.211,48275.289
1196.143,100.200,38669.211,48275.289
1197.163,101.000,38669.211,48275.289
1198.181,99.200,38669.211,48275.289
1199.201,101.100,38669.211,48275.289
1200.218,99.200,38669.211,48275.289
1201.239,100.000,38669.211,48275.289
1202.259,99.900,38669.211,48275.289
1203.279,100.000,38669.211,48275.289
1204.299,101.000,38669.211,48275.289
1205.319,100.000,38669.211,48275.289
1206.338,99.100,38669.211,48275.289
1207.357,101.000,38669.211,48275.289
1208.375,100.200,38669.211,48275.289
1209.394,99.100,38669.211,48275.289
1210.412,100.200,38669.211,48275.289
1211.433,100.000,38669.211,48275.289
1212.451,101.100,38669.211,48275.289
1213.469,99.200,38669.211,48275.289
1214.487,100.100,38669.211,48275.289
1215.508,100.000,38669.211,48275.289
1216.526,100.200,38669.211,48275.289
1217.546,100.000,38669.211,48275.289
1218.564,100.200,38669.211,48275.289
1219.583,100.200,38669.211,48275.289
1220.603,100.900,38669.211,48275.289
1221.622,99.200,38669.211,48275.289
1222.640,100.200,38669.211,48275.289
1223.659,100.100,38669.211,48275.289
1224.679,100.000,38718.633,48324.703
1225.697,100.200,38718.641,48324.703
1226.717,100.000,38718.641,48324.703
1227.737,100.000,38718.641,48324.703
1228.758,99.900,38718.641,48324.703
1229.776,100.200,38718.641,48324.703
1230.793,100.200,38718.641,48324.703
1231.811,100.200,38718.641,48324.703
1232.830,100.100,38718.641,48324.703
1233.849,100.100,38718.641,48324.703
1234.869,100.000,38718.641,48324.703
1235.887,100.100,38718.645,48324.703
1236.908,100.000,38718.645,48324.703
1237.927,100.100,38718.648,48324.703
1238.946,100.000,38718.648,48324.703
1239.964,100.200,38718.648,48324.703
1240.983,100.100,38718.648,48324.703
1242.003,100.000,38718.648,48324.703
1243.021,99.200,38718.648,48324.703
1244.039,101.200,38718.648,48324.703
1245.057,100.200,38718.648,48324.703
1246.075,100.200,38718.648,48324.703
1247.094,99.100,38718.648,48324.703
1248.113,101.100,38718.648,48324.703
1249.131,100.200,38718.648,48324.703
1250.149,100.200,38718.648,48324.703
1251.169,100.000,38718.648,48324.703
1252.189,100.000,38718.648,48324.703
1253.209,99.000,38718.648,48324.703
1254.227,100.100,38718.648,48324.703
1255.246,101.100,38718.648,48324.703
1256.266,100.000,38718.648,48324.703
1257.287,100.000,38718.648,48324.703
1258.306,100.100,38718.648,48324.703
1259.326,100.000,38718.648,48324.703
1260.343,99.200,38718.648,48324.703
1261.361,101.200,38718.648,48324.703
1262.382,99.900,38718.648,48324.703
1263.403,99.900,38718.648,48324.703
1264.423,100.000,38718.648,48324.703
1265.441,100.200,38718.648,48324.703
1266.459,100.200,38718.648,48324.703
1267.478,100.000,38718.648,48324.703
1268.499,99.000,38718.648,48324.703
1269.518,101.100,38718.648,48324.703
1270.537,100.100,38718.648,48324.703
1271.555,99.200,38718.648,48324.703
1272.573,100.200,38718.648,48324.703
1273.593,101.000,38718.648,48324.703
1274.611,100.200,38718.648,48324.703
1275.629,99.200,38718.648,48324.703
1276.647,101.200,38718.648,48324.703
1277.666,100.100,38718.648,48324.703
1278.686,100.000,38718.648,48324.703
1279.706,100.000,38718.648,48324.703
1280.725,100.100,38718.648,48324.703
1281.743,99.200,38718.648,48324.703
1282.761,101.200,38718.648,48324.703
1283.781,99.000,38718.648,48324.703
1284.801,101.000,38718.648,48324.703
1285.819,99.200,38718.648,48324.703
1286.838,100.100,38718.648,48324.703
1287.856,101.200,38718.648,48324.703
1288.874,99.200,38718.648,48324.703
1289.891,100.200,38718.648,48324.703
1290.912,99.900,38718.648,48324.703
1291.931,100.100,38718.648,48324.703
1292.951,99.900,38718.648,48324.703
1293.969,100.200,38718.648,48324.703
1294.990,100.900,38718.648,48324.703
1296.010,100.000,38718.648,48324.703
1297.030,100.000,38718.648,48324.703
1298.050,99.000,38718.648,48324.703
1299.070,100.900,38718.648,48324.703
1300.091,99.900,38718.648,48324.703
1301.110,100.100,38718.648,48324.703
1302.130,100.000,38718.648,48324.703
1303.150,100.000,38718.648,48324.703
1304.168,100.200,38718.648,48324.703
1305.189,99.900,38718.648,48324.703
1306.207,100.200,38718.648,48324.703
1307.224,100.200,38718.648,48324.703
1308.243,100.100,38718.648,48324.703
1309.261,99.200,38718.648,48324.703
1310.281,101.000,38718.648,48324.703
1311.301,100.000,38718.648,48324.703
1312.320,100.100,38718.648,48324.703
1313.339,100.100,38718.648,48324.703
1314.357,100.200,38718.648,48324.703
1315.377,99.900,38718.648,48324.703
1316.395,100.200,38718.648,48324.703
1317.413,99.200,38718.648,48324.703
1318.432,101.000,38718.648,48324.703
1319.452,100.100,38718.648,48324.703
1320.471,100.100,38718.648,48324.703
1321.489,99.200,38718.648,48324.703
1322.507,100.200,38718.648,48324.703
1323.528,100.900,38718.648,48324.703
1324.547,99.100,38718.648,48324.703
1325.567,99.900,38718.648,48324.703
1326.585,100.200,38718.648,48324.703
1327.603,101.200,38718.648,48324.703
1328.621,99.200,38718.648,48324.703
1329.641,101.000,38718.648,48324.703
1330.660,99.100,38718.648,48324.703
1331.679,101.100,38718.648,48324.703
1332.697,99.200,38718.648,48324.703
1333.715,100.200,38718.648,48324.703
1334.735,100.000,38718.648,48324.703
1335.754,101.100,38718.648,48324.703
1336.773,99.200,38718.648,48324.703
1337.791,100.200,38718.648,48324.703
1338.809,100.200,38718.648,48324.703
1339.829,100.000,38718.648,48324.703
1340.849,101.000,38718.648,48324.703
1341.869,99.000,38718.648,48324.703
1342.887,101.200,38718.648,48324.703
1343.908,100.000,38718.648,48324.703
1344.928,98.900,38718.648,48324.703
1345.947,101.100,38648.000,48254.055
1346.967,100.000,38648.004,48254.055
1347.985,99.200,38648.004,48254.055
1349.003,100.200,38648.004,48254.055
1350.022,101.100,38648.004,48254.055
1351.042,99.900,38648.004,48254.055
1352.061,100.100,38648.004,48254.055
1353.079,99.200,38648.004,48254.055
1354.097,101.200,38648.004,48254.055
1355.117,100.000,38648.004,48254.055
1356.134,99.200,38648.004,48254.055
1357.154,100.000,38648.004,48254.055
1358.172,100.200,38648.004,48254.055
1359.190,100.200,38648.004,48254.055
1360.209,100.100,38648.004,48254.055
1361.229,100.000,38648.004,48254.055
1362.247,100.200,38648.004,48254.055
1363.266,100.100,38648.004,48254.055
1364.286,100.000,38648.004,48254.055
1365.304,100.200,38648.004,48254.055
1366.322,100.200,38648.004,48254.055
1367.340,100.200,38648.004,48254.055
1368.358,100.200,38648.004,48254.055
1369.376,99.200,38648.004,48254.055
1370.396,100.000,38648.004,48254.055
1371.414,101.200,38648.004,48254.055
1372.434,99.000,38648.004,48254.055
1373.452,100.200,38648.004,48254.055
1374.472,101.000,38648.004,48254.055
1375.491,99.200,38648.004,48254.055
1376.509,100.200,38648.004,48254.055
1377.528,100.100,38648.004,48254.055
1378.546,100.100,38648.004,48254.055
1379.566,100.000,38648.004,48254.055
1380.587,100.900,38648.004,48254.055
1381.605,100.200,38648.004,48254.055
1382.625,99.000,38648.004,48254.055
1383.646,100.900,38648.004,48254.055
1384.666,100.000,38648.004,48254.055
1385.684,99.200,38648.004,48254.055
1386.704,101.000,38648.004,48254.055
1387.723,99.100,38648.004,48254.055
1388.741,101.200,38648.004,48254.055
1389.759,99.200,38648.004,48254.055
1390.779,100.900,38648.004,48254.055
1391.797,99.200,38648.004,48254.055
1392.815,100.200,38648.004,48254.055
1393.834,100.100,38648.004,48254.055
1394.855,100.900,38648.004,48254.055
1395.873,99.200,38648.004,48254.055
1396.893,100.000,38648.004,48254.055
1397.912,100.100,38648.004,48254.055
1398.930,100.200,38648.004,48254.055
1399.949,100.100,38648.004,48254.055
1400.969,100.000,38648.004,48254.055
1401.987,100.200,38648.004,48254.055
1403.008,99.900,38648.004,48254.055
1404.026,101.100,38648.004,48254.055
1405.047,100.000,38648.004,48254.055
1406.067,100.000,38648.004,48254.055
1407.085,99.200,38648.004,48254.055
1408.103,100.200,38648.004,48254.055
1409.121,100.200,38648.004,48254.055
1410.141,100.000,38648.004,48254.055
1411.161,100.000,38648.004,48254.055
1412.181,101.000,38648.004,48254.055
1413.199,100.200,38648.004,48254.055
1414.217,99.200,38648.004,48254.055
1415.236,100.200,38648.004,48254.055
1416.256,100.900,38648.004,48254.055
1417.274,99.200,38648.004,48254.055
1418.292,100.200,38648.004,48254.055
1419.310,100.200,38648.004,48254.055
1420.328,100.200,38648.004,48254.055
1421.349,99.900,38648.004,48254.055
1422.369,101.000,38648.004,48254.055
1423.388,99.100,38648.004,48254.055
1424.408,100.000,38648.004,48254.055
1425.426,101.200,38683.148,48289.195
1426.445,99.100,38683.152,48289.195
1427.465,101.000,38683.152,48289.195
1428.483,100.200,38683.152,48289.195
1429.501,99.200,38683.152,48289.195
1430.519,100.200,38683.152,48289.195
1431.537,100.200,38683.152,48289.195
1432.556,100.100,38683.152,48289.195
1433.574,100.200,38683.152,48289.195
1434.594,99.000,38683.152,48289.195
1435.613,100.100,38683.152,48289.195
1436.632,101.100,38683.152,48289.195
1437.650,99.200,38683.152,48289.195
1438.668,100.200,38683.152,48289.195
1439.688,100.000,38683.152,48289.195
1440.706,101.200,38683.152,48289.195
1441.724,99.200,38683.152,48289.195
1442.742,100.200,38683.152,48289.195
1443.762,101.000,38683.152,48289.195
1444.781,99.100,38683.152,48289.195
1445.801,101.000,38683.152,48289.195
1446.818,99.300,38683.152,48289.195
1447.836,100.200,38683.152,48289.195
1448.854,100.200,38683.152,48289.195
1449.872,100.200,38683.152,48289.195
1450.892,100.000,38683.152,48289.195
1451.912,100.000,38683.152,48289.195
1452.930,100.200,38683.152,48289.195
1453.949,100.100,38683.152,48289.195
1454.969,100.000,38683.152,48289.195
1455.989,100.000,38683.152,48289.195
1457.009,99.900,38683.152,48289.195
1458.027,101.200,38683.152,48289.195
1459.045,99.200,38683.152,48289.195
1460.066,99.900,38683.152,48289.195
1461.084,100.200,38683.152,48289.195
1462.104,100.000,38683.152,48289.195
1463.124,100.000,38683.152,48289.195
1464.144,101.000,38683.152,48289.195
1465.163,100.200,38683.152,48289.195
1466.181,99.200,38683.152,48289.195
1467.199,100.200,38683.152,48289.195
1468.217,100.100,38683.152,48289.195
1469.238,100.000,38683.152,48289.195
1470.258,101.000,38683.152,48289.195
1471.275,99.200,38683.152,48289.195
1472.293,100.200,38683.152,48289.195
1473.311,100.200,38683.152,48289.195
1474.332,100.000,38683.152,48289.195
1475.351,101.000,38683.152,48289.195
1476.372,99.000,38683.152,48289.195
1477.391,101.000,38683.152,48289.195
1478.411,99.000,38683.152,48289.195
1479.429,100.200,38683.152,48289.195
1480.449,101.000,38683.152,48289.195
1481.468,99.100,38683.152,48289.195
1482.486,100.100,38683.152,48289.195
1483.505,101.100,38683.152,48289.195
1484.523,99.200,38683.152,48289.195
1485.543,100.100,38683.152,48289.195
1486.563,100.000,38683.152,48289.195
1487.582,100.100,38683.152,48289.195
1488.601,100.100,38683.152,48289.195
1489.619,100.100,38683.152,48289.195
1490.639,100.000,38683.152,48289.195
1491.657,101.200,38683.152,48289.195
1492.671,99.600,38683.152,48289.195
1493.692,99.000,38683.152,48289.195
1494.711,101.100,38683.152,48289.195
1495.729,100.200,38683.152,48289.195
1496.749,99.000,38683.152,48289.195
1497.767,101.200,38683.152,48289.195
1498.785,99.200,38683.152,48289.195
1499.805,101.000,38683.152,48289.195
1500.823,99.200,38683.152,48289.195
1501.842,100.200,38683.152,48289.195
1502.860,100.200,38683.152,48289.195
1503.880,100.000,38683.152,48289.195
1504.898,101.200,38683.152,48289.195
1505.919,99.900,38683.152,48289.195
1506.937,99.200,38683.152,48289.195
1507.957,101.000,38683.152,48289.195
1508.976,99.100,38683.152,48289.195
1509.995,101.100,38683.152,48289.195
1511.016,100.000,38683.152,48289.195
1512.035,99.100,38683.152,48289.195
1513.055,100.000,38683.152,48289.195
1514.073,100.200,38683.152,48289.195
1515.093,101.000,38683.152,48289.195
1516.112,100.100,38683.152,48289.195
1517.130,100.100,38683.152,48289.195
1518.149,99.200,38683.152,48289.195
1519.168,100.100,38683.152,48289.195
1520.186,101.200,38683.152,48289.195
1521.204,100.100,38683.152,48289.195
1522.223,99.100,38683.152,48289.195
1523.242,100.200,38683.152,48289.195
1524.262,99.900,38683.152,48289.195
1525.282,101.000,38683.152,48289.195
1526.300,100.200,38683.152,48289.195
1527.319,100.000,38683.152,48289.195
1528.337,99.200,38683.152,48289.195
1529.355,100.200,38683.152,48289.195
1530.373,100.200,38683.152,48289.195
1531.394,100.000,38683.152,48289.195
1532.412,101.100,38683.152,48289.195
1533.431,99.100,38683.152,48289.195
1534.449,100.200,38683.152,48289.195
1535.467,100.200,38683.152,48289.195
1536.485,100.200,38683.152,48289.195
1537.504,99.100,38683.152,48289.195
1538.525,101.000,38683.152,48289.195
1539.542,99.200,38683.152,48289.195
1540.561,100.200,38683.152,48289.195
1541.578,100.200,38683.152,48289.195
1542.597,100.100,38683.152,48289.195
1543.617,100.000,38683.152,48289.195
1544.635,101.200,38683.152,48289.195
1545.653,99.200,38683.152,48289.195
1546.672,100.100,38683.152,48289.195
1547.692,100.000,38683.152,48289.195
1548.710,100.200,38683.152,48289.195
1549.728,100.200,38683.152,48289.195
1550.747,100.100,38683.152,48289.195
1551.767,100.900,38683.152,48289.195
1552.785,99.200,38683.152,48289.195
1553.805,100.900,38683.152,48289.195
1554.825,99.000,38683.152,48289.195
1555.846,100.000,38683.152,48289.195
1556.865,101.100,38683.152,48289.195
1557.884,100.100,38683.152,48289.195
1558.902,100.200,38683.152,48289.195
1559.919,99.300,38683.152,48289.195
1560.940,100.000,38683.152,48289.195
1561.958,100.200,38683.152,48289.195
1562.978,100.000,38683.152,48289.195
1563.998,100.000,38683.152,48289.195
1565.016,100.200,38683.152,48289.195
1566.033,100.200,38683.152,48289.195
1567.051,100.200,38683.152,48289.195
1568.070,100.200,38683.152,48289.195
1569.089,100.000,38683.152,48289.195
1570.109,100.000,38683.152,48289.195
1571.128,100.100,38683.152,48289.195
1572.146,100.200,38683.152,48289.195
1573.166,100.000,38683.152,48289.195
1574.184,100.200,38683.152,48289.195
1575.202,100.200,38683.152,48289.195
1576.222,99.900,38683.152,48289.195
1577.243,100.000,38683.152,48289.195
1578.261,99.200,38683.152,48289.195
1579.279,101.100,38683.152,48289.195
1580.298,100.100,38683.152,48289.195
1581.317,100.100,38683.152,48289.195
1582.336,99.100,38683.152,48289.195
1583.354,101.100,38683.152,48289.195
1584.372,99.200,38683.152,48289.195
1585.390,101.200,38683.152,48289.195
1586.411,100.000,38683.152,48289.195
1587.430,100.000,38683.152,48289.195
1588.448,100.200,38683.152,48289.195
1589.467,99.100,38683.152,48289.195
1590.487,100.100,38683.152,48289.195
1591.507,101.000,38683.152,48289.195
1592.525,100.200,38683.152,48289.195
1593.545,99.100,38683.152,48289.195
1594.562,101.200,38683.152,48289.195
1595.583,100.000,38683.152,48289.195
1596.600,99.300,38683.152,48289.195
1597.618,100.200,38683.152,48289.195
1598.639,100.000,38683.152,48289.195
1599.659,100.900,38683.152,48289.195
1600.679,100.000,38717.922,48323.965
1601.697,99.200,38717.922,48323.965
1602.717,101.000,38717.922,48323.965
1603.735,100.200,38717.922,48323.965
1604.753,99.200,38717.922,48323.965
1605.771,100.200,38717.922,48323.965
1606.789,100.200,38717.922,48323.965
1607.807,100.200,38717.922,48323.965
1608.827,100.000,38717.922,48323.965
1609.844,100.200,38717.922,48323.965
1610.865,100.000,38717.922,48323.965
1611.884,100.100,38717.922,48323.965
1612.904,100.000,38717.922,48323.965
1613.922,100.200,38717.922,48323.965
1614.941,100.100,38717.922,48323.965
1615.961,100.900,38717.922,48323.965
1616.980,99.200,38717.922,48323.965
1617.997,100.200,38717.922,48323.965
1619.015,100.200,38717.922,48323.965
1620.034,100.200,38717.922,48323.965
1621.052,100.200,38717.922,48323.965
1622.072,100.000,38717.922,48323.965
1623.089,100.200,38717.922,48323.965
1624.108,99.200,38717.922,48323.965
1625.126,100.200,38717.922,48323.965
1626.144,101.100,38717.922,48323.965
1627.162,99.300,38717.922,48323.965
1628.180,100.200,38717.922,48323.965
1629.198,100.100,38717.922,48323.965
1630.216,100.200,38717.922,48323.965
1631.236,100.100,38717.922,48323.965
1632.254,100.100,38717.922,48323.965
1633.274,100.000,38717.922,48323.965
1634.292,100.200,38717.922,48323.965
1635.310,99.200,38717.922,48323.965
1636.328,100.200,38717.922,48323.965
1637.347,100.100,38717.922,48323.965
1638.367,100.900,38717.922,48323.965
1639.385,100.200,38717.922,48323.965
1640.406,100.000,38633.367,48239.410
1641.426,100.000,38633.367,48239.410
1642.444,100.200,38633.367,48239.410
1643.462,100.200,38633.367,48239.410
1644.480,100.200,38633.367,48239.410
1645.500,100.000,38633.367,48239.410
1646.519,100.100,38633.367,48239.410
1647.537,100.100,38633.367,48239.410
1648.555,99.200,38633.367,48239.410
1649.575,100.900,38633.367,48239.410
1650.595,99.000,38633.367,48239.410
1651.613,100.200,38633.367,48239.410
1652.633,100.000,38633.367,48239.410
1653.651,101.200,38633.367,48239.410
1654.671,99.000,38633.367,48239.410
1655.691,100.900,38633.367,48239.410
1656.712,100.000,38633.367,48239.410
1657.730,100.200,38633.367,48239.410
1658.747,100.200,38633.367,48239.410
1659.765,99.200,38633.367,48239.410
1660.784,101.100,38633.367,48239.410
1661.804,100.000,38633.367,48239.410
1662.823,100.000,38633.367,48239.410
1663.841,99.200,38633.367,48239.410
1664.859,100.200,38633.367,48239.410
1665.878,100.100,38633.367,48239.410
1666.897,100.200,38633.367,48239.410
1667.915,100.100,38633.367,48239.410
1668.935,100.100,38633.367,48239.410
1669.955,100.000,38633.367,48239.410
1670.974,100.000,38633.367,48239.410
1671.993,100.100,38633.367,48239.410
1673.011,100.200,38633.367,48239.410
1674.029,100.200,38633.367,48239.410
1675.050,100.000,38633.367,48239.410
1676.068,100.100,38633.367,48239.410
1677.088,100.100,38633.367,48239.410
1678.108,100.000,38633.367,48239.410
1679.128,100.000,38633.367,48239.410
1680.147,101.100,38633.367,48239.410
1681.168,100.000,38633.367,48239.410
1682.185,99.200,38633.367,48239.410
1683.203,100.200,38633.367,48239.410
1684.224,101.000,38633.367,48239.410
1685.244,99.000,38633.367,48239.410
1686.262,100.200,38633.367,48239.410
1687.281,100.100,38633.367,48239.410
1688.301,101.000,38633.367,48239.410
1689.320,100.100,38633.367,48239.410
1690.339,100.100,38633.367,48239.410
1691.359,99.000,38633.367,48239.410
1692.379,100.000,38633.367,48239.410
1693.399,100.000,38633.367,48239.410
1694.417,100.100,38633.367,48239.410
1695.436,101.100,38633.367,48239.410
1696.455,99.100,38633.367,48239.410
1697.473,100.200,38633.367,48239.410
1698.491,101.200,38633.367,48239.410
1699.508,99.200,38633.367,48239.410
1700.527,100.200,38633.367,48239.410
1701.546,100.000,38633.367,48239.410
1702.567,100.000,38633.367,48239.410
1703.585,100.100,38633.367,48239.410
1704.604,100.100,38633.367,48239.410
1705.624,100.000,38633.367,48239.410
1706.644,100.000,38633.367,48239.410
1707.662,100.200,38633.367,48239.410
1708.681,100.100,38633.367,48239.410
1709.701,99.900,38633.367,48239.410
1710.719,100.200,38633.367,48239.410
1711.739,100.000,38633.367,48239.410
1712.760,99.900,38633.367,48239.410
1713.779,101.000,38633.367,48239.410
1714.799,99.000,38633.367,48239.410
1715.819,100.100,38633.367,48239.410
1716.836,101.200,38633.367,48239.410
1717.855,99.200,38633.367,48239.410
1718.875,101.000,38633.367,48239.410
1719.893,100.200,38633.367,48239.410
1720.913,99.900,38633.367,48239.410
1721.933,100.000,38633.367,48239.410
1722.951,99.200,38633.367,48239.410
1723.971,100.000,38633.367,48239.410
1724.991,101.000,38633.367,48239.410
1726.010,99.100,38633.367,48239.410
1727.028,100.200,38633.367,48239.410
1728.047,101.100,38633.367,48239.410
1729.065,99.200,38633.367,48239.410
1730.082,100.200,38633.367,48239.410
1731.100,100.200,38633.367,48239.410
1732.120,101.000,38633.367,48239.410
1733.138,99.200,38633.367,48239.410
1734.156,100.200,38633.367,48239.410
1735.176,100.000,38633.367,48239.410
1736.195,100.100,38633.367,48239.410
1737.215,100.000,38633.367,48239.410
1738.235,100.100,38633.367,48239.410
1739.252,100.200,38633.367,48239.410
1740.270,99.200,38633.367,48239.410
1741.289,101.100,38633.367,48239.410
1742.307,100.200,38633.367,48239.410
1743.326,99.100,38633.367,48239.410
1744.344,101.200,38633.367,48239.410
1745.362,99.200,38633.367,48239.410
1746.381,100.000,38633.367,48239.410
1747.401,100.100,38633.367,48239.410
1748.421,100.000,38633.367,48239.410
1749.439,100.200,38633.367,48239.410
1750.458,100.200,38633.367,48239.410
1751.478,101.000,38633.367,48239.410
1752.490,99.700,38633.367,48239.410
1753.511,100.000,38633.367,48239.410
1754.529,100.200,38633.367,48239.410
1755.549,100.000,38633.367,48239.410
1756.570,99.900,38633.367,48239.410
1757.589,101.100,38633.367,48239.410
1758.609,99.000,38633.367,48239.410
1759.630,100.000,38633.367,48239.410
1760.647,101.200,38633.367,48239.410
1761.668,100.000,38633.367,48239.410
1762.686,100.200,38633.367,48239.410
1763.706,100.000,38633.367,48239.410
1764.726,100.000,38633.367,48239.410
1765.744,99.200,38633.367,48239.410
1766.764,101.100,38633.367,48239.410
1767.782,100.200,38633.367,48239.410
1768.802,99.000,38633.367,48239.410
1769.822,100.000,38633.367,48239.410
1770.842,101.000,38633.367,48239.410
1771.862,100.000,38633.367,48239.410
1772.880,100.200,38633.367,48239.410
1773.900,100.000,38633.367,48239.410
1774.919,100.100,38633.367,48239.410
1775.938,100.100,38633.367,48239.410
1776.956,99.200,38633.367,48239.410
1777.974,101.200,38633.367,48239.410
1778.994,100.000,38633.367,48239.410
1780.012,99.200,38633.930,48239.410
1781.029,100.200,38634.020,48239.410
1782.047,100.200,38634.250,48239.410
1783.065,100.200,38634.250,48239.410
1784.083,100.200,38634.250,48239.410
1785.104,100.000,38634.250,48239.410
1786.124,100.000,38634.250,48239.410
1787.144,100.000,38634.250,48239.410
1788.164,101.000,38634.250,48239.410
1789.182,99.200,38634.270,48239.410
1790.200,101.100,38634.281,48239.410
1791.218,99.200,38634.281,48239.410
1792.236,100.200,38634.293,48239.410
1793.255,100.100,38634.293,48239.410
1794.272,99.300,38640.414,48239.410
1795.290,101.200,38852.777,48467.020
1796.310,99.100,38983.691,48598.625
1797.330,100.900,39024.535,48634.168
1798.350,100.000,39024.535,48634.168
1799.370,100.000,39024.535,48634.168
1800.390,100.100,39027.234,48634.168
1801.409,100.100,39027.258,48634.168
1802.427,100.200,39028.336,48634.168
1803.445,100.200,39200.570,48799.773
1804.464,100.100,39366.727,48965.379
1805.484,99.000,39366.922,48965.379
1806.505,100.900,39698.129,49379.395
1807.525,100.000,39698.395,49379.395
1808.544,100.100,39702.863,49379.395
1809.563,100.100,39705.898,49379.395
1810.581,100.200,39955.449,49710.609
1811.601,99.900,39957.211,49710.609
1812.619,99.200,39959.520,49710.609
1813.637,101.100,39963.141,49710.609
1814.655,100.200,40468.535,50373.043
1815.674,99.200,40636.785,50621.453
1816.695,100.900,40805.781,50869.867
1817.714,87.300,40807.660,50869.879
1818.735,96.000,0.000,0.000
