Elapsed_time,CPU,Real_MB,Virtual_MB
0.000,0.000,35.293,8547.684
1.010,96.000,123.184,8623.590
2.028,95.300,225.875,8726.102
3.046,98.200,248.715,8749.891
4.065,98.200,388.770,8891.699
5.083,99.200,411.188,8921.484
6.101,99.200,497.984,9008.766
7.120,98.200,585.559,9097.879
8.138,92.300,685.434,9198.664
9.156,94.300,687.992,9201.648
10.172,98.400,711.281,9226.586
11.182,91.100,714.613,9235.848
12.201,78.600,745.273,9270.008
13.219,73.700,766.301,9292.094
14.237,74.600,813.090,9340.047
15.256,80.500,813.516,9341.012
16.274,93.300,817.500,9346.477
17.292,84.500,845.000,9384.582
18.311,77.600,962.855,9509.934
19.329,79.500,970.949,9518.617
20.344,75.800,971.500,9519.191
21.361,92.400,972.824,9521.027
22.380,70.700,973.461,9560.086
23.398,71.700,1006.609,9594.086
24.417,91.300,1057.930,9646.547
25.435,83.500,1052.934,9641.012
26.454,100.100,1130.430,9806.113
27.472,89.400,1285.336,9873.676
28.490,100.200,1304.434,9893.129
29.508,99.200,1380.523,9970.441
30.527,100.100,1390.320,9980.105
31.545,100.200,1390.320,9980.105
32.564,99.200,1390.320,9980.105
33.582,100.200,1390.320,9980.105
34.600,100.200,1457.230,10047.754
35.618,99.200,1585.215,11725.637
36.636,100.200,1604.508,11725.637
37.655,100.100,1607.582,11819.637
38.674,100.100,1620.730,12188.637
39.692,99.200,1629.238,12429.637
40.710,101.200,1639.293,12719.637
41.729,100.200,1651.695,13067.637
42.747,100.200,1666.332,13484.637
43.765,99.200,1683.863,13985.637
44.784,122.700,1748.871,18911.969
45.808,1193.600,4145.254,13996.910
46.826,100.200,4705.102,14573.910
47.845,99.200,5561.141,15457.910
48.863,100.200,6588.398,16517.910
49.882,100.200,6899.320,16838.910
50.900,99.200,7062.555,16988.043
51.918,100.200,7072.605,16988.043
52.937,100.200,8606.727,19794.285
53.955,99.200,9881.773,19794.289
54.974,100.200,9929.359,22600.531
55.992,100.100,11337.398,22600.531
57.011,100.200,12690.012,22600.531
58.029,109.000,13100.109,23003.180
59.047,99.200,13538.598,23588.305
60.066,100.200,12848.801,23007.555
61.084,100.200,13811.883,23755.711
62.103,100.200,14209.543,24110.777
63.121,100.200,13224.660,23121.953
64.139,100.200,13318.281,23121.953
65.157,100.200,12950.117,22741.508
66.176,100.200,12950.633,22741.508
67.194,99.200,12951.539,22741.508
68.213,101.100,12971.531,24662.457
69.231,99.200,14329.668,24662.457
70.250,101.100,14876.570,24662.551
71.268,99.200,16009.898,26583.500
72.286,100.100,17645.988,28504.449
73.305,110.000,18909.656,28712.633
74.323,100.200,19355.141,29141.082
75.342,100.200,19714.355,29535.055
76.360,99.200,20510.887,30296.895
77.378,100.200,20995.164,30779.074
78.397,100.200,19357.750,29141.082
79.415,100.200,19357.988,29141.082
80.433,100.200,18909.094,28692.141
81.451,100.200,18909.254,28692.141
82.470,100.200,20830.203,30613.090
83.488,99.200,21428.684,32534.039
84.506,100.100,22402.684,32534.039
85.525,100.200,23114.684,34454.988
86.543,100.100,24394.684,34454.988
87.562,100.200,23323.633,34454.988
88.580,100.200,24135.633,34454.988
89.599,99.200,24672.102,34454.988
90.616,100.300,25764.461,35547.582
91.635,99.200,23210.625,32988.797
92.653,101.200,24305.441,34081.391
93.671,99.200,24818.465,34568.473
94.690,100.200,24878.863,34623.273
95.708,100.200,19023.590,28767.742
96.726,99.200,19031.660,28767.742
97.745,101.100,19031.895,28767.742
98.763,100.200,19035.199,28767.742
99.781,99.200,20211.488,30133.531
100.800,100.200,20868.797,30592.816
101.818,98.200,19981.152,29705.152
102.837,98.100,20061.707,29784.961
103.855,100.200,20105.617,29822.188
104.874,100.200,20122.574,29822.188
105.892,100.100,20913.734,30613.172
106.911,100.100,20913.750,30613.172
107.930,99.200,20628.066,30327.465
108.947,100.200,20733.242,30432.641
109.966,100.200,20763.309,30462.828
110.984,98.100,20885.453,30584.973
112.003,101.100,20853.000,30552.520
113.021,100.200,20859.688,30552.520
114.040,99.200,20957.867,30647.238
115.058,100.100,20918.762,30605.645
116.077,100.100,20984.113,30667.332
117.095,100.200,21645.523,32511.785
118.114,86.400,22869.316,32547.586
119.132,100.200,20965.055,30641.445
120.150,101.100,20967.414,30641.445
121.169,99.100,20967.484,30641.445
122.188,100.200,20969.332,30641.445
123.206,100.200,20969.445,30641.445
124.224,100.200,20970.965,30641.445
125.243,100.200,19192.633,28861.973
126.261,99.200,19192.645,28861.973
127.279,100.200,19195.320,28861.973
128.298,100.200,19195.375,28861.973
129.316,100.200,19196.383,28861.973
130.335,100.100,19196.461,28861.973
131.353,101.100,19197.578,28861.973
132.371,100.200,19197.844,28861.973
133.390,99.200,19198.074,28861.973
134.408,100.200,19198.434,28861.973
135.426,100.200,19198.441,28861.973
136.445,100.200,19199.223,28861.973
137.463,100.200,19199.285,28861.973
138.481,100.200,19199.828,28861.973
139.500,99.200,19199.844,28861.973
140.518,101.100,19200.066,28861.973
141.536,99.200,19200.066,28861.973
142.555,101.100,19200.066,28861.973
143.573,100.100,19200.469,28861.973
144.592,100.100,19200.488,28861.973
145.610,99.200,19201.465,28861.973
146.628,100.200,19201.488,28861.973
147.646,100.200,19202.445,28861.973
148.665,100.200,19203.086,28861.973
149.683,99.200,19203.105,28861.973
150.701,101.100,19203.188,28861.973
151.720,100.200,19203.207,28861.973
152.738,100.200,19205.207,28861.973
153.756,100.200,19206.930,28861.973
154.775,100.200,19206.949,28861.973
155.793,99.200,19208.148,28861.973
156.811,100.200,19208.148,28861.973
157.830,100.200,19208.484,28861.973
158.848,101.200,19208.484,28861.973
159.867,99.200,19209.582,28861.973
160.885,100.100,19210.574,28861.973
161.903,100.200,19210.574,28861.973
162.922,100.200,19211.137,28861.973
163.939,100.200,19211.203,28861.973
164.958,100.100,19211.207,28861.973
165.977,100.200,19211.207,28861.973
166.995,100.200,19211.207,28861.973
168.014,100.200,19211.207,28861.973
169.032,100.200,19211.207,28861.973
170.050,100.200,19211.207,28861.973
171.068,100.200,19211.207,28861.973
172.087,99.200,19211.207,28861.973
173.105,100.200,19211.207,28861.973
174.123,100.200,19211.207,28861.973
175.142,100.100,19211.207,28861.973
176.160,100.200,19211.207,28861.973
177.179,100.100,19211.207,28861.973
178.197,100.200,19211.207,28861.973
179.216,100.100,19211.207,28861.973
180.234,99.200,19211.207,28861.973
181.253,101.100,19211.207,28861.973
182.271,100.200,19211.207,28861.973
183.289,99.200,19211.207,28861.973
184.308,100.200,19211.207,28861.973
185.326,100.100,19211.207,28861.973
186.345,100.200,19211.207,28861.973
187.363,100.100,19211.207,28861.973
188.382,100.200,19211.207,28861.973
189.400,100.200,19211.207,28861.973
190.418,99.200,19211.207,28861.973
191.437,100.200,19211.207,28861.973
192.455,100.200,19211.207,28861.973
193.474,100.100,19211.207,28861.973
194.492,101.100,19211.207,28861.973
195.510,100.100,19211.207,28861.973
196.529,100.200,19211.207,28861.973
197.547,100.200,19211.207,28861.973
198.566,100.100,19211.207,28861.973
199.585,99.200,19211.570,28861.973
200.603,100.200,19211.570,28861.973
201.620,100.300,19211.574,28861.973
202.639,100.200,19211.574,28861.973
203.657,100.100,19211.574,28861.973
204.676,99.200,19211.621,28861.973
205.694,100.200,19211.621,28861.973
206.713,100.200,19211.621,28861.973
207.731,100.200,19211.621,28861.973
208.749,100.200,19211.621,28861.973
209.768,100.200,19211.621,28861.973
210.786,100.200,19211.621,28861.973
211.804,100.100,19211.621,28861.973
212.823,100.200,19211.621,28861.973
213.841,100.200,19211.621,28861.973
214.860,100.200,19211.621,28861.973
215.878,100.200,19211.621,28861.973
216.896,100.200,19211.621,28861.973
217.915,100.100,19211.621,28861.973
218.932,99.300,19211.621,28861.973
219.951,100.200,19211.621,28861.973
220.969,100.200,19211.621,28861.973
221.987,100.200,19211.637,28861.973
223.005,100.200,19211.637,28861.973
224.024,100.200,19211.637,28861.973
225.042,100.200,19211.637,28861.973
226.061,100.200,19211.637,28861.973
227.079,100.200,19211.637,28861.973
228.097,100.200,19211.637,28861.973
229.115,100.200,19211.668,28861.973
230.134,99.200,19211.668,28861.973
231.152,100.200,19211.730,28861.973
232.170,100.200,19211.730,28861.973
233.189,100.200,19211.730,28861.973
234.207,100.200,19211.730,28861.973
235.225,100.200,19211.730,28861.973
236.244,100.200,19212.586,28861.973
237.262,100.200,19212.586,28861.973
238.280,100.200,19212.586,28861.973
239.299,99.200,19212.586,28861.973
240.317,100.200,19212.586,28861.973
241.335,100.200,19212.586,28861.973
242.354,100.200,19212.609,28861.973
243.372,100.200,19212.609,28861.973
244.390,100.200,19212.609,28861.973
245.408,100.200,19212.609,28861.973
246.427,100.200,19212.609,28861.973
247.445,100.200,19212.609,28861.973
248.463,100.100,19212.609,28861.973
249.482,100.200,19212.609,28861.973
250.500,100.200,19212.617,28861.973
251.518,99.200,19212.617,28861.973
252.537,100.100,19212.617,28861.973
253.555,100.200,19212.617,28861.973
254.574,100.200,19212.617,28861.973
255.592,100.200,19212.617,28861.973
256.609,100.200,19212.617,28861.973
257.626,100.300,19212.617,28861.973
258.645,100.200,19212.617,28861.973
259.663,100.200,19212.617,28861.973
260.681,100.200,19212.617,28861.973
261.699,99.200,19212.617,28861.973
262.717,100.200,19212.617,28861.973
263.736,100.200,19212.617,28861.973
264.754,100.200,19212.617,28861.973
265.772,100.200,19212.617,28861.973
266.790,100.200,19212.617,28861.973
267.808,100.200,19212.617,28861.973
268.827,100.200,19289.578,28938.934
269.845,100.200,19289.578,28938.934
270.863,100.200,19304.887,28938.934
271.881,100.200,19313.387,28938.934
272.900,100.200,19277.586,28903.133
273.918,100.100,19277.602,28903.133
274.937,100.200,19277.953,28903.133
275.955,99.200,19280.508,28903.133
276.973,100.200,19280.523,28903.133
277.991,100.200,19280.812,28903.133
279.010,100.200,19281.090,28903.133
280.028,100.200,19281.090,28903.133
281.046,101.200,19281.480,28903.133
282.064,100.200,19281.496,28903.133
283.082,99.200,19281.500,28903.133
284.101,100.200,19282.105,28903.133
285.119,99.200,19282.117,28903.133
286.137,100.200,19282.117,28903.133
287.155,101.200,19282.621,28903.133
288.173,100.200,19282.668,28903.133
289.192,100.200,19282.805,28903.133
290.210,99.200,19282.805,28903.133
291.228,100.200,19282.809,28903.133
292.246,100.200,19282.898,28903.133
293.264,100.200,19282.898,28903.133
294.283,100.200,19282.965,28903.133
295.301,100.200,19282.965,28903.133
296.319,100.200,19282.965,28903.133
297.337,100.200,19283.023,28903.133
298.356,100.200,19283.023,28903.133
299.374,99.200,19283.023,28903.133
300.392,100.200,19283.023,28903.133
301.410,100.200,19283.023,28903.133
302.429,100.200,19283.078,28903.133
303.447,100.200,19283.078,28903.133
304.465,100.200,19283.078,28903.133
305.483,100.200,19283.078,28903.133
306.502,100.200,19283.078,28903.133
307.520,100.200,19283.121,28903.133
308.538,100.200,19283.121,28903.133
309.557,100.200,19283.121,28903.133
310.575,100.200,19283.121,28903.133
311.593,99.200,19283.121,28903.133
312.611,100.200,19283.121,28903.133
313.629,100.200,19283.121,28903.133
314.647,100.200,19283.121,28903.133
315.665,100.200,19283.121,28903.133
316.683,100.200,19283.121,28903.133
317.702,100.200,19283.152,28903.133
318.720,100.200,19283.152,28903.133
319.738,100.200,19283.152,28903.133
320.756,99.200,19283.160,28903.133
321.774,100.200,19283.160,28903.133
322.792,100.200,19283.160,28903.133
323.810,100.200,19283.160,28903.133
324.829,100.200,19283.160,28903.133
325.847,100.200,19283.160,28903.133
326.865,100.200,19283.160,28903.133
327.883,100.200,19283.160,28903.133
328.901,100.200,19283.160,28903.133
329.920,100.200,19283.160,28903.133
330.938,100.200,19283.168,28903.133
331.956,99.200,19283.168,28903.133
332.973,100.300,19283.168,28903.133
333.985,100.800,19283.168,28903.133
335.003,100.200,19283.168,28903.133
336.022,100.200,19283.168,28903.133
337.040,100.200,19283.168,28903.133
338.058,99.200,19283.168,28903.133
339.076,100.200,19283.168,28903.133
340.094,100.200,19283.168,28903.133
341.112,100.200,19283.168,28903.133
342.130,100.200,19283.168,28903.133
343.149,100.200,19283.168,28903.133
344.167,100.200,19283.168,28903.133
345.185,100.200,19283.168,28903.133
346.203,100.200,19283.168,28903.133
347.222,99.200,19283.168,28903.133
348.240,100.200,19283.168,28903.133
349.258,100.200,19283.168,28903.133
350.276,100.200,19283.168,28903.133
351.295,100.200,19283.168,28903.133
352.313,100.200,19283.168,28903.133
353.331,100.200,19283.168,28903.133
354.349,100.200,19283.168,28903.133
355.368,100.200,19283.168,28903.133
356.386,100.200,19283.168,28903.133
357.404,99.200,19283.168,28903.133
358.422,100.200,19283.168,28903.133
359.440,100.200,19283.168,28903.133
360.459,100.200,19283.168,28903.133
361.477,100.200,19283.168,28903.133
362.495,100.200,19283.168,28903.133
363.514,100.200,19283.168,28903.133
364.532,100.200,19283.168,28903.133
365.550,100.200,19283.168,28903.133
366.568,99.200,19283.168,28903.133
367.587,100.200,19283.168,28903.133
368.604,100.200,19283.215,28903.133
369.622,100.200,19283.215,28903.133
370.640,100.200,19283.215,28903.133
371.658,100.200,19283.215,28903.133
372.677,100.100,19283.215,28903.133
373.695,100.200,19283.215,28903.133
374.714,100.200,19283.215,28903.133
375.732,100.200,19283.215,28903.133
376.750,99.200,19283.215,28903.133
377.769,100.200,19283.215,28903.133
378.787,100.200,19283.215,28903.133
379.805,100.200,19283.215,28903.133
380.823,100.200,19283.215,28903.133
381.842,100.100,19283.215,28903.133
382.860,100.200,19283.215,28903.133
383.879,100.200,19283.215,28903.133
384.897,100.200,19283.215,28903.133
385.915,100.200,19283.215,28903.133
386.933,100.200,19283.215,28903.133
387.951,99.200,19283.215,28903.133
388.970,100.200,19283.215,28903.133
389.988,100.200,19283.215,28903.133
391.006,100.200,19283.215,28903.133
392.025,100.200,19283.215,28903.133
393.043,100.200,19283.215,28903.133
394.061,100.200,19283.215,28903.133
395.079,100.200,19283.215,28903.133
396.098,100.200,19283.215,28903.133
397.116,100.200,19283.215,28903.133
398.134,100.200,19283.215,28903.133
399.152,99.200,19283.215,28903.133
400.170,100.200,19283.215,28903.133
401.189,100.200,19283.215,28903.133
402.207,100.200,19283.215,28903.133
403.225,100.200,19283.215,28903.133
404.243,100.200,19283.215,28903.133
405.261,100.200,19283.215,28903.133
406.280,100.200,19283.215,28903.133
407.298,100.200,19283.215,28903.133
408.316,100.200,19283.215,28903.133
409.334,100.200,19283.215,28903.133
410.353,99.200,19283.238,28903.133
411.371,100.200,19283.238,28903.133
412.389,100.200,19283.238,28903.133
413.408,100.200,19283.238,28903.133
414.426,100.200,19283.238,28903.133
415.444,100.200,19283.238,28903.133
416.462,100.200,19283.238,28903.133
417.481,100.200,19283.238,28903.133
418.499,100.200,19283.238,28903.133
419.517,100.200,19283.238,28903.133
420.536,99.200,19283.238,28903.133
421.554,100.200,19283.238,28903.133
422.572,100.200,19283.238,28903.133
423.590,100.200,19283.238,28903.133
424.608,100.300,19283.238,28903.133
425.625,100.300,19283.238,28903.133
426.643,100.200,19283.238,28903.133
427.661,100.300,19283.238,28903.133
428.679,100.200,19283.238,28903.133
429.697,99.200,19283.238,28903.133
430.716,101.100,19283.238,28903.133
431.734,100.200,19283.238,28903.133
432.753,100.100,19283.238,28903.133
433.771,100.200,19283.238,28903.133
434.789,100.200,19283.238,28903.133
435.808,100.200,19283.238,28903.133
436.826,100.200,19283.238,28903.133
437.844,100.200,19283.238,28903.133
438.862,100.200,19283.238,28903.133
439.881,100.200,19283.246,28903.133
440.899,99.200,19283.246,28903.133
441.917,100.200,19283.246,28903.133
442.936,100.200,19283.246,28903.133
443.954,100.200,19283.246,28903.133
444.972,100.100,19283.246,28903.133
445.991,100.200,19283.246,28903.133
447.009,100.200,19283.246,28903.133
448.027,100.200,19283.246,28903.133
449.045,100.200,19283.246,28903.133
450.063,100.200,19283.246,28903.133
451.082,100.200,19283.246,28903.133
452.100,100.200,19283.246,28903.133
453.118,99.200,19283.246,28903.133
454.136,100.200,19283.246,28903.133
455.155,100.200,19283.246,28903.133
456.173,100.200,19283.246,28903.133
457.191,100.200,19283.246,28903.133
458.209,100.200,19283.246,28903.133
459.228,100.200,19283.246,28903.133
460.246,100.200,19283.246,28903.133
461.264,100.200,19283.246,28903.133
462.283,100.200,19283.246,28903.133
463.301,100.200,19283.246,28903.133
464.319,99.200,19283.246,28903.133
465.338,100.200,19283.246,28903.133
466.356,100.200,19283.246,28903.133
467.374,100.200,19283.246,28903.133
468.392,100.200,19283.246,28903.133
469.411,100.200,19283.246,28903.133
470.429,100.200,19283.246,28903.133
471.447,99.200,19348.770,28968.828
472.465,100.200,19348.770,28968.828
473.484,100.200,19348.770,28968.828
474.502,100.200,19348.770,28968.828
475.520,100.200,19348.770,28968.828
476.538,100.200,19348.770,28968.828
477.557,100.200,19348.770,28968.828
478.575,100.200,19348.770,28968.828
479.593,100.200,19348.770,28968.828
480.611,100.200,19348.770,28968.828
481.629,99.200,19348.770,28968.828
482.648,100.200,19348.770,28968.828
483.666,100.200,19348.770,28968.828
484.684,100.200,19348.770,28968.828
485.702,100.200,19348.770,28968.828
486.721,100.200,19348.770,28968.828
487.739,100.200,19348.770,28968.828
488.757,100.200,19348.770,28968.828
489.775,100.200,19348.770,28968.828
490.794,100.200,19348.941,28968.828
491.812,100.200,19348.941,28968.828
492.831,100.100,19348.941,28968.828
493.849,99.200,19348.941,28968.828
494.868,100.200,19348.941,28968.828
495.886,100.200,19348.941,28968.828
496.904,101.200,19348.941,28968.828
497.922,99.200,19348.941,28968.828
498.941,100.200,19348.941,28968.828
499.959,101.100,19348.941,28968.828
500.977,99.200,19348.941,28968.828
501.995,100.200,19348.941,28968.828
503.014,100.200,19348.941,28968.828
504.032,99.200,19348.941,28968.828
505.050,101.200,19348.941,28968.828
506.069,100.200,19348.941,28968.828
507.087,100.200,19348.941,28968.828
508.105,99.200,19348.941,28968.828
509.123,101.200,19348.941,28968.828
510.142,99.200,19348.941,28968.828
511.160,100.200,19348.941,28968.828
512.178,100.100,19348.941,28968.828
513.197,100.200,19348.941,28968.828
514.215,100.200,19348.941,28968.828
515.233,99.200,19348.941,28968.828
516.252,101.100,19348.941,28968.828
517.270,100.200,19348.941,28968.828
518.288,100.200,19348.941,28968.828
519.306,99.200,19348.941,28968.828
520.325,100.200,19348.941,28968.828
521.343,100.200,19348.941,28968.828
522.361,100.200,19348.941,28968.828
523.380,100.200,19348.941,28968.828
524.398,100.200,19348.941,28968.828
525.416,100.200,19348.941,28968.828
526.434,100.200,19348.941,28968.828
527.453,100.200,19348.941,28968.828
528.471,100.200,19348.941,28968.828
529.489,100.200,19348.941,28968.828
530.507,100.200,19348.941,28968.828
531.526,100.200,19348.941,28968.828
532.544,99.200,19348.941,28968.828
533.562,100.200,19348.941,28968.828
534.581,101.100,19348.941,28968.828
535.599,99.200,19348.941,28968.828
536.617,100.200,19348.941,28968.828
537.636,100.200,19348.941,28968.828
538.654,99.200,19348.941,28968.828
539.672,101.200,19348.941,28968.828
540.691,100.200,19348.941,28968.828
541.709,100.200,19348.941,28968.828
542.727,99.200,19348.941,28968.828
543.745,101.200,19348.941,28968.828
544.764,100.200,19348.941,28968.828
545.782,99.200,19348.941,28968.828
546.800,100.200,19348.941,28968.828
547.818,100.200,19348.941,28968.828
548.837,100.200,19348.941,28968.828
549.855,100.200,19348.941,28968.828
550.873,100.200,19348.941,28968.828
551.891,100.100,19348.941,28968.828
552.910,100.100,19348.941,28968.828
553.928,100.200,19348.941,28968.828
554.947,99.200,19348.941,28968.828
555.965,101.200,19348.941,28968.828
556.983,99.200,19348.941,28968.828
558.001,100.200,19348.941,28968.828
559.020,100.200,19348.941,28968.828
560.038,100.200,19348.941,28968.828
561.056,100.200,19348.941,28968.828
562.074,100.200,19348.941,28968.828
563.093,100.200,19348.941,28968.828
564.111,99.200,19348.941,28968.828
565.129,100.200,19348.941,28968.828
566.147,100.200,19348.941,28968.828
567.166,101.200,19348.941,28968.828
568.184,99.200,19348.941,28968.828
569.202,101.100,19348.941,28968.828
570.221,99.200,19348.941,28968.828
571.239,100.200,19348.941,28968.828
572.257,100.200,19348.941,28968.828
573.275,100.200,19348.941,28968.828
574.294,100.200,19348.941,28968.828
575.312,100.200,19348.941,28968.828
576.330,100.200,19348.941,28968.828
577.348,99.200,19348.945,28968.828
578.367,100.200,19348.945,28968.828
579.385,101.100,19348.945,28968.828
580.403,100.200,19348.945,28968.828
581.422,99.200,19348.945,28968.828
582.440,100.200,19348.945,28968.828
583.458,100.100,19271.984,28891.867
584.476,100.200,19271.984,28891.867
585.495,100.200,19271.984,28891.867
586.513,100.200,19271.984,28891.867
587.531,100.200,19271.984,28891.867
588.550,100.200,19271.984,28891.867
589.568,99.200,19271.984,28891.867
590.586,100.200,19271.984,28891.867
591.604,101.200,19271.984,28891.867
592.622,99.300,19271.984,28891.867
593.640,101.100,19271.984,28891.867
594.658,100.200,19271.984,28891.867
595.677,99.200,19271.984,28891.867
596.695,100.200,19271.984,28891.867
597.713,100.200,19271.984,28891.867
598.731,100.200,19271.984,28891.867
599.750,100.200,19271.984,28891.867
600.768,99.200,19271.984,28891.867
601.786,100.200,19271.984,28891.867
602.804,101.200,19271.984,28891.867
603.823,100.200,19271.984,28891.867
604.841,99.200,19271.984,28891.867
605.859,100.200,19271.984,28891.867
606.878,100.200,19271.984,28891.867
607.896,100.200,19271.984,28891.867
608.914,100.200,19271.984,28891.867
609.932,100.200,19271.984,28891.867
610.950,100.200,19271.984,28891.867
611.969,100.200,19271.984,28891.867
612.987,100.100,19271.984,28891.867
614.006,100.200,19271.984,28891.867
615.024,99.200,19271.984,28891.867
616.043,101.100,19271.984,28891.867
617.061,99.200,19271.984,28891.867
618.079,100.200,19271.984,28891.867
619.097,100.200,19271.984,28891.867
620.116,100.200,19271.984,28891.867
621.134,100.200,19271.984,28891.867
622.152,100.200,19271.984,28891.867
623.170,99.200,19271.984,28891.867
624.189,100.100,19271.984,28891.867
625.207,100.200,19271.984,28891.867
626.225,100.200,19271.984,28891.867
627.244,100.200,19271.984,28891.867
628.262,100.200,19271.984,28891.867
629.280,100.200,19271.984,28891.867
630.299,100.200,19271.984,28891.867
631.317,100.200,19271.984,28891.867
632.335,100.200,19271.984,28891.867
633.353,100.200,19271.984,28891.867
634.372,100.200,19271.984,28891.867
635.390,100.200,19271.984,28891.867
636.408,100.200,19271.984,28891.867
637.426,100.200,19271.984,28891.867
638.445,100.200,19271.984,28891.867
639.463,99.200,19271.984,28891.867
640.481,100.200,19271.984,28891.867
641.499,100.200,19271.984,28891.867
642.518,100.200,19271.984,28891.867
643.536,100.200,19271.984,28891.867
644.554,100.200,19271.984,28891.867
645.573,100.200,19271.984,28891.867
646.591,100.200,19271.984,28891.867
647.608,100.300,19271.984,28891.867
648.625,99.300,19271.984,28891.867
649.644,100.200,19271.984,28891.867
650.662,100.200,19271.984,28891.867
651.680,100.200,19271.984,28891.867
652.698,100.200,19271.984,28891.867
653.717,100.200,19271.984,28891.867
654.735,100.200,19271.984,28891.867
655.753,100.200,19271.984,28891.867
656.772,99.200,19271.984,28891.867
657.790,100.200,19271.984,28891.867
658.808,101.200,19271.984,28891.867
659.826,99.200,19295.062,28968.203
660.845,101.100,19348.320,28968.203
661.863,99.200,19348.320,28968.203
662.881,101.100,19348.324,28968.203
663.900,99.200,19348.324,28968.203
664.918,100.200,19348.324,28968.203
665.936,100.200,19348.324,28968.203
666.954,99.200,19348.324,28968.203
667.973,101.200,19348.324,28968.203
668.991,99.200,19348.324,28968.203
670.009,100.200,19348.332,28968.203
671.027,101.200,19348.332,28968.203
672.045,99.200,19348.332,28968.203
673.064,100.100,19348.332,28968.203
674.082,100.200,19348.332,28968.203
675.100,100.200,19348.332,28968.203
676.119,100.200,19348.332,28968.203
677.137,100.200,19348.332,28968.203
678.155,100.200,19348.332,28968.203
679.174,99.200,19348.332,28968.203
680.192,101.200,19348.332,28968.203
681.210,100.200,19348.332,28968.203
682.228,99.200,19348.332,28968.203
683.247,100.200,19348.332,28968.203
684.265,100.200,19348.332,28968.203
685.283,100.200,19348.332,28968.203
686.301,100.200,19348.332,28968.203
687.320,100.200,19348.332,28968.203
688.338,100.200,19348.332,28968.203
689.356,100.200,19348.332,28968.203
690.374,100.200,19348.332,28968.203
691.393,100.200,19348.332,28968.203
692.411,100.200,19348.332,28968.203
693.429,99.200,19348.332,28968.203
694.448,100.200,19348.332,28968.203
695.466,100.200,19348.332,28968.203
696.484,101.100,19348.332,28968.203
697.503,100.200,19348.332,28968.203
698.521,99.200,19348.332,28968.203
699.539,100.200,19348.332,28968.203
700.557,100.200,19348.332,28968.203
701.575,100.200,19348.332,28968.203
702.594,100.200,19348.332,28968.203
703.611,100.300,19348.332,28968.203
704.629,99.200,19348.332,28968.203
705.647,101.200,19348.332,28968.203
706.666,100.200,19348.332,28968.203
707.684,99.200,19348.332,28968.203
708.702,100.200,19348.332,28968.203
709.721,100.200,19348.332,28968.203
710.739,100.200,19348.332,28968.203
711.757,100.200,19348.332,28968.203
712.775,100.200,19348.332,28968.203
713.794,100.200,19348.332,28968.203
714.812,99.200,19348.332,28968.203
715.831,101.100,19348.332,28968.203
716.849,100.200,19348.332,28968.203
717.867,99.200,19348.332,28968.203
718.885,101.200,19348.332,28968.203
719.904,100.200,19348.332,28968.203
720.922,99.200,19348.332,28968.203
721.940,100.200,19348.332,28968.203
722.958,100.200,19348.332,28968.203
723.977,100.200,19348.332,28968.203
724.995,100.200,19348.332,28968.203
726.013,99.200,19348.332,28968.203
727.031,101.200,19348.332,28968.203
728.050,100.200,19348.332,28968.203
729.068,99.200,19348.332,28968.203
730.086,100.200,19348.332,28968.203
731.104,100.200,19348.332,28968.203
732.123,100.200,19348.332,28968.203
733.142,101.100,19348.332,28968.203
734.160,100.200,19348.332,28968.203
735.178,99.200,19348.332,28968.203
736.197,100.200,19348.332,28968.203
737.215,100.200,19348.332,28968.203
738.233,99.200,19348.332,28968.203
739.251,101.200,19348.332,28968.203
740.270,99.200,19348.332,28968.203
741.288,101.200,19348.332,28968.203
742.306,100.200,19348.332,28968.203
743.324,100.200,19348.332,28968.203
744.343,100.200,19348.332,28968.203
745.361,99.200,19348.332,28968.203
746.379,100.200,19348.332,28968.203
747.397,100.200,19348.332,28968.203
748.416,100.200,19348.332,28968.203
749.434,100.200,19348.332,28968.203
750.452,99.200,19348.332,28968.203
751.470,101.200,19348.332,28968.203
752.489,100.200,19348.332,28968.203
753.507,100.200,19348.332,28968.203
754.525,100.100,19348.332,28968.203
755.544,100.200,19348.332,28968.203
756.562,99.200,19348.332,28968.203
757.580,101.200,19348.332,28968.203
758.599,99.200,19348.332,28968.203
759.616,100.300,19348.332,28968.203
760.634,100.200,19348.332,28968.203
761.652,100.200,19348.332,28968.203
762.670,100.200,19348.332,28968.203
763.689,100.200,19348.332,28968.203
764.707,99.200,19348.332,28968.203
765.725,100.200,19348.332,28968.203
766.743,100.200,19348.332,28968.203
767.762,100.200,19348.332,28968.203
768.780,100.200,19348.332,28968.203
769.798,100.200,19348.332,28968.203
770.817,100.200,19348.332,28968.203
771.835,100.200,19348.332,28968.203
772.853,100.200,19348.332,28968.203
773.871,100.200,19348.332,28968.203
774.890,99.200,19348.332,28968.203
775.908,101.200,19348.332,28968.203
776.926,100.200,19348.332,28968.203
777.944,99.200,19348.332,28968.203
778.963,100.200,19348.332,28968.203
779.981,100.200,19348.332,28968.203
780.999,100.200,19348.332,28968.203
782.017,100.200,19348.332,28968.203
783.036,100.200,19348.332,28968.203
784.054,100.200,19348.332,28968.203
785.072,100.200,19348.332,28968.203
786.091,99.200,19348.332,28968.203
787.109,100.200,19348.332,28968.203
788.127,100.200,19348.332,28968.203
789.145,101.100,19348.332,28968.203
790.164,99.200,19348.332,28968.203
791.182,100.100,19348.332,28968.203
792.200,100.200,19348.332,28968.203
793.219,100.100,19348.332,28968.203
794.237,100.200,19348.332,28968.203
795.256,100.200,19348.332,28968.203
796.274,100.200,19348.332,28968.203
797.292,100.200,19348.332,28968.203
798.310,100.200,19348.332,28968.203
799.329,99.200,19348.332,28968.203
800.347,101.200,19348.332,28968.203
801.365,99.200,19348.332,28968.203
802.384,100.200,19348.332,28968.203
803.402,101.100,19348.332,28968.203
804.420,100.200,19348.332,28968.203
805.439,99.200,19348.332,28968.203
806.457,100.200,19348.332,28968.203
807.475,100.200,19348.332,28968.203
808.493,100.200,19348.332,28968.203
809.512,100.200,19348.332,28968.203
810.530,100.200,19348.332,28968.203
811.548,100.200,19348.332,28968.203
812.567,99.200,19348.332,28968.203
813.585,100.200,19348.332,28968.203
814.603,101.200,19348.332,28968.203
815.620,99.300,19348.332,28968.203
816.638,100.200,19348.332,28968.203
817.657,100.200,19348.332,28968.203
818.675,100.200,19348.332,28968.203
819.693,100.200,19348.332,28968.203
820.711,99.200,19348.332,28968.203
821.729,101.200,19348.332,28968.203
822.747,99.200,19348.332,28968.203
823.766,100.200,19348.332,28968.203
824.784,100.200,19348.332,28968.203
825.802,100.200,19348.332,28968.203
826.820,100.200,19348.332,28968.203
827.838,100.200,19348.332,28968.203
828.856,100.200,19348.332,28968.203
829.875,100.200,19348.332,28968.203
830.893,100.200,19348.332,28968.203
831.911,100.200,19348.332,28968.203
832.929,100.200,19348.332,28968.203
833.947,100.200,19348.332,28968.203
834.966,100.200,19348.332,28968.203
835.984,99.200,19348.332,28968.203
837.002,100.200,19348.332,28968.203
838.020,100.200,19348.332,28968.203
839.039,100.200,19348.332,28968.203
840.057,100.200,19348.332,28968.203
841.075,100.200,19348.332,28968.203
842.093,100.200,19348.332,28968.203
843.111,100.200,19348.332,28968.203
844.129,100.200,19348.332,28968.203
845.147,99.200,19348.332,28968.203
846.166,100.200,19348.332,28968.203
847.184,101.200,19348.332,28968.203
848.202,99.200,19348.332,28968.203
849.220,100.200,19348.332,28968.203
850.238,100.200,19348.332,28968.203
851.256,100.200,19348.332,28968.203
852.275,99.200,19348.332,28968.203
853.293,101.100,19348.332,28968.203
854.312,99.200,19348.332,28968.203
855.330,100.200,19348.332,28968.203
856.348,101.200,19348.332,28968.203
857.366,99.200,19348.332,28968.203
858.385,100.200,19348.332,28968.203
859.403,100.200,19348.332,28968.203
860.421,101.200,19348.332,28968.203
861.439,99.200,19348.531,28968.203
862.458,100.200,19400.195,29019.867
863.476,99.200,19400.195,29019.867
864.494,100.200,19400.195,29019.867
865.512,101.200,19400.195,29019.867
866.531,100.200,19400.195,29019.867
867.549,100.200,19400.195,29019.867
868.567,99.200,19400.195,29019.867
869.585,100.200,19400.195,29019.867
870.603,100.200,19400.195,29019.867
871.620,100.300,19400.195,29019.867
872.638,100.200,19400.195,29019.867
873.656,100.200,19400.195,29019.867
874.675,100.200,19400.195,29019.867
875.693,100.200,19400.195,29019.867
876.711,100.200,19400.195,29019.867
877.728,99.300,19400.195,29019.867
878.747,100.200,19400.195,29019.867
879.765,100.200,19400.195,29019.867
880.783,100.200,19400.195,29019.867
881.801,99.200,19400.195,29019.867
882.819,100.200,19400.195,29019.867
883.838,101.200,19400.195,29019.867
884.856,99.200,19400.195,29019.867
885.874,101.200,19400.195,29019.867
886.892,99.200,19258.164,28877.836
887.910,100.200,19258.164,28877.836
888.929,101.200,19258.164,28877.836
889.947,100.200,19258.164,28877.836
890.965,99.200,19258.164,28877.836
891.983,100.100,19258.164,28877.836
893.002,100.200,19258.164,28877.836
894.020,100.200,19258.164,28877.836
895.038,100.200,19258.164,28877.836
896.056,100.200,19258.164,28877.836
897.075,99.200,19258.164,28877.836
898.093,100.200,19258.164,28877.836
899.111,100.200,19258.164,28877.836
900.129,100.200,19258.164,28877.836
901.148,101.200,19258.164,28877.836
902.166,99.200,19258.164,28877.836
903.184,100.200,19258.164,28877.836
904.202,100.200,19258.164,28877.836
905.220,100.200,19258.164,28877.836
906.238,100.200,19258.164,28877.836
907.257,100.200,19258.164,28877.836
908.275,100.200,19258.164,28877.836
909.293,100.200,19258.164,28877.836
910.311,99.200,19258.164,28877.836
911.329,101.200,19258.164,28877.836
912.348,99.200,19258.164,28877.836
913.366,100.100,19258.164,28877.836
914.385,100.200,19258.164,28877.836
915.403,100.200,19258.164,28877.836
916.421,100.200,19258.164,28877.836
917.439,100.200,19258.164,28877.836
918.457,100.200,19258.164,28877.836
919.476,100.200,19258.164,28877.836
920.494,99.200,19258.164,28877.836
921.512,100.200,19258.164,28877.836
922.530,100.200,19258.164,28877.836
923.548,101.200,19258.164,28877.836
924.567,99.200,19258.164,28877.836
925.585,100.200,19258.164,28877.836
926.603,100.200,19258.164,28877.836
927.621,100.200,19258.164,28877.836
928.639,99.200,19258.164,28877.836
929.657,101.200,19258.164,28877.836
930.675,100.200,19258.164,28877.836
931.694,99.200,19258.164,28877.836
932.712,101.100,19258.164,28877.836
933.730,99.200,19258.164,28877.836
934.748,100.200,19258.164,28877.836
935.767,100.200,19258.164,28877.836
936.785,100.200,19258.164,28877.836
937.803,100.200,19258.164,28877.836
938.821,99.200,19258.164,28877.836
939.839,101.200,19258.164,28877.836
940.858,100.200,19258.164,28877.836
941.876,100.200,19258.164,28877.836
942.894,100.200,19258.164,28877.836
943.912,100.200,19258.164,28877.836
944.930,99.200,19258.164,28877.836
945.949,100.200,19258.164,28877.836
946.967,100.200,19258.164,28877.836
947.985,100.200,19258.164,28877.836
949.003,100.200,19258.164,28877.836
950.021,99.200,19258.164,28877.836
951.040,100.200,19258.164,28877.836
952.058,100.200,19258.164,28877.836
953.076,101.200,19258.164,28877.836
954.094,99.200,19258.164,28877.836
955.112,100.200,19258.164,28877.836
956.130,100.200,19258.164,28877.836
957.149,100.200,19258.164,28877.836
958.167,100.200,19258.164,28877.836
959.185,100.200,19258.164,28877.836
960.203,100.200,19258.164,28877.836
961.221,100.200,19258.164,28877.836
962.240,100.200,19258.164,28877.836
963.258,100.200,19258.164,28877.836
964.276,100.200,19258.164,28877.836
965.294,100.200,19258.164,28877.836
966.312,99.200,19258.164,28877.836
967.331,100.200,19258.164,28877.836
968.349,100.200,19258.164,28877.836
969.367,100.200,19258.164,28877.836
970.385,100.200,19258.164,28877.836
971.403,100.200,19258.164,28877.836
972.422,99.200,19258.164,28877.836
973.440,100.100,19258.164,28877.836
974.459,100.200,19258.164,28877.836
975.477,100.200,19258.164,28877.836
976.495,101.200,19258.164,28877.836
977.513,99.200,19258.164,28877.836
978.531,100.200,19258.164,28877.836
979.550,101.100,19258.164,28877.836
980.568,99.200,19258.164,28877.836
981.586,100.200,19258.164,28877.836
982.604,99.300,19258.164,28877.836
983.622,101.200,19258.164,28877.836
984.640,99.200,19258.164,28877.836
985.658,101.200,19258.164,28877.836
986.677,100.200,19258.164,28877.836
987.695,99.200,19258.164,28877.836
988.713,100.200,19258.164,28877.836
989.731,100.200,19258.164,28877.836
990.750,100.200,19258.164,28877.836
991.768,100.200,19258.164,28877.836
992.786,100.200,19258.164,28877.836
993.804,100.200,19258.164,28877.836
994.822,100.200,19258.164,28877.836
995.841,99.200,19258.164,28877.836
996.859,101.200,19258.164,28877.836
997.877,100.200,19258.164,28877.836
998.895,99.200,19258.164,28877.836
999.913,100.200,19258.164,28877.836
1000.932,100.200,19258.164,28877.836
1001.950,100.200,19258.164,28877.836
1002.968,100.200,19258.164,28877.836
1003.986,100.200,19258.164,28877.836
1005.005,100.200,19258.164,28877.836
1006.023,100.200,19258.164,28877.836
1007.041,100.200,19258.164,28877.836
1008.059,100.200,19258.164,28877.836
1009.077,100.200,19258.164,28877.836
1010.096,100.200,19258.164,28877.836
1011.114,100.200,19258.164,28877.836
1012.132,99.200,19258.164,28877.836
1013.150,100.200,19258.164,28877.836
1014.168,100.200,19258.164,28877.836
1015.187,100.200,19258.164,28877.836
1016.205,100.200,19258.164,28877.836
1017.223,100.200,19258.164,28877.836
1018.241,99.200,19258.164,28877.836
1019.259,100.200,19258.164,28877.836
1020.278,100.200,19258.164,28877.836
1021.296,101.200,19258.164,28877.836
1022.314,99.200,19258.164,28877.836
1023.332,101.200,19258.164,28877.836
1024.350,99.200,19258.164,28877.836
1025.368,100.200,19258.164,28877.836
1026.387,99.200,19258.164,28877.836
1027.405,100.200,19258.164,28877.836
1028.423,100.200,19258.164,28877.836
1029.441,101.200,19258.164,28877.836
1030.459,100.200,19258.164,28877.836
1031.478,100.200,19258.164,28877.836
1032.496,99.200,19295.891,28915.562
1033.514,100.100,19295.891,28915.562
1034.533,100.200,19295.891,28915.562
1035.551,100.200,19295.891,28915.562
1036.569,100.200,19295.891,28915.562
1037.587,100.200,19295.891,28915.562
1038.605,100.300,19295.891,28915.562
1039.623,99.200,19295.891,28915.562
1040.641,101.200,19295.891,28915.562
1041.659,100.200,19295.891,28915.562
1042.678,99.200,19295.891,28915.562
1043.696,101.200,19295.891,28915.562
1044.714,99.200,19295.891,28915.562
1045.732,100.200,19295.891,28915.562
1046.750,100.200,19295.891,28915.562
1047.768,100.200,19295.891,28915.562
1048.787,100.200,19295.891,28915.562
1049.805,100.200,19295.891,28915.562
1050.823,100.200,19295.891,28915.562
1051.841,100.200,19295.891,28915.562
1052.859,99.200,19295.891,28915.562
1053.878,100.200,19295.891,28915.562
1054.896,100.200,19295.891,28915.562
1055.914,100.200,19295.891,28915.562
1056.933,100.200,19295.891,28915.562
1057.951,100.200,19295.891,28915.562
1058.969,100.200,19295.891,28915.562
1059.987,100.200,19295.891,28915.562
1061.006,100.200,19295.891,28915.562
1062.024,99.200,19295.891,28915.562
1063.042,101.200,19295.891,28915.562
1064.061,99.200,19295.891,28915.562
1065.079,100.200,19295.891,28915.562
1066.098,101.100,19295.891,28915.562
1067.117,100.100,19295.891,28915.562
1068.136,100.100,19295.891,28915.562
1069.155,99.100,19295.891,28915.562
1070.174,100.100,19295.891,28915.562
1071.193,100.000,19295.891,28915.562
1072.212,100.100,19295.891,28915.562
1073.232,100.000,19295.891,28915.562
1074.251,100.100,19295.891,28915.562
1075.270,100.100,19295.891,28915.562
1076.288,100.100,19295.891,28915.562
1077.307,100.100,19295.891,28915.562
1078.326,100.100,19295.891,28915.562
1079.345,100.100,19295.891,28915.562
1080.364,100.100,19295.891,28915.562
1081.383,99.100,19295.891,28915.562
1082.402,101.100,19295.891,28915.562
1083.421,100.000,19295.891,28915.562
1084.441,100.100,19295.891,28915.562
1085.459,100.100,19295.891,28915.562
1086.479,100.100,19295.891,28915.562
1087.498,100.100,19295.891,28915.562
1088.517,100.100,19295.891,28915.562
1089.537,100.000,19295.891,28915.562
1090.556,100.100,19295.891,28915.562
1091.575,100.100,19295.891,28915.562
1092.594,100.100,19295.891,28915.562
1093.613,100.100,19295.891,28915.562
1094.632,100.100,19295.891,28915.562
1095.652,100.100,19295.891,28915.562
1096.670,100.100,19295.891,28915.562
1097.690,100.100,19295.891,28915.562
1098.709,100.100,19295.891,28915.562
1099.729,100.100,19295.891,28915.562
1100.748,100.100,19295.891,28915.562
1101.767,100.100,19295.891,28915.562
1102.786,100.100,19295.891,28915.562
1103.805,100.100,19295.891,28915.562
1104.825,100.100,19295.891,28915.562
1105.844,100.100,19295.891,28915.562
1106.863,100.100,19295.891,28915.562
1107.882,100.100,19295.891,28915.562
1108.902,100.100,19295.891,28915.562
1109.921,100.100,19295.891,28915.562
1110.940,100.100,19295.891,28915.562
1111.959,101.000,19295.891,28915.562
1112.979,100.100,19295.891,28915.562
1113.998,100.100,19295.891,28915.562
1115.017,99.100,19295.891,28915.562
1116.036,100.100,19295.891,28915.562
1117.055,101.000,19295.891,28915.562
1118.075,100.100,19295.891,28915.562
1119.094,100.100,19295.891,28915.562
1120.113,100.100,19295.891,28915.562
1121.133,99.100,19295.891,28915.562
1122.152,101.100,19295.891,28915.562
1123.171,99.100,19295.891,28915.562
1124.190,100.100,19295.891,28915.562
1125.209,100.100,19295.891,28915.562
1126.228,101.100,19295.891,28915.562
1127.247,100.100,19295.891,28915.562
1128.266,99.100,19295.891,28915.562
1129.285,101.100,19295.891,28915.562
1130.304,100.100,19295.891,28915.562
1131.323,99.100,19295.891,28915.562
1132.342,100.100,19295.891,28915.562
1133.361,100.100,19295.891,28915.562
1134.379,101.100,19295.891,28915.562
1135.398,99.100,19295.891,28915.562
1136.417,100.100,19295.891,28915.562
1137.436,100.100,19295.891,28915.562
1138.455,100.100,19295.891,28915.562
1139.474,100.100,19295.891,28915.562
1140.493,100.100,19295.891,28915.562
1141.512,100.100,19295.891,28915.562
1142.531,100.100,19295.891,28915.562
1143.550,100.100,19295.891,28915.562
1144.569,100.100,19295.891,28915.562
1145.588,100.100,19244.227,28863.898
1146.605,100.200,19244.227,28863.898
1147.623,100.200,19244.227,28863.898
1148.642,100.100,19244.227,28863.898
1149.661,100.100,19244.227,28863.898
1150.680,100.100,19244.227,28863.898
1151.699,100.100,19244.227,28863.898
1152.717,100.100,19244.227,28863.898
1153.737,100.100,19244.227,28863.898
1154.756,100.100,19244.227,28863.898
1155.775,99.100,19244.227,28863.898
1156.793,101.100,19244.227,28863.898
1157.812,99.100,19244.227,28863.898
1158.831,100.100,19244.227,28863.898
1159.850,101.100,19244.227,28863.898
1160.869,99.100,19244.227,28863.898
1161.888,100.100,19244.227,28863.898
1162.906,100.100,19244.227,28863.898
1163.925,100.100,19244.227,28863.898
1164.944,100.100,19244.227,28863.898
1165.963,101.100,19244.227,28863.898
1166.982,99.100,19244.227,28863.898
1168.001,100.100,19244.227,28863.898
1169.019,100.100,19244.227,28863.898
1170.038,100.100,19244.227,28863.898
1171.057,100.100,19244.227,28863.898
1172.076,100.100,19244.227,28863.898
1173.095,100.100,19244.227,28863.898
1174.114,100.100,19244.227,28863.898
1175.132,100.100,19244.227,28863.898
1176.151,100.100,19244.227,28863.898
1177.170,100.100,19244.227,28863.898
1178.189,100.100,19244.227,28863.898
1179.208,99.100,19244.227,28863.898
1180.227,101.100,19244.227,28863.898
1181.246,100.100,19244.227,28863.898
1182.265,100.100,19244.227,28863.898
1183.283,100.100,19244.227,28863.898
1184.302,100.100,19244.227,28863.898
1185.321,100.100,19244.227,28863.898
1186.340,100.100,19244.227,28863.898
1187.359,100.100,19244.227,28863.898
1188.378,100.100,19244.227,28863.898
1189.396,100.100,19280.363,28900.035
1190.415,100.100,19280.363,28900.035
1191.434,100.100,19280.363,28900.035
1192.453,99.100,19280.363,28900.035
1193.472,100.100,19280.363,28900.035
1194.491,101.100,19280.363,28900.035
1195.510,100.100,19280.363,28900.035
1196.528,99.100,19280.363,28900.035
1197.547,100.100,19280.363,28900.035
1198.566,100.100,19280.363,28900.035
1199.585,100.100,19280.363,28900.035
1200.603,100.200,19280.363,28900.035
1201.621,100.200,19280.363,28900.035
1202.639,101.100,19280.363,28900.035
1203.658,99.100,19280.363,28900.035
1204.677,100.100,19280.363,28900.035
1205.696,100.100,19280.363,28900.035
1206.715,100.100,19280.363,28900.035
1207.732,100.300,19280.363,28900.035
1208.751,100.100,19280.363,28900.035
1209.770,100.100,19280.363,28900.035
1210.789,100.100,19280.363,28900.035
1211.808,100.100,19280.363,28900.035
1212.826,99.100,19280.363,28900.035
1213.846,101.100,19280.363,28900.035
1214.865,100.100,19280.363,28900.035
1215.884,100.100,19280.363,28900.035
1216.902,100.100,19280.363,28900.035
1217.921,100.100,19280.363,28900.035
1218.940,99.100,19280.363,28900.035
1219.959,100.100,19280.363,28900.035
1220.978,101.100,19280.363,28900.035
1221.997,99.100,19280.363,28900.035
1223.015,101.100,19280.363,28900.035
1224.034,99.100,19280.363,28900.035
1225.053,100.100,19280.363,28900.035
1226.072,101.100,19280.363,28900.035
1227.091,99.100,19280.363,28900.035
1228.110,100.100,19280.363,28900.035
1229.128,100.100,19280.363,28900.035
1230.147,100.100,19280.363,28900.035
1231.166,100.100,19280.363,28900.035
1232.185,100.100,19280.363,28900.035
1233.204,100.100,19280.363,28900.035
1234.223,100.100,19280.363,28900.035
1235.242,100.100,19280.363,28900.035
1236.261,101.100,19280.363,28900.035
1237.280,100.100,19280.363,28900.035
1238.299,99.100,19280.363,28900.035
1239.318,100.100,19280.363,28900.035
1240.336,100.100,19280.363,28900.035
1241.355,100.100,19280.363,28900.035
1242.374,100.100,19280.363,28900.035
1243.393,100.100,19280.363,28900.035
1244.411,100.100,19280.363,28900.035
1245.430,100.100,19280.363,28900.035
1246.449,100.100,19280.363,28900.035
1247.468,99.100,19280.363,28900.035
1248.487,101.100,19280.363,28900.035
1249.505,100.100,19280.363,28900.035
1250.524,100.100,19280.363,28900.035
1251.543,100.100,19280.363,28900.035
1252.562,100.100,19280.363,28900.035
1253.581,100.100,19280.363,28900.035
1254.599,100.200,19280.363,28900.035
1255.617,99.200,19280.363,28900.035
1256.636,101.100,19280.363,28900.035
1257.655,100.100,19280.363,28900.035
1258.674,99.100,19280.363,28900.035
1259.693,101.100,19280.363,28900.035
1260.712,99.100,19280.363,28900.035
1261.730,101.100,19280.363,28900.035
1262.749,100.100,19280.363,28900.035
1263.768,99.100,19280.363,28900.035
1264.787,100.100,19280.363,28900.035
1265.806,100.100,19280.363,28900.035
1266.825,100.100,19280.363,28900.035
1267.844,101.100,19280.363,28900.035
1268.863,99.100,19280.363,28900.035
1269.882,101.100,19280.363,28900.035
1270.901,99.100,19280.363,28900.035
1271.920,101.100,19280.363,28900.035
1272.939,100.100,19280.363,28900.035
1273.959,99.100,19280.363,28900.035
1274.978,100.100,19280.363,28900.035
1275.997,100.100,19280.363,28900.035
1277.016,101.100,19280.363,28900.035
1278.035,100.100,19280.363,28900.035
1279.054,99.100,19280.363,28900.035
1280.073,101.100,19280.363,28900.035
1281.092,99.100,19280.363,28900.035
1282.111,101.100,19280.363,28900.035
1283.130,99.100,19280.363,28900.035
1284.149,100.100,19280.363,28900.035
1285.168,100.100,19280.363,28900.035
1286.187,100.100,19280.363,28900.035
1287.206,100.100,19280.363,28900.035
1288.225,100.100,19280.363,28900.035
1289.244,100.100,19280.363,28900.035
1290.263,100.100,19280.363,28900.035
1291.282,100.100,19280.363,28900.035
1292.301,100.100,19280.363,28900.035
1293.320,100.100,19280.363,28900.035
1294.339,100.100,19280.363,28900.035
1295.358,100.100,19280.363,28900.035
1296.377,100.100,19280.363,28900.035
1297.396,100.100,19280.363,28900.035
1298.415,100.100,19280.363,28900.035
1299.434,100.100,19280.363,28900.035
1300.453,100.100,19280.363,28900.035
1301.472,99.100,19280.363,28900.035
1302.491,101.100,19280.363,28900.035
1303.510,100.100,19280.363,28900.035
1304.529,100.100,19280.363,28900.035
1305.548,100.100,19280.363,28900.035
1306.567,100.100,19280.363,28900.035
1307.586,100.100,19280.363,28900.035
1308.604,99.200,19280.363,28900.035
1309.622,100.200,19280.363,28900.035
1310.641,101.100,19280.363,28900.035
1311.660,99.100,19280.363,28900.035
1312.679,101.100,19280.363,28900.035
1313.698,99.100,19280.363,28900.035
1314.717,100.100,19280.363,28900.035
1315.736,100.100,19280.363,28900.035
1316.755,100.100,19280.363,28900.035
1317.774,100.100,19280.363,28900.035
1318.793,100.100,19280.363,28900.035
1319.811,101.100,19280.363,28900.035
1320.830,100.100,19280.363,28900.035
1321.849,100.100,19280.363,28900.035
1322.869,100.100,19280.363,28900.035
1323.887,100.100,19280.363,28900.035
1324.906,99.100,19280.363,28900.035
1325.925,101.100,19280.363,28900.035
1326.944,99.100,19280.363,28900.035
1327.963,101.100,19280.363,28900.035
1328.982,99.100,19280.363,28900.035
1330.001,100.100,19280.363,28900.035
1331.020,100.100,19280.363,28900.035
1332.039,100.100,19280.363,28900.035
1333.058,100.100,19280.363,28900.035
1334.077,100.000,19280.363,28900.035
1335.097,100.100,19280.363,28900.035
1336.116,100.100,19280.363,28900.035
1337.134,100.100,19280.391,28900.035
1338.154,100.100,19280.391,28900.035
1339.173,100.100,19280.414,28900.035
1340.192,101.100,19280.414,28900.035
1341.210,99.100,19280.434,28900.035
1342.230,100.100,19280.715,28900.035
1343.249,100.100,19280.715,28900.035
1344.268,100.100,19280.715,28900.035
1345.287,100.100,19280.715,28900.035
1346.306,101.100,19280.715,28900.035
1347.325,100.100,19280.715,28900.035
1348.344,99.100,19280.715,28900.035
1349.363,100.100,19323.961,28945.953
1350.382,100.100,19468.438,29097.977
1351.401,100.100,19517.441,29146.945
1352.420,100.100,19745.742,29383.633
1353.439,100.100,20010.574,29671.227
1354.457,100.100,20197.539,29865.223
1355.476,99.100,20535.992,30223.145
1356.494,101.300,20679.961,30362.539
1357.512,100.100,20701.223,30362.539
1358.531,100.100,20797.355,30458.844
1359.550,100.100,20798.012,30458.844
1360.569,99.100,20869.801,30532.039
1361.588,100.100,20979.516,30637.516
1362.605,101.300,20989.355,30637.516
1363.625,99.100,21155.711,30803.121
1364.642,101.300,21321.574,30968.727
1365.661,99.100,21321.574,30968.727
1366.678,100.300,21321.574,30968.727
1367.696,100.100,21653.469,31382.742
1368.716,100.100,21487.180,31134.332
1369.735,100.100,21487.180,31134.332
1370.748,99.700,21487.418,31134.332
1371.767,100.100,21737.727,31465.547
1372.786,101.100,21771.078,31465.547
1373.812,99.500,21812.703,31465.547
1374.831,100.100,21851.863,31465.547
1375.850,100.100,22354.938,32210.785
1376.869,100.100,22603.000,32459.195
1377.888,100.100,22694.129,32624.805
1378.900,87.900,0.000,0.000
