Elapsed_time,CPU,Real_MB,Virtual_MB
0.000,0.000,23.844,8536.320
1.016,408.300,123.891,8623.594
2.036,99.100,212.652,8713.039
3.055,95.200,249.223,8749.895
4.074,98.100,387.238,8889.504
5.093,99.100,412.285,8921.488
6.111,100.100,494.199,9003.645
7.131,100.100,503.691,9012.738
8.149,95.200,682.680,9194.039
9.169,96.100,687.750,9199.668
10.188,93.200,690.418,9203.652
11.208,98.100,712.270,9225.855
12.226,96.300,713.473,9232.062
13.245,82.400,716.809,9238.949
14.264,75.500,746.965,9270.777
15.283,76.600,810.934,9336.031
16.302,76.600,814.922,9341.262
17.321,85.400,819.043,9346.754
18.340,96.200,819.176,9347.145
19.359,77.500,925.883,9471.582
20.377,77.600,966.855,9512.344
21.396,78.500,972.500,9518.848
22.415,79.500,973.434,9520.305
23.434,93.200,974.031,9559.801
24.453,70.700,995.793,9581.801
25.472,82.400,1036.066,9622.848
26.491,97.100,1052.402,9639.227
27.510,100.100,1141.344,9804.328
28.529,79.500,1246.613,9843.398
29.548,99.100,1304.008,9891.844
30.567,99.100,1323.082,9911.172
31.586,99.100,1390.031,9978.820
32.606,99.100,1390.031,9978.820
33.625,98.100,1390.031,9978.820
34.644,99.100,1390.031,9978.820
35.663,100.100,1390.031,9978.820
36.681,99.200,1475.867,10065.797
37.699,98.200,1494.996,10085.125
38.718,98.100,1495.004,10085.125
39.737,100.100,1495.004,10085.125
40.756,98.100,1495.004,10085.125
41.775,99.100,1495.004,10085.125
42.794,99.100,1495.004,10085.125
43.814,99.100,1495.004,10085.125
44.832,98.100,1495.004,10085.125
45.851,99.100,1495.004,10085.125
46.870,98.100,1495.004,10085.125
47.889,100.100,1495.004,10085.125
48.908,98.100,1495.004,10085.125
49.927,99.100,1495.004,10085.125
50.946,98.100,1495.004,10085.125
51.965,98.100,1495.004,10085.125
52.984,100.100,1495.004,10085.125
54.003,99.100,1495.004,10085.125
55.022,98.100,1495.004,10085.125
56.041,99.100,1495.004,10085.125
57.060,99.100,1539.398,16741.480
58.080,100.100,1554.320,16741.480
59.099,100.100,1867.562,16741.480
60.118,100.100,1980.273,16741.480
61.137,100.100,1983.449,16833.480
62.156,100.100,1989.121,16999.480
63.174,100.100,1996.082,17197.480
64.194,100.100,2004.590,17436.480
65.214,100.000,2026.762,18066.480
66.233,100.100,2041.199,18478.480
67.252,100.100,2058.473,18973.480
68.271,100.100,2079.355,19567.480
69.290,100.100,2104.621,20279.480
70.310,100.100,2134.527,21134.480
71.329,100.100,2170.621,22160.480
72.348,100.100,2213.934,23391.480
73.367,100.100,2265.754,24868.480
74.387,100.100,2328.145,26641.480
75.406,100.100,2402.910,28768.480
76.425,826.100,6737.441,43928.434
77.444,1400.700,16785.633,43928.434
78.462,1345.100,25640.719,43928.434
79.483,429.000,11596.082,23977.629
80.502,100.100,12073.879,24472.629
81.521,100.100,13112.863,25557.629
82.540,100.100,13927.781,26409.629
83.559,100.100,15852.867,28421.629
84.579,100.100,16176.125,28758.629
85.598,100.100,17784.422,30439.629
86.617,100.100,19814.953,32561.629
87.637,101.100,19853.367,32601.629
88.656,99.100,21551.461,34376.758
89.675,95.200,21644.613,34843.352
90.693,99.200,21802.617,34843.352
91.712,99.100,21960.617,34843.352
92.730,100.100,22242.617,35301.316
93.749,100.100,22576.629,36218.242
94.768,100.100,22906.629,36218.242
95.787,99.100,23238.629,36218.242
96.806,87.300,23428.266,36242.371
97.825,98.100,23491.977,36317.742
98.844,100.100,25019.984,46215.301
99.863,100.100,28257.984,46215.301
100.882,100.100,31493.984,46215.301
101.901,100.100,33389.652,46215.301
102.921,99.100,33404.371,46215.305
103.940,101.000,33423.145,56112.863
104.960,100.100,34855.328,56112.863
105.979,99.100,36139.328,56112.863
106.998,101.000,37409.328,56112.863
108.018,100.100,38679.328,56112.863
109.037,99.100,39953.328,56112.863
110.056,101.100,41231.328,56112.863
111.075,100.100,42513.328,56112.863
112.095,99.100,43302.559,56112.863
113.114,138.400,43757.453,57702.035
114.133,100.100,44426.617,58367.934
115.152,101.100,45235.766,59223.832
116.172,99.100,46027.344,59965.387
117.191,101.000,46902.602,60837.609
118.210,100.100,47776.320,61702.113
119.229,100.100,48615.570,62550.898
120.249,99.100,43867.266,57788.027
121.268,101.100,44410.898,58330.844
122.287,100.100,44967.875,58968.504
123.306,100.100,45879.848,59803.672
124.325,100.100,46829.543,60827.262
125.344,99.100,47626.859,61735.855
126.364,101.000,48561.453,62482.367
127.383,100.100,44819.656,58742.895
128.402,99.100,45617.094,59537.898
129.422,101.100,46446.445,60367.121
130.441,100.100,46660.754,60581.297
131.460,99.100,46827.953,60609.344
132.479,100.100,47454.059,61130.691
133.498,100.100,48341.285,62017.184
134.517,100.100,48977.184,62744.840
135.536,101.100,49009.242,62744.840
136.555,99.100,46382.617,59947.973
137.574,101.100,46415.359,59947.973
138.593,99.100,46425.156,59947.973
139.612,100.100,46667.996,60217.445
140.632,99.000,47193.125,60756.391
141.652,101.000,46938.281,60409.926
142.671,100.100,46938.316,60409.926
143.689,100.100,46938.316,60409.926
144.708,100.100,48298.625,67294.160
145.727,100.100,49998.625,67294.160
146.747,99.100,51684.625,67294.160
147.766,100.100,53364.625,67294.160
148.785,100.100,53326.035,66797.621
149.804,100.100,53760.102,73527.871
150.824,100.100,55624.102,73527.871
151.843,101.000,57422.102,73527.871
152.862,100.100,58484.801,73527.871
153.882,99.100,59694.844,73527.871
154.901,100.100,60131.820,80412.105
155.920,100.100,61367.762,80412.105
156.940,100.100,62620.492,80412.105
157.959,100.100,63881.980,80412.105
158.978,100.100,65125.938,80412.105
159.997,100.100,66385.488,80412.105
161.017,132.400,67156.137,80682.133
162.036,100.000,67510.082,80981.547
163.056,99.100,67806.820,81272.816
164.075,100.100,67295.395,80778.867
165.094,100.100,67697.773,81163.543
166.113,100.100,67096.762,80562.695
167.133,100.100,67200.852,80720.398
168.152,101.100,67840.418,81349.109
169.171,99.100,68156.039,81622.078
170.190,101.100,67434.922,80941.453
171.209,100.100,68163.691,81644.727
172.229,100.100,68810.027,82276.223
173.248,99.100,69214.371,82681.012
174.267,100.100,69671.188,83163.656
175.286,98.100,70009.102,83475.211
176.305,100.100,70009.398,83475.211
177.324,100.100,70250.496,83717.332
178.344,99.100,70612.742,84066.469
179.363,101.100,70825.590,84331.961
180.382,99.100,67944.094,81450.465
181.401,100.100,67944.094,81450.465
182.420,101.100,67944.094,81450.465
183.439,99.100,67957.379,81450.465
184.459,100.100,67957.637,81450.465
185.478,100.100,67959.543,81450.465
186.497,100.100,68526.527,88334.699
187.516,97.100,69720.688,88334.699
188.536,100.100,71052.289,88334.699
189.555,100.100,72430.555,88334.699
190.574,100.100,73796.703,88334.699
191.594,99.100,74698.043,88334.699
192.613,99.100,74843.859,88334.699
193.632,100.100,74900.312,95218.934
194.652,99.000,75200.520,95218.934
195.672,99.000,75476.355,95218.934
196.690,99.100,75810.488,95218.934
197.710,100.100,76268.879,95218.934
198.729,100.100,76722.305,95218.934
199.748,86.300,77084.531,95218.934
200.767,100.100,77390.316,95218.934
201.787,95.200,77690.129,95218.934
202.806,100.100,78042.426,95218.934
203.825,101.100,78383.953,95218.934
204.844,99.100,78698.418,95218.934
205.863,100.100,78997.930,95218.934
206.883,100.100,79334.309,95218.934
207.902,100.100,79592.312,95218.934
208.921,100.100,79902.637,95218.934
209.941,100.100,80256.664,95218.934
210.960,101.100,80640.547,95218.934
211.979,100.100,81024.430,95218.934
212.998,99.100,81410.309,95218.934
214.017,101.100,81727.934,95218.934
215.037,99.100,81727.934,95218.934
216.056,83.400,81827.441,102103.168
217.075,100.100,82044.520,102103.168
218.094,100.100,82255.086,102103.168
219.113,100.100,82527.078,102103.168
220.132,100.100,82775.609,102103.168
221.152,100.100,83044.508,102103.168
222.171,99.100,83334.547,102103.168
223.190,101.100,83582.562,102103.168
224.209,100.100,83827.484,102103.168
225.228,100.100,84054.875,102103.168
226.248,100.100,84316.555,102103.168
227.267,100.100,84587.258,102103.168
228.286,100.100,84750.969,102103.168
229.305,85.400,85068.078,102103.168
230.324,100.100,85455.570,102103.168
231.343,100.100,85843.578,102103.168
232.362,100.100,86230.812,102103.168
233.381,100.100,86617.789,102103.168
234.400,100.100,87004.508,102103.168
235.419,100.100,87393.289,102103.168
236.439,100.100,87782.070,102103.168
237.458,100.100,88170.852,102103.168
238.477,100.100,88559.633,102103.168
239.496,100.100,81944.797,102103.168
240.515,100.100,82590.266,102103.168
241.535,100.100,83264.445,102103.168
242.554,100.100,84010.039,102103.168
243.573,100.100,84706.906,102103.168
244.592,100.100,85311.219,102103.168
245.611,100.100,85980.242,102103.168
246.631,100.100,86693.094,102103.168
247.650,100.100,87354.898,102103.168
248.669,100.100,87997.883,102103.168
249.688,100.100,88612.250,102103.168
250.707,100.100,88612.250,102103.168
251.727,99.100,88959.352,102450.211
252.746,100.000,89426.535,102951.066
253.766,100.100,90045.992,103539.898
254.785,100.000,90591.152,104083.418
255.804,100.100,91351.172,104834.508
256.824,101.000,91652.980,105517.043
257.842,99.300,81849.199,95354.879
258.861,100.000,82446.098,95965.973
259.881,101.000,82972.195,96442.477
260.900,99.100,82981.363,96442.477
261.920,100.100,83236.883,96755.902
262.940,99.000,83691.934,97138.848
263.958,100.200,84082.457,97507.957
264.976,101.200,84523.359,97947.910
265.996,100.100,84944.547,98413.797
267.015,100.000,85559.555,98999.750
268.034,100.100,86181.188,99614.242
269.053,100.000,86770.398,100193.488
270.071,99.200,87539.934,100975.266
271.090,100.100,87822.719,101245.965
272.109,100.100,87822.883,101245.965
273.129,100.000,79363.945,94361.730
274.147,100.200,68524.812,81947.895
275.166,100.100,68551.008,81947.895
276.186,99.100,68624.988,81947.895
277.204,101.100,68696.852,81947.895
278.223,99.100,68774.191,81947.895
279.242,100.100,68847.062,81979.898
280.259,100.200,68850.668,81979.898
281.279,101.100,68819.242,81947.895
282.296,99.300,68819.242,81947.895
283.315,100.100,68820.270,81947.895
284.332,100.300,68820.410,81947.895
285.351,100.100,68820.410,81947.895
286.369,100.200,68820.410,81947.895
287.389,99.100,68820.410,81947.895
288.407,101.100,69234.395,82394.543
289.426,99.200,69947.984,83075.840
290.444,100.200,70312.242,83440.238
291.464,100.000,70887.109,84015.215
292.481,101.200,71412.191,84598.121
293.500,99.100,71979.156,85109.094
294.517,100.300,72422.074,85551.934
295.534,100.200,72890.586,86020.586
296.552,99.300,73157.031,86286.918
297.570,101.100,73573.723,86766.887
298.589,100.100,74374.871,87508.355
299.607,100.200,74846.762,87980.199
300.626,100.100,75040.633,88173.910
301.644,100.200,75614.707,88743.461
302.663,99.200,76087.449,89316.414
303.680,100.300,76429.934,89754.555
304.697,99.300,76854.211,90192.695
305.716,101.000,77512.777,90905.172
306.734,99.200,77858.930,91382.090
307.752,101.200,78145.070,91688.684
308.772,100.100,78676.500,92199.652
309.789,99.300,79153.637,92880.965
310.808,100.100,79364.203,93085.363
311.828,101.000,80011.918,93732.594
312.846,99.200,80492.930,94977.586
313.864,100.200,81258.859,94977.586
314.882,100.200,71837.762,84955.734
315.901,100.100,72759.863,85877.996
316.920,98.100,72760.918,85877.996
317.939,100.100,72760.918,85877.996
318.956,99.300,72762.285,85878.707
319.976,100.000,72782.805,85878.707
320.995,99.100,73565.930,86655.672
322.014,100.100,72472.414,85559.078
323.033,100.100,72472.414,85559.078
324.052,99.100,72472.668,85559.078
325.071,100.100,72715.082,85801.371
326.090,100.100,72721.301,85801.371
327.102,99.900,72726.715,85801.371
328.113,99.900,72742.699,85801.371
329.124,99.900,73336.520,86389.520
330.143,99.100,73657.973,86710.973
331.162,101.100,73657.973,86710.973
332.181,100.100,73657.973,86710.973
333.200,99.100,73819.832,86872.723
334.220,100.100,72910.230,85963.121
335.239,101.000,72910.230,85963.121
336.259,99.100,72910.230,85963.121
337.278,99.100,73158.273,86211.152
338.296,100.100,73167.551,86211.152
339.309,99.700,73170.387,86211.152
340.327,101.200,73176.574,86211.152
341.340,99.800,73155.270,86179.008
342.358,99.200,73259.234,86282.941
343.377,100.100,73259.234,86282.941
344.397,100.100,73259.234,86282.941
345.416,100.100,73259.234,86282.941
346.433,99.300,73228.551,86251.902
347.451,101.200,73228.551,86251.902
348.471,100.000,73228.551,86251.902
349.490,99.100,73952.012,86975.465
350.510,99.100,74212.180,87235.422
351.521,100.900,74212.180,87235.422
352.534,99.700,74004.520,87027.762
353.551,100.300,74004.520,87027.762
354.569,99.200,74320.293,87343.535
355.588,100.100,74178.637,87201.867
356.607,100.100,74178.637,87201.867
357.622,99.500,75646.793,89147.766
358.642,95.100,75853.090,89147.766
359.661,101.000,76261.984,89354.973
360.681,100.100,76729.488,89752.844
361.700,99.100,77422.883,90456.410
362.720,101.000,77958.129,90981.539
363.733,99.700,77958.355,90981.539
364.752,100.100,77968.922,90981.539
365.771,99.100,76625.012,89628.449
366.791,100.000,76972.078,89975.492
367.810,100.100,76972.078,89975.492
368.829,99.100,76972.215,89975.492
369.849,101.000,77838.664,96859.727
370.862,99.700,78373.188,96859.727
371.881,100.100,79369.184,96859.727
372.901,100.100,80584.785,96859.727
373.920,100.000,81544.637,96859.727
374.940,100.000,82534.551,96859.727
375.953,100.700,83420.785,96859.727
376.972,100.000,83863.152,96859.727
377.992,36.300,83863.312,96859.750
379.011,57.900,83871.633,96859.727
380.030,101.000,76159.680,89147.766
381.050,100.100,76159.742,89147.766
382.069,99.100,76159.766,89147.766
383.082,100.700,76159.766,89147.766
384.101,100.100,76159.766,89147.766
385.120,100.000,76159.766,89147.766
386.140,100.000,76159.766,89147.766
387.160,100.000,76159.766,89147.766
388.181,100.900,76159.766,89147.766
389.208,99.300,76159.766,89147.766
390.228,100.100,76159.766,89147.766
391.247,100.000,76159.766,89147.766
392.267,100.100,76159.766,89147.766
393.286,101.000,76159.766,89147.766
394.300,99.600,76159.766,89147.766
395.319,100.100,76159.766,89147.766
396.339,100.100,76159.766,89147.766
397.358,99.100,76159.766,89147.766
398.385,100.300,70589.945,83577.945
399.405,101.000,70589.945,83577.945
400.424,99.100,70591.109,83577.945
401.443,100.100,70591.109,83577.945
402.463,100.100,70591.668,83577.945
403.482,100.100,70591.672,83577.945
404.501,101.000,70591.789,83577.945
405.521,100.000,70591.852,83577.945
406.540,99.100,70591.852,83577.945
407.559,101.100,70592.574,83577.945
408.578,99.100,70592.691,83577.945
409.598,100.100,70594.562,83577.945
410.617,101.000,70594.566,83577.945
411.637,100.000,70595.285,83577.945
412.673,99.400,70595.414,83577.945
413.693,101.000,70597.125,83577.945
414.712,99.100,70597.211,83577.945
415.731,100.100,70598.125,83577.945
416.750,100.100,70598.898,83577.945
417.770,100.100,70601.441,83577.945
418.789,100.100,70601.473,83577.945
419.808,100.100,70603.266,83577.945
420.832,100.600,70603.305,83577.945
421.856,99.700,70605.316,83577.945
422.875,101.100,70605.328,83577.945
423.895,100.000,70607.133,83577.945
424.914,100.100,70607.152,83577.945
425.933,99.100,70608.699,83577.945
426.953,100.100,70608.699,83577.945
427.972,101.100,70609.445,83577.945
428.991,100.100,70609.457,83577.945
430.003,99.800,70609.457,83577.945
431.014,99.900,70609.605,83577.945
432.034,100.100,70609.668,83577.945
433.053,100.100,70611.281,83577.945
434.072,100.100,70611.281,83577.945
435.092,101.000,70613.492,83577.945
436.111,99.100,70613.492,83577.945
437.131,100.100,70615.488,83577.945
438.150,100.000,70615.523,83577.945
439.170,100.100,70617.160,83577.945
440.189,100.000,70617.160,83577.945
441.209,100.100,70620.141,83577.945
442.228,100.000,70620.141,83577.945
443.248,100.100,70620.145,83577.945
444.267,101.000,70620.145,83577.945
445.287,99.100,70620.145,83577.945
446.306,100.100,70620.145,83577.945
447.333,100.200,70620.145,83577.945
448.353,100.100,70620.145,83577.945
449.372,101.000,70620.145,83577.945
450.392,99.100,70620.145,83577.945
451.411,101.000,70620.145,83577.945
452.431,100.100,70620.145,83577.945
453.450,99.100,70620.145,83577.945
454.469,100.100,70620.145,83577.945
455.489,100.100,70620.145,83577.945
456.508,100.000,70620.145,83577.945
457.528,100.100,70620.145,83577.945
458.547,100.100,70620.145,83577.945
459.565,100.200,70620.160,83577.945
460.585,100.100,70620.160,83577.945
461.597,99.700,70620.160,83577.945
462.617,100.100,70620.160,83577.945
463.636,100.100,70620.176,83577.945
464.655,100.100,70620.176,83577.945
465.675,100.100,70620.176,83577.945
466.695,101.000,70620.176,83577.945
467.714,100.100,70620.176,83577.945
468.741,99.300,70620.176,83577.945
469.761,101.000,70620.176,83577.945
470.779,99.200,70620.176,83577.945
471.799,101.000,70620.176,83577.945
472.818,100.100,70620.176,83577.945
473.837,99.100,70620.184,83577.945
474.857,100.100,70620.184,83577.945
475.876,101.000,70620.184,83577.945
476.896,100.100,70620.184,83577.945
477.915,100.100,70620.184,83577.945
478.934,100.000,70620.184,83577.945
479.954,100.100,70620.184,83577.945
480.973,100.100,70620.184,83577.945
481.993,100.100,70620.184,83577.945
483.012,99.100,70620.184,83577.945
484.039,101.200,70620.281,83577.945
485.059,99.100,70620.281,83577.945
486.079,101.000,70620.281,83577.945
487.099,100.000,70620.281,83577.945
488.119,100.000,70620.281,83577.945
489.139,100.000,70620.281,83577.945
490.159,100.000,70620.281,83577.945
491.179,100.000,70620.281,83577.945
492.199,100.000,70620.281,83577.945
493.219,100.000,70620.281,83577.945
494.239,100.000,70620.281,83577.945
495.259,100.000,70620.281,83577.945
496.279,101.000,70620.281,83577.945
497.299,100.000,70620.281,83577.945
498.319,99.000,70620.281,83577.945
499.339,101.000,70620.281,83577.945
500.359,100.000,70620.281,83577.945
501.379,100.000,70620.281,83577.945
502.399,100.000,70620.281,83577.945
503.419,100.000,70620.281,83577.945
504.439,100.000,70620.281,83577.945
505.460,100.000,70620.281,83577.945
506.480,100.000,70620.281,83577.945
507.500,101.000,70620.281,83577.945
508.519,100.000,70620.281,83577.945
509.540,100.000,70620.281,83577.945
510.560,100.000,70620.281,83577.945
511.580,100.000,70620.281,83577.945
512.599,100.000,70620.281,83577.945
513.619,100.000,70620.281,83577.945
514.639,99.000,70620.281,83577.945
515.659,101.000,70620.281,83577.945
516.679,100.100,70620.281,83577.945
517.697,100.200,70620.281,83577.945
518.716,100.100,70620.281,83577.945
519.735,100.100,70620.281,83577.945
520.755,100.100,70620.281,83577.945
521.774,100.100,70620.281,83577.945
522.793,100.100,70620.281,83577.945
523.813,100.100,70620.281,83577.945
524.827,99.500,70620.281,83577.945
525.847,101.000,70620.281,83577.945
526.866,100.100,70620.281,83577.945
527.886,100.000,70620.281,83577.945
528.905,99.100,70620.281,83577.945
529.925,101.000,70620.281,83577.945
530.944,100.100,70620.281,83577.945
531.963,100.100,70620.281,83577.945
532.982,100.100,70620.281,83577.945
534.002,100.100,70620.281,83577.945
535.021,99.100,70620.281,83577.945
536.041,100.100,70620.281,83577.945
537.060,101.000,70620.281,83577.945
538.079,99.100,70620.281,83577.945
539.099,101.000,70620.281,83577.945
540.118,100.100,70620.281,83577.945
541.138,100.100,70620.281,83577.945
542.157,100.100,70620.281,83577.945
543.176,100.000,70620.281,83577.945
544.195,100.100,70620.281,83577.945
545.214,99.100,70620.281,83577.945
546.233,100.100,70620.281,83577.945
547.252,100.100,70620.281,83577.945
548.271,101.100,70620.281,83577.945
549.290,100.100,70620.281,83577.945
550.310,100.000,70620.281,83577.945
551.329,99.100,70620.281,83577.945
552.347,101.200,70620.281,83577.945
553.366,99.100,70620.281,83577.945
554.385,100.100,70620.281,83577.945
555.404,100.100,70620.281,83577.945
556.423,100.100,70620.281,83577.945
557.442,100.100,70620.281,83577.945
558.459,100.200,70620.281,83577.945
559.478,100.100,70620.281,83577.945
560.498,100.100,70620.281,83577.945
561.517,100.100,70620.281,83577.945
562.536,100.100,70620.281,83577.945
563.555,100.100,70620.281,83577.945
564.574,100.100,70620.281,83577.945
565.593,100.100,70620.281,83577.945
566.612,100.100,70620.281,83577.945
567.631,100.100,70620.281,83577.945
568.651,100.100,70620.281,83577.945
569.670,100.000,70620.281,83577.945
570.689,100.100,70620.281,83577.945
571.707,100.200,70620.281,83577.945
572.726,100.100,70620.281,83577.945
573.745,100.100,70620.281,83577.945
574.764,100.100,70620.281,83577.945
575.783,99.100,70620.281,83577.945
576.803,100.100,70620.281,83577.945
577.822,101.100,70620.281,83577.945
578.841,100.100,70620.281,83577.945
579.860,100.100,70620.281,83577.945
580.879,100.100,70620.281,83577.945
581.898,100.100,70620.281,83577.945
582.917,100.100,70620.281,83577.945
583.936,100.100,70620.281,83577.945
584.956,100.100,70620.281,83577.945
585.975,100.100,70620.281,83577.945
586.994,100.100,70620.281,83577.945
588.013,100.100,70620.281,83577.945
589.032,100.100,70620.281,83577.945
590.051,100.100,70620.281,83577.945
591.070,100.100,70620.281,83577.945
592.089,100.100,70620.281,83577.945
593.108,100.100,70620.281,83577.945
594.127,100.100,70620.281,83577.945
595.146,100.100,70620.281,83577.945
596.166,100.100,70620.281,83577.945
597.185,100.100,70620.281,83577.945
598.204,100.100,70620.281,83577.945
599.223,100.100,70620.281,83577.945
600.242,100.100,70620.281,83577.945
601.262,100.100,70620.281,83577.945
602.281,100.100,70620.281,83577.945
603.300,100.100,70620.281,83577.945
604.319,100.100,70620.281,83577.945
605.338,100.100,70620.281,83577.945
606.357,100.100,70620.281,83577.945
607.376,100.100,70620.281,83577.945
608.395,99.100,70620.281,83577.945
609.414,101.100,70620.281,83577.945
610.434,100.000,70620.281,83577.945
611.453,100.100,70620.281,83577.945
612.472,100.100,70620.281,83577.945
613.491,100.100,70620.281,83577.945
614.510,99.100,70620.281,83577.945
615.529,100.100,70620.281,83577.945
616.548,101.100,70620.281,83577.945
617.567,100.100,70620.281,83577.945
618.586,100.100,70620.281,83577.945
619.605,100.100,70620.281,83577.945
620.625,99.100,70620.281,83577.945
621.644,101.100,70620.281,83577.945
622.663,99.100,70620.281,83577.945
623.682,100.100,70620.281,83577.945
624.700,100.200,70620.281,83577.945
625.719,100.100,70620.281,83577.945
626.738,101.100,70620.281,83577.945
627.757,99.100,70620.281,83577.945
628.776,100.100,70620.281,83577.945
629.795,101.100,70620.281,83577.945
630.814,99.100,70620.281,83577.945
631.833,100.100,70620.281,83577.945
632.852,101.100,70620.281,83577.945
633.872,100.100,70620.281,83577.945
634.890,100.100,70620.281,83577.945
635.910,99.100,70620.281,83577.945
636.929,100.100,70620.281,83577.945
637.948,100.100,70620.281,83577.945
638.966,100.100,70620.281,83577.945
639.986,101.100,70620.281,83577.945
641.004,99.100,70620.281,83577.945
642.024,100.100,70620.281,83577.945
643.043,100.100,70620.281,83577.945
644.062,100.100,70620.281,83577.945
645.081,100.100,70620.281,83577.945
646.100,100.100,70620.281,83577.945
647.119,100.100,70620.281,83577.945
648.138,100.100,70620.281,83577.945
649.158,100.100,70620.281,83577.945
650.177,100.100,70620.281,83577.945
651.196,100.100,70620.281,83577.945
652.215,100.100,70620.281,83577.945
653.234,100.100,70620.281,83577.945
654.253,100.100,70620.281,83577.945
655.272,100.100,70620.281,83577.945
656.291,100.100,70620.281,83577.945
657.310,99.100,70620.281,83577.945
658.329,101.100,70620.281,83577.945
659.349,100.100,70620.281,83577.945
660.368,100.100,70620.281,83577.945
661.387,100.100,70620.281,83577.945
662.406,100.100,70620.281,83577.945
663.425,100.100,70620.281,83577.945
664.444,99.100,70620.281,83577.945
665.463,101.100,70620.281,83577.945
666.481,100.100,70620.281,83577.945
667.500,100.100,70620.281,83577.945
668.519,99.100,70620.281,83577.945
669.538,100.100,70620.281,83577.945
670.558,100.000,70620.281,83577.945
671.577,100.100,70620.281,83577.945
672.595,100.100,70620.281,83577.945
673.614,100.100,70620.281,83577.945
674.633,100.100,70620.281,83577.945
675.652,100.100,70620.281,83577.945
676.671,100.100,70620.281,83577.945
677.689,100.200,70620.281,83577.945
678.707,100.200,70620.281,83577.945
679.726,100.100,70620.281,83577.945
680.745,99.100,70620.281,83577.945
681.764,101.100,70620.281,83577.945
682.783,100.100,70620.281,83577.945
683.802,99.100,70620.281,83577.945
684.820,101.100,70620.281,83577.945
685.839,100.100,70620.281,83577.945
686.858,99.100,70620.281,83577.945
687.877,100.100,70620.281,83577.945
688.896,100.100,70620.281,83577.945
689.915,101.100,70620.281,83577.945
690.934,100.100,70620.281,83577.945
691.953,100.100,70620.281,83577.945
692.972,99.100,70620.281,83577.945
693.990,100.100,70620.281,83577.945
695.009,100.100,70620.281,83577.945
696.028,101.100,70620.281,83577.945
697.047,99.100,70620.281,83577.945
698.066,100.100,70620.281,83577.945
699.085,100.100,70620.281,83577.945
700.104,101.100,70620.281,83577.945
701.123,99.100,70620.281,83577.945
702.142,100.100,70620.281,83577.945
703.161,100.100,70620.281,83577.945
704.180,100.100,70620.281,83577.945
705.199,100.100,70620.281,83577.945
706.218,100.100,70620.281,83577.945
707.237,100.100,70620.281,83577.945
708.256,100.100,70620.281,83577.945
709.274,100.100,70620.281,83577.945
710.293,100.100,70620.281,83577.945
711.312,100.100,70620.281,83577.945
712.331,100.100,70620.281,83577.945
713.350,100.100,70620.281,83577.945
714.369,100.100,70620.281,83577.945
715.388,100.100,70620.281,83577.945
716.407,100.100,70620.281,83577.945
717.426,99.100,70620.281,83577.945
718.445,101.100,70620.281,83577.945
719.464,100.100,70620.281,83577.945
720.483,100.100,70620.281,83577.945
721.502,100.100,70620.281,83577.945
722.521,100.100,70620.281,83577.945
723.540,99.100,70620.281,83577.945
724.559,100.100,70620.281,83577.945
725.578,100.100,70620.281,83577.945
726.597,101.100,70620.281,83577.945
727.616,99.100,70620.281,83577.945
728.635,101.100,70620.281,83577.945
729.654,99.100,70620.281,83577.945
730.673,100.000,70620.281,83577.945
731.691,101.200,70620.281,83577.945
732.709,99.200,70620.281,83577.945
733.728,100.100,70620.281,83577.945
734.747,100.100,70620.281,83577.945
735.766,100.100,70620.281,83577.945
736.785,101.100,70620.281,83577.945
737.804,99.100,70620.281,83577.945
738.823,100.100,70620.281,83577.945
739.842,100.100,70620.281,83577.945
740.861,101.100,70620.281,83577.945
741.880,99.100,70620.281,83577.945
742.899,100.100,70620.281,83577.945
743.917,100.100,70620.281,83577.945
744.937,100.100,70620.281,83577.945
745.956,100.100,70620.281,83577.945
746.974,100.100,70620.281,83577.945
747.993,99.100,70620.281,83577.945
749.012,101.100,70620.281,83577.945
750.031,100.100,70620.281,83577.945
751.050,100.100,70620.281,83577.945
752.069,100.100,70620.281,83577.945
753.088,100.100,70620.281,83577.945
754.107,99.100,70620.281,83577.945
755.126,100.100,70620.281,83577.945
756.145,101.100,70620.281,83577.945
757.164,100.100,70620.281,83577.945
758.183,99.100,70620.281,83577.945
759.202,101.100,70620.281,83577.945
760.221,99.100,70620.281,83577.945
761.240,101.100,70620.281,83577.945
762.259,100.100,70620.281,83577.945
763.278,100.100,70620.281,83577.945
764.297,100.100,70620.281,83577.945
765.316,99.100,70620.281,83577.945
766.335,100.100,70620.281,83577.945
767.353,101.100,70620.281,83577.945
768.372,100.100,70620.281,83577.945
769.391,99.100,70620.281,83577.945
770.410,101.100,70620.281,83577.945
771.429,99.100,70620.281,83577.945
772.448,101.100,70620.281,83577.945
773.467,99.100,70620.281,83577.945
774.486,101.100,70620.281,83577.945
775.505,100.100,70620.281,83577.945
776.524,99.100,70620.281,83577.945
777.543,101.100,70620.281,83577.945
778.562,99.100,70620.281,83577.945
779.581,100.100,70620.281,83577.945
780.600,100.100,70620.281,83577.945
781.618,100.100,70620.281,83577.945
782.637,100.100,70620.281,83577.945
783.656,100.100,70620.281,83577.945
784.675,100.100,70620.281,83577.945
785.693,100.200,70620.281,83577.945
786.711,99.200,70620.281,83577.945
787.730,100.100,70620.281,83577.945
788.748,101.100,70620.281,83577.945
789.767,100.100,70620.281,83577.945
790.787,99.100,70620.281,83577.945
791.806,100.100,70620.281,83577.945
792.825,101.100,70620.281,83577.945
793.844,99.100,70620.281,83577.945
794.862,101.100,70620.281,83577.945
795.881,100.100,70620.281,83577.945
796.900,100.100,70620.281,83577.945
797.919,99.100,70620.281,83577.945
798.938,100.100,70620.281,83577.945
799.957,101.100,70620.281,83577.945
800.976,99.100,70620.281,83577.945
801.995,100.100,70620.281,83577.945
803.014,100.100,70669.078,83626.742
804.032,100.100,70669.078,83626.742
805.051,100.100,70680.156,83626.742
806.070,100.100,70680.188,83626.742
807.089,100.100,70690.531,83626.742
808.108,100.100,70690.531,83626.742
809.127,100.100,70699.121,83626.742
810.145,100.100,70699.129,83626.742
811.164,99.100,70705.652,83626.742
812.183,100.100,70705.652,83626.742
813.202,100.100,70710.137,83626.742
814.221,100.100,70710.137,83626.742
815.240,101.100,70711.281,83626.742
816.259,100.100,70715.555,83626.742
817.278,99.100,70715.555,83626.742
818.296,100.100,70719.449,83626.742
819.315,100.100,70719.449,83626.742
820.334,100.100,70721.449,83626.742
821.353,101.100,70721.449,83626.742
822.371,99.200,70724.406,83626.742
823.389,100.100,70724.406,83626.742
824.408,101.100,70726.352,83626.742
825.427,99.100,70726.371,83626.742
826.446,100.100,70728.762,83626.742
827.465,101.100,70728.762,83626.742
828.483,99.100,70728.820,83626.742
829.502,100.100,70728.820,83626.742
830.521,100.100,70728.820,83626.742
831.540,100.100,70731.441,83626.742
832.559,100.100,70731.484,83626.742
833.578,100.100,70732.336,83626.742
834.597,99.100,70732.336,83626.742
835.616,101.100,70733.430,83626.742
836.635,100.100,70733.441,83626.742
837.654,100.100,70734.402,83626.742
838.672,99.100,70734.402,83626.742
839.691,101.200,70735.316,83626.742
840.707,99.300,70735.316,83626.742
841.726,101.100,70740.133,83626.742
842.745,99.100,70740.133,83626.742
843.764,100.100,70743.770,83626.742
844.783,100.100,70743.777,83626.742
845.802,100.100,70745.762,83626.742
846.820,100.100,70745.766,83626.742
847.839,100.100,70746.953,83626.742
848.858,100.100,70746.953,83626.742
849.877,99.100,70746.957,83626.742
850.896,101.000,70747.027,83626.742
851.915,99.100,70747.027,83626.742
852.934,101.100,70747.055,83626.742
853.953,100.100,70747.055,83626.742
854.972,100.100,70747.055,83626.742
855.991,99.100,70747.055,83626.742
857.010,100.100,70747.055,83626.742
858.028,100.100,70747.055,83626.742
859.047,101.100,70747.055,83626.742
860.066,99.100,70747.055,83626.742
861.085,100.100,70747.055,83626.742
862.104,101.100,70747.055,83626.742
863.123,100.100,70747.055,83626.742
864.141,99.200,70747.055,83626.742
865.160,100.100,70747.055,83626.742
866.179,100.100,70747.055,83626.742
867.198,100.100,70747.055,83626.742
868.217,101.100,70747.055,83626.742
869.236,100.100,70747.055,83626.742
870.255,100.100,70747.055,83626.742
871.274,99.100,70747.055,83626.742
872.292,101.100,70747.055,83626.742
873.311,99.100,70747.055,83626.742
874.330,100.100,70747.055,83626.742
875.349,100.100,70747.055,83626.742
876.368,100.100,70747.055,83626.742
877.387,101.100,70747.055,83626.742
878.406,99.100,70747.055,83626.742
879.425,100.100,70747.055,83626.742
880.444,100.100,70747.055,83626.742
881.463,100.100,70747.055,83626.742
882.482,100.100,70747.055,83626.742
883.501,100.100,70747.055,83626.742
884.520,100.100,70747.055,83626.742
885.538,100.100,70752.336,83626.742
886.557,100.100,70752.336,83626.742
887.576,99.100,70756.090,83626.742
888.595,101.100,70756.102,83626.742
889.614,100.100,70759.477,83626.742
890.633,99.100,70759.480,83626.742
891.652,101.100,70761.375,83626.742
892.671,100.100,70761.387,83626.742
893.689,100.200,70761.469,83626.742
894.707,99.200,70761.469,83626.742
895.726,101.100,70761.469,83626.742
896.745,99.100,70761.469,83626.742
897.764,100.100,70761.469,83626.742
898.783,100.100,70761.469,83626.742
899.802,100.100,70761.469,83626.742
900.821,101.100,70761.469,83626.742
901.840,99.100,70761.469,83626.742
902.859,101.100,70761.469,83626.742
903.878,99.100,70761.469,83626.742
904.897,100.100,70761.469,83626.742
905.916,100.100,70761.469,83626.742
906.935,100.100,70761.469,83626.742
907.954,101.100,70761.469,83626.742
908.973,99.100,70761.469,83626.742
909.992,100.100,70761.469,83626.742
911.011,100.100,70761.469,83626.742
912.030,100.100,70761.469,83626.742
913.049,100.100,70762.773,83626.742
914.068,100.100,70762.773,83626.742
915.087,100.100,70762.816,83626.742
916.106,100.100,70763.551,83626.742
917.125,100.100,70763.551,83626.742
918.144,100.100,70765.660,83626.742
919.163,100.100,70765.660,83626.742
920.182,100.100,70766.230,83626.742
921.201,100.100,70766.234,83626.742
922.220,100.100,70770.953,83626.742
923.239,100.100,70770.953,83626.742
924.258,100.100,70772.082,83626.742
925.277,100.100,70772.090,83626.742
926.296,99.100,70773.613,83626.742
927.315,101.100,70773.613,83626.742
928.333,100.100,70774.680,83626.742
929.353,99.100,70774.680,83626.742
930.371,101.100,70776.727,83626.742
931.391,100.100,70776.734,83626.742
932.410,100.100,70777.230,83626.742
933.429,100.100,70777.230,83626.742
934.447,100.100,70777.297,83626.742
935.466,99.100,70777.297,83626.742
936.485,101.100,70777.391,83626.742
937.504,99.100,70777.391,83626.742
938.523,101.100,70777.391,83626.742
939.542,100.100,70777.391,83626.742
940.561,99.100,70777.391,83626.742
941.580,101.100,70777.391,83626.742
942.599,99.100,70777.391,83626.742
943.618,101.100,70777.391,83626.742
944.637,99.100,70777.391,83626.742
945.656,100.100,70777.395,83626.742
946.675,100.100,70777.395,83626.742
947.693,101.100,70777.395,83626.742
948.711,99.200,70777.395,83626.742
949.730,100.100,70777.395,83626.742
950.749,100.100,70777.395,83626.742
951.768,100.100,70777.395,83626.742
952.787,100.100,70777.395,83626.742
953.806,100.100,70777.395,83626.742
954.825,100.100,70777.395,83626.742
955.844,100.100,70777.395,83626.742
956.863,100.100,70777.395,83626.742
957.882,100.100,70777.395,83626.742
958.901,100.100,70777.395,83626.742
959.920,100.100,70777.395,83626.742
960.938,100.100,70777.395,83626.742
961.958,100.100,70777.492,83626.742
962.976,99.100,70777.492,83626.742
963.995,101.100,70777.492,83626.742
965.014,100.100,70777.492,83626.742
966.033,100.100,70777.492,83626.742
967.052,99.100,70777.492,83626.742
968.071,100.100,70777.492,83626.742
969.090,101.100,70777.492,83626.742
970.109,99.100,70777.492,83626.742
971.129,100.000,70777.492,83626.742
972.148,101.100,70777.492,83626.742
973.167,100.100,70777.492,83626.742
974.186,99.100,70777.492,83626.742
975.205,100.100,70816.926,83666.176
976.224,101.100,70816.926,83666.176
977.243,99.100,70816.926,83666.176
978.262,100.100,70816.957,83666.176
979.281,100.100,70816.957,83666.176
980.300,101.000,70768.160,83617.379
981.319,99.100,70768.160,83617.379
982.338,101.100,70768.160,83617.379
983.357,99.100,70768.160,83617.379
984.376,101.100,70768.160,83617.379
985.395,100.100,70768.160,83617.379
986.414,99.100,70768.160,83617.379
987.433,100.100,70768.160,83617.379
988.452,100.100,70768.160,83617.379
989.471,100.100,70768.160,83617.379
990.490,100.100,70768.160,83617.379
991.509,100.100,70768.160,83617.379
992.528,100.100,70768.160,83617.379
993.547,100.100,70768.160,83617.379
994.566,100.100,70768.160,83617.379
995.585,100.100,70768.160,83617.379
996.604,100.100,70768.160,83617.379
997.623,100.100,70768.160,83617.379
998.642,100.100,70768.160,83617.379
999.661,99.100,70768.160,83617.379
1000.680,100.100,70768.160,83617.379
1001.698,101.200,70768.160,83617.379
1002.717,100.100,70768.160,83617.379
1003.736,100.100,70768.160,83617.379
1004.755,100.100,70768.160,83617.379
1005.773,100.100,70768.160,83617.379
1006.792,99.100,70768.160,83617.379
1007.811,101.100,70768.160,83617.379
1008.830,100.100,70768.160,83617.379
1009.849,100.100,70768.160,83617.379
1010.868,100.100,70768.160,83617.379
1011.887,99.200,70768.402,83617.379
1012.906,100.100,70768.410,83617.379
1013.924,100.100,70768.988,83617.379
1014.943,100.100,70768.988,83617.379
1015.962,101.100,70769.488,83617.379
1016.981,100.100,70769.520,83617.379
1018.000,99.100,70769.520,83617.379
1019.019,100.100,70770.027,83617.379
1020.038,100.100,70771.375,83617.379
1021.057,100.100,70772.711,83617.379
1022.076,100.100,70772.711,83617.379
1023.095,100.100,70772.711,83617.379
1024.114,100.100,70772.711,83617.379
1025.133,100.100,70772.711,83617.379
1026.152,100.100,70772.711,83617.379
1027.171,100.100,70772.711,83617.379
1028.189,100.100,70772.711,83617.379
1029.208,100.100,70772.711,83617.379
1030.227,100.100,70772.711,83617.379
1031.247,100.000,70772.711,83617.379
1032.266,100.100,70772.711,83617.379
1033.285,100.100,70772.711,83617.379
1034.304,100.100,70772.711,83617.379
1035.323,100.100,70772.711,83617.379
1036.342,100.100,70772.711,83617.379
1037.361,100.100,70772.711,83617.379
1038.379,100.100,70772.711,83617.379
1039.399,100.100,70772.711,83617.379
1040.417,100.100,70772.711,83617.379
1041.436,100.100,70772.711,83617.379
1042.455,100.100,70772.711,83617.379
1043.474,100.100,70772.711,83617.379
1044.493,100.100,70772.711,83617.379
1045.512,100.100,70772.711,83617.379
1046.531,100.100,70772.711,83617.379
1047.550,100.100,70772.711,83617.379
1048.569,99.100,70772.711,83617.379
1049.588,101.100,70772.711,83617.379
1050.607,99.100,70772.711,83617.379
1051.626,100.100,70772.711,83617.379
1052.644,100.100,70772.906,83617.379
1053.663,100.100,70772.906,83617.379
1054.682,101.100,70772.906,83617.379
1055.700,100.200,70772.906,83617.379
1056.719,99.100,70772.906,83617.379
1057.738,101.100,70772.906,83617.379
1058.757,99.100,70772.906,83617.379
1059.776,100.100,70772.906,83617.379
1060.795,100.100,70772.906,83617.379
1061.814,100.100,70772.906,83617.379
1062.833,100.100,70772.906,83617.379
1063.852,100.100,70772.906,83617.379
1064.871,100.100,70772.906,83617.379
1065.890,100.100,70772.906,83617.379
1066.909,100.100,70772.906,83617.379
1067.928,99.100,70772.906,83617.379
1068.947,101.100,70772.906,83617.379
1069.966,100.100,70772.906,83617.379
1070.984,100.100,70772.906,83617.379
1072.003,100.100,70772.906,83617.379
1073.022,100.100,70772.906,83617.379
1074.041,100.100,70772.906,83617.379
1075.060,100.100,70772.906,83617.379
1076.079,100.100,70772.906,83617.379
1077.098,100.100,70772.906,83617.379
1078.117,100.100,70772.906,83617.379
1079.136,99.100,70772.906,83617.379
1080.156,101.100,70772.906,83617.379
1081.175,100.100,70772.906,83617.379
1082.194,99.100,70772.906,83617.379
1083.213,100.100,70772.906,83617.379
1084.232,101.100,70772.906,83617.379
1085.251,99.100,70772.906,83617.379
1086.270,100.100,70772.906,83617.379
1087.289,101.100,70772.906,83617.379
1088.308,99.100,70772.906,83617.379
1089.327,100.100,70772.906,83617.379
1090.346,101.100,70772.906,83617.379
1091.366,100.100,70772.906,83617.379
1092.383,100.200,70772.906,83617.379
1093.402,99.100,70772.906,83617.379
1094.421,100.100,70772.906,83617.379
1095.440,100.100,70772.906,83617.379
1096.459,100.100,70772.906,83617.379
1097.478,100.100,70772.906,83617.379
1098.497,100.100,70772.906,83617.379
1099.516,100.100,70772.906,83617.379
1100.535,100.100,70772.906,83617.379
1101.554,100.100,70773.984,83617.379
1102.573,100.100,70773.988,83617.379
1103.592,100.100,70774.223,83617.379
1104.611,100.100,70774.223,83617.379
1105.629,101.100,70774.254,83617.379
1106.648,99.100,70774.254,83617.379
1107.667,101.100,70774.254,83617.379
1108.686,99.100,70774.254,83617.379
1109.704,100.200,70774.254,83617.379
1110.723,100.100,70774.254,83617.379
1111.742,100.100,70774.254,83617.379
1112.761,100.100,70774.254,83617.379
1113.780,100.100,70774.254,83617.379
1114.799,100.100,70774.254,83617.379
1115.818,100.100,70774.254,83617.379
1116.837,100.100,70774.254,83617.379
1117.856,100.100,70774.254,83617.379
1118.875,100.100,70774.254,83617.379
1119.893,100.100,70774.254,83617.379
1120.912,99.100,70774.254,83617.379
1121.931,100.100,70774.254,83617.379
1122.951,101.100,70774.254,83617.379
1123.969,100.100,70774.254,83617.379
1124.988,99.100,70774.254,83617.379
1126.007,101.100,70774.254,83617.379
1127.026,100.100,70774.254,83617.379
1128.045,99.100,70774.254,83617.379
1129.064,101.100,70774.254,83617.379
1130.082,99.100,70774.254,83617.379
1131.101,101.100,70774.254,83617.379
1132.120,99.100,70774.254,83617.379
1133.139,100.100,70774.254,83617.379
1134.158,100.100,70774.254,83617.379
1135.177,100.100,70787.895,83659.098
1136.196,100.100,70815.980,83659.098
1137.215,100.100,70815.980,83659.098
1138.234,100.100,70815.980,83659.098
1139.253,100.100,70818.039,83659.098
1140.272,100.100,70818.039,83659.098
1141.291,100.100,70820.043,83659.098
1142.309,99.100,70820.051,83659.098
1143.328,101.100,70821.957,83659.098
1144.347,99.100,70821.957,83659.098
1145.366,101.100,70822.090,83659.098
1146.385,99.100,70822.090,83659.098
1147.404,101.100,70822.098,83659.098
1148.423,99.100,70822.098,83659.098
1149.442,101.100,70822.098,83659.098
1150.461,100.100,70822.098,83659.098
1151.480,99.100,70822.098,83659.098
1152.499,101.100,70822.098,83659.098
1153.518,99.100,70822.098,83659.098
1154.537,101.100,70822.098,83659.098
1155.556,99.100,70822.098,83659.098
1156.575,100.100,70822.098,83659.098
1157.594,101.100,70822.098,83659.098
1158.613,99.100,70822.098,83659.098
1159.632,100.100,70822.098,83659.098
1160.651,101.100,70822.098,83659.098
1161.669,99.100,70822.098,83659.098
1162.688,101.100,70822.098,83659.098
1163.706,99.200,70822.098,83659.098
1164.724,100.100,70822.098,83659.098
1165.743,100.100,70822.098,83659.098
1166.762,99.100,70822.098,83659.098
1167.781,101.100,70822.098,83659.098
1168.800,100.100,70822.098,83659.098
1169.819,100.100,70822.098,83659.098
1170.838,100.100,70822.098,83659.098
1171.857,100.100,70824.809,83659.098
1172.876,100.100,70824.820,83659.098
1173.895,100.100,70826.668,83659.098
1174.913,99.100,70826.824,83659.098
1175.932,100.100,70827.664,83659.098
1176.951,100.100,70827.980,83659.098
1177.970,101.100,70828.176,83659.098
1178.989,99.100,70830.266,83659.098
1180.008,100.100,70830.270,83659.098
1181.027,101.100,70831.516,83659.098
1182.046,100.100,70831.516,83659.098
1183.065,100.100,70831.594,83659.098
1184.084,100.100,70831.594,83659.098
1185.103,99.100,70831.594,83659.098
1186.122,100.100,70831.594,83659.098
1187.141,101.100,70831.594,83659.098
1188.159,99.100,70831.594,83659.098
1189.178,101.100,70831.594,83659.098
1190.197,99.100,70831.594,83659.098
1191.216,101.100,70831.594,83659.098
1192.235,100.100,70831.594,83659.098
1193.254,99.100,70831.594,83659.098
1194.273,100.100,70831.594,83659.098
1195.291,100.100,70831.594,83659.098
1196.310,100.100,70831.594,83659.098
1197.329,100.100,70831.594,83659.098
1198.348,100.100,70831.594,83659.098
1199.367,100.100,70831.594,83659.098
1200.386,100.100,70831.594,83659.098
1201.405,100.100,70831.594,83659.098
1202.424,100.100,70831.594,83659.098
1203.443,100.100,70831.594,83659.098
1204.462,100.100,70831.594,83659.098
1205.481,100.100,70831.594,83659.098
1206.500,100.100,70831.594,83659.098
1207.519,100.100,70831.594,83659.098
1208.538,100.100,70831.594,83659.098
1209.556,100.100,70831.594,83659.098
1210.575,100.100,70831.594,83659.098
1211.594,100.100,70831.594,83659.098
1212.613,100.100,70831.594,83659.098
1213.632,99.100,70831.594,83659.098
1214.651,101.100,70831.594,83659.098
1215.670,100.100,70831.594,83659.098
1216.689,100.100,70831.594,83659.098
1217.706,100.200,70831.594,83659.098
1218.725,99.100,70831.594,83659.098
1219.744,101.100,70831.594,83659.098
1220.763,99.100,70831.594,83659.098
1221.782,100.100,70831.594,83659.098
1222.801,100.100,70831.594,83659.098
1223.820,100.100,70831.594,83659.098
1224.838,100.100,70831.949,83659.098
1225.857,100.100,70831.949,83659.098
1226.876,100.100,70832.047,83659.098
1227.895,100.100,70792.613,83619.664
1228.914,100.100,70792.613,83619.664
1229.933,100.100,70792.613,83619.664
1230.952,100.100,70792.613,83619.664
1231.971,100.100,70792.613,83619.664
1232.990,100.100,70792.613,83619.664
1234.009,100.100,70792.613,83619.664
1235.028,100.100,70792.613,83619.664
1236.047,100.100,70792.613,83619.664
1237.066,100.100,70792.613,83619.664
1238.085,100.100,70792.613,83619.664
1239.104,100.100,70792.613,83619.664
1240.123,100.100,70792.613,83619.664
1241.142,100.100,70792.613,83619.664
1242.161,100.100,70792.613,83619.664
1243.179,100.100,70792.613,83619.664
1244.198,99.100,70792.613,83619.664
1245.217,101.100,70792.613,83619.664
1246.236,100.100,70792.613,83619.664
1247.255,99.100,70792.613,83619.664
1248.274,101.100,70792.613,83619.664
1249.293,100.100,70792.613,83619.664
1250.311,99.100,70792.613,83619.664
1251.330,101.100,70792.613,83619.664
1252.349,99.100,70792.613,83619.664
1253.368,100.100,70792.613,83619.664
1254.387,100.100,70792.613,83619.664
1255.406,100.100,70792.613,83619.664
1256.424,100.100,70792.613,83619.664
1257.444,100.100,70792.613,83619.664
1258.462,101.100,70792.613,83619.664
1259.481,99.100,70792.613,83619.664
1260.500,100.100,70792.613,83619.664
1261.519,100.100,70792.613,83619.664
1262.538,100.100,70792.613,83619.664
1263.557,100.100,70792.613,83619.664
1264.576,100.100,70792.836,83619.664
1265.595,100.100,70792.840,83619.664
1266.614,100.100,70793.973,83619.664
1267.633,100.100,70793.984,83619.664
1268.652,100.100,70795.977,83619.664
1269.671,100.100,70796.156,83619.664
1270.689,100.200,70796.867,83619.664
1271.707,99.200,70796.867,83619.664
1272.726,100.100,70796.867,83619.664
1273.745,100.100,70796.867,83619.664
1274.764,101.100,70796.867,83619.664
1275.783,100.100,70796.867,83619.664
1276.802,99.100,70796.867,83619.664
1277.821,101.100,70796.879,83619.664
1278.840,99.100,70796.879,83619.664
1279.859,100.100,70796.879,83619.664
1280.877,100.100,70796.879,83619.664
1281.896,101.100,70796.879,83619.664
1282.915,99.100,70796.879,83619.664
1283.934,101.100,70796.879,83619.664
1284.953,100.100,70796.879,83619.664
1285.972,99.100,70796.879,83619.664
1286.990,101.100,70796.879,83619.664
1288.009,100.100,70796.879,83619.664
1289.028,99.100,70796.879,83619.664
1290.047,100.100,70796.879,83619.664
1291.066,100.100,70796.879,83619.664
1292.085,100.100,70796.887,83619.664
1293.104,100.100,70796.887,83619.664
1294.123,100.100,70796.887,83619.664
1295.142,100.100,70796.887,83619.664
1296.161,100.100,70796.887,83619.664
1297.180,100.100,70796.887,83619.664
1298.199,100.100,70796.887,83619.664
1299.217,99.100,70835.051,83657.543
1300.237,101.100,70835.051,83657.543
1301.255,100.100,70835.051,83657.543
1302.274,100.100,70835.082,83657.543
1303.293,99.100,70835.082,83657.543
1304.312,101.100,70835.082,83657.543
1305.331,99.100,70835.082,83657.543
1306.350,101.100,70835.105,83657.543
1307.369,99.100,70835.105,83657.543
1308.388,101.100,70835.105,83657.543
1309.407,100.100,70835.105,83657.543
1310.426,99.100,70835.105,83657.543
1311.444,100.100,70835.105,83657.543
1312.463,100.100,70835.105,83657.543
1313.482,100.100,70835.105,83657.543
1314.501,100.100,70835.105,83657.543
1315.520,100.100,70835.105,83657.543
1316.539,100.100,70835.105,83657.543
1317.557,100.100,70835.105,83657.543
1318.576,100.100,70835.105,83657.543
1319.595,100.100,70835.105,83657.543
1320.614,99.100,70835.105,83657.543
1321.633,101.100,70835.105,83657.543
1322.652,100.100,70835.105,83657.543
1323.671,100.100,70835.105,83657.543
1324.689,100.100,70835.105,83657.543
1325.707,100.200,70835.105,83657.543
1326.726,100.100,70835.105,83657.543
1327.745,99.100,70835.105,83657.543
1328.764,100.100,70835.105,83657.543
1329.783,101.100,70835.105,83657.543
1330.802,99.100,70835.105,83657.543
1331.821,100.100,70835.105,83657.543
1332.840,101.100,70835.105,83657.543
1333.859,99.100,70835.105,83657.543
1334.878,100.100,70835.105,83657.543
1335.897,100.100,70835.105,83657.543
1336.915,101.100,70835.105,83657.543
1337.934,99.100,70835.105,83657.543
1338.953,100.100,70835.105,83657.543
1339.972,101.100,70835.105,83657.543
1340.991,99.100,70835.105,83657.543
1342.010,101.100,70835.105,83657.543
1343.029,99.100,70835.105,83657.543
1344.047,100.100,70835.105,83657.543
1345.066,101.100,70835.105,83657.543
1346.085,99.100,70835.105,83657.543
1347.104,100.100,70835.105,83657.543
1348.123,100.100,70835.105,83657.543
1349.142,100.100,70836.125,83657.543
1350.161,100.100,70836.125,83657.543
1351.180,99.100,70837.277,83657.543
1352.198,101.100,70837.277,83657.543
1353.217,99.100,70837.277,83657.543
1354.236,101.100,70837.277,83657.543
1355.255,100.100,70837.277,83657.543
1356.274,100.100,70837.277,83657.543
1357.293,99.100,70837.277,83657.543
1358.312,100.100,70837.277,83657.543
1359.331,100.100,70837.277,83657.543
1360.350,100.100,70837.277,83657.543
1361.369,101.100,70837.277,83657.543
1362.385,100.300,70837.277,83657.543
1363.404,99.100,70837.277,83657.543
1364.423,100.100,70837.277,83657.543
1365.442,100.100,70837.277,83657.543
1366.461,101.100,70837.277,83657.543
1367.480,99.100,70837.277,83657.543
1368.499,100.100,70837.277,83657.543
1369.518,101.100,70837.277,83657.543
1370.537,99.100,70837.277,83657.543
1371.556,100.100,70837.277,83657.543
1372.574,99.100,70837.277,83657.543
1373.594,100.100,70837.340,83657.543
1374.613,99.100,70837.340,83657.543
1375.631,100.100,70837.340,83657.543
1376.651,101.000,70837.340,83657.543
1377.670,99.100,70837.340,83657.543
1378.682,100.700,70837.352,83657.543
1379.700,100.300,70837.352,83657.543
1380.719,100.100,70837.352,83657.543
1381.738,100.100,70837.352,83657.543
1382.757,99.100,70837.352,83657.543
1383.776,100.100,70837.352,83657.543
1384.795,101.100,70837.352,83657.543
1385.814,100.100,70837.352,83657.543
1386.833,99.100,70837.352,83657.543
1387.852,101.100,70837.352,83657.543
1388.871,100.100,70837.352,83657.543
1389.890,100.100,70837.352,83657.543
1390.909,99.100,70837.352,83657.543
1391.929,101.000,70837.352,83657.543
1392.948,100.100,70837.352,83657.543
1393.967,99.100,70837.352,83657.543
1394.986,100.100,70837.352,83657.543
1396.005,100.100,70837.352,83657.543
1397.024,101.100,70837.352,83657.543
1398.043,100.100,70837.352,83657.543
1399.062,100.100,70837.352,83657.543
1400.081,99.100,70837.352,83657.543
1401.100,101.100,70837.352,83657.543
1402.119,99.100,70837.352,83657.543
1403.138,100.100,70837.352,83657.543
1404.157,101.100,70837.352,83657.543
1405.176,99.100,70837.352,83657.543
1406.195,101.100,70837.352,83657.543
1407.214,100.100,70837.352,83657.543
1408.233,99.100,70837.352,83657.543
1409.252,100.100,70837.352,83657.543
1410.271,100.100,70837.352,83657.543
1411.290,100.100,70837.352,83657.543
1412.309,100.100,70837.352,83657.543
1413.329,100.100,70837.352,83657.543
1414.348,100.100,70837.352,83657.543
1415.366,101.100,70837.352,83657.543
1416.385,100.100,70837.352,83657.543
1417.405,99.100,70837.352,83657.543
1418.424,100.100,70837.352,83657.543
1419.443,101.100,70837.352,83657.543
1420.462,100.100,70837.352,83657.543
1421.481,99.100,70837.352,83657.543
1422.499,100.100,70837.352,83657.543
1423.518,101.100,70837.352,83657.543
1424.537,99.100,70837.352,83657.543
1425.556,100.100,70837.352,83657.543
1426.575,100.100,70837.352,83657.543
1427.594,100.100,70837.352,83657.543
1428.613,100.100,70837.352,83657.543
1429.632,100.100,70837.352,83657.543
1430.652,100.100,70838.582,83657.543
1431.671,100.100,70838.586,83657.543
1432.689,100.200,70838.699,83657.543
1433.707,99.200,70838.699,83657.543
1434.726,101.100,70838.699,83657.543
1435.745,99.100,70838.699,83657.543
1436.764,101.100,70838.699,83657.543
1437.783,99.100,70838.699,83657.543
1438.802,101.100,70838.699,83657.543
1439.821,100.100,70838.699,83657.543
1440.840,100.100,70838.699,83657.543
1441.859,100.100,70838.699,83657.543
1442.879,100.100,70838.699,83657.543
1443.898,99.100,70838.699,83657.543
1444.917,100.100,70838.699,83657.543
1445.936,100.100,70838.699,83657.543
1446.955,100.100,70838.699,83657.543
1447.974,100.100,70838.699,83657.543
1448.993,101.100,70838.699,83657.543
1450.012,98.100,70838.699,83657.543
1451.031,101.100,70838.699,83657.543
1452.050,100.000,70838.699,83657.543
1453.070,100.100,70838.699,83657.543
1454.088,100.100,70838.699,83657.543
1455.108,100.100,70838.699,83657.543
1456.127,100.100,70838.699,83657.543
1457.146,99.100,70839.223,83657.543
1458.165,101.100,70839.223,83657.543
1459.184,100.100,70839.223,83657.543
1460.203,100.100,70839.223,83657.543
1461.222,99.100,70839.223,83657.543
1462.241,100.100,70839.223,83657.543
1463.260,101.100,70839.223,83657.543
1464.278,99.100,70839.223,83657.543
1465.297,100.100,70839.223,83657.543
1466.317,100.100,70839.223,83657.543
1467.336,101.100,70839.223,83657.543
1468.355,100.100,70839.223,83657.543
1469.374,100.100,70839.223,83657.543
1470.393,99.100,70839.223,83657.543
1471.412,101.100,70759.625,83577.945
1472.432,99.100,70759.625,83577.945
1473.451,101.100,70759.625,83577.945
1474.470,100.100,70759.625,83577.945
1475.489,99.100,70759.625,83577.945
1476.508,100.100,70759.625,83577.945
1477.527,100.100,70759.625,83577.945
1478.546,100.100,70759.625,83577.945
1479.565,100.100,70759.625,83577.945
1480.584,100.100,70759.625,83577.945
1481.603,100.100,70759.625,83577.945
1482.623,101.100,70759.625,83577.945
1483.642,99.100,70759.625,83577.945
1484.661,101.100,70759.625,83577.945
1485.680,100.100,70759.625,83577.945
1486.697,99.200,70759.625,83577.945
1487.716,100.100,70759.625,83577.945
1488.736,100.100,70759.625,83577.945
1489.755,100.100,70759.625,83577.945
1490.774,100.100,70759.625,83577.945
1491.793,100.100,70759.625,83577.945
1492.812,100.100,70759.625,83577.945
1493.830,100.100,70759.625,83577.945
1494.849,100.100,70759.625,83577.945
1495.868,100.100,70759.625,83577.945
1496.887,100.100,70759.625,83577.945
1497.906,100.100,70759.625,83577.945
1498.925,100.100,70759.625,83577.945
1499.944,100.100,70759.625,83577.945
1500.963,99.100,70759.625,83577.945
1501.982,101.100,70759.625,83577.945
1503.001,100.100,70759.625,83577.945
1504.020,100.100,70759.625,83577.945
1505.039,99.100,70759.625,83577.945
1506.058,101.100,70759.625,83577.945
1507.077,99.100,70759.625,83577.945
1508.096,100.100,70759.625,83577.945
1509.115,101.100,70759.625,83577.945
1510.134,100.100,70759.625,83577.945
1511.153,99.100,70759.625,83577.945
1512.172,100.100,70759.625,83577.945
1513.191,100.100,70759.625,83577.945
1514.210,100.100,70759.625,83577.945
1515.229,100.100,70759.625,83577.945
1516.248,100.100,70759.625,83577.945
1517.267,100.100,70759.625,83577.945
1518.286,100.100,70759.625,83577.945
1519.305,100.100,70759.625,83577.945
1520.324,100.100,70759.625,83577.945
1521.343,100.100,70759.625,83577.945
1522.362,100.100,70759.625,83577.945
1523.381,100.100,70759.625,83577.945
1524.400,100.100,70759.625,83577.945
1525.419,101.100,70759.625,83577.945
1526.438,100.100,70759.625,83577.945
1527.457,99.100,70759.625,83577.945
1528.476,100.100,70759.625,83577.945
1529.495,100.100,70759.625,83577.945
1530.514,100.100,70759.625,83577.945
1531.533,100.100,70759.625,83577.945
1532.552,100.100,70759.625,83577.945
1533.571,100.100,70759.625,83577.945
1534.590,100.100,70759.625,83577.945
1535.608,100.100,70759.625,83577.945
1536.627,100.100,70759.625,83577.945
1537.646,100.100,70759.625,83577.945
1538.665,100.100,70759.625,83577.945
1539.684,100.100,70759.625,83577.945
1540.702,100.200,70759.625,83577.945
1541.721,99.100,70759.625,83577.945
1542.740,101.100,70759.625,83577.945
1543.759,99.100,70759.625,83577.945
1544.778,101.100,70759.625,83577.945
1545.797,99.100,70759.625,83577.945
1546.816,100.100,70759.625,83577.945
1547.834,101.100,70759.625,83577.945
1548.853,99.100,70759.625,83577.945
1549.872,100.100,70759.625,83577.945
1550.891,101.100,70759.625,83577.945
1551.910,100.100,70759.625,83577.945
1552.929,99.100,70759.625,83577.945
1553.948,101.100,70759.625,83577.945
1554.967,100.100,70759.625,83577.945
1555.986,99.100,70759.625,83577.945
1557.004,101.100,70759.625,83577.945
1558.023,99.100,70759.625,83577.945
1559.042,100.100,70759.625,83577.945
1560.061,100.100,70759.625,83577.945
1561.080,100.100,70759.625,83577.945
1562.099,100.100,70759.625,83577.945
1563.118,100.100,70759.625,83577.945
1564.137,100.100,70759.625,83577.945
1565.156,100.100,70759.625,83577.945
1566.175,100.100,70759.625,83577.945
1567.194,100.100,70759.625,83577.945
1568.213,100.100,70759.625,83577.945
1569.232,100.100,70759.625,83577.945
1570.251,100.100,70759.625,83577.945
1571.270,100.100,70759.625,83577.945
1572.289,100.100,70759.625,83577.945
1573.308,100.100,70759.625,83577.945
1574.327,100.100,70759.625,83577.945
1575.346,100.100,70759.625,83577.945
1576.365,100.100,70759.625,83577.945
1577.384,100.100,70759.625,83577.945
1578.403,100.100,70759.625,83577.945
1579.422,99.100,70759.625,83577.945
1580.441,100.100,70759.625,83577.945
1581.460,101.100,70759.625,83577.945
1582.479,100.100,70759.625,83577.945
1583.497,100.100,70759.625,83577.945
1584.516,100.100,70759.625,83577.945
1585.535,99.100,70759.625,83577.945
1586.554,100.100,70759.625,83577.945
1587.573,100.100,70759.625,83577.945
1588.592,100.100,70759.625,83577.945
1589.611,100.100,70759.625,83577.945
1590.630,101.100,70759.625,83577.945
1591.649,100.100,70759.625,83577.945
1592.668,99.100,70759.625,83577.945
1593.687,100.100,70759.625,83577.945
1594.705,100.200,70759.625,83577.945
1595.724,100.100,70801.445,83623.621
1596.743,100.100,70805.301,83623.621
1597.762,99.100,70808.500,83623.621
1598.781,101.100,70808.500,83623.621
1599.800,100.100,70808.676,83623.621
1600.819,100.100,70810.168,83623.621
1601.838,100.100,70810.258,83623.621
1602.857,100.100,70811.926,83623.621
1603.876,100.100,70812.055,83623.621
1604.895,100.100,70813.750,83623.621
1605.914,100.100,70813.859,83623.621
1606.933,100.100,70813.859,83623.621
1607.951,100.100,70813.859,83623.621
1608.970,99.100,70816.273,83623.621
1609.989,101.100,70816.320,83623.621
1611.008,100.100,70818.465,83623.621
1612.027,99.100,70818.535,83623.621
1613.046,98.100,70819.250,83623.621
1614.065,100.100,70819.250,83623.621
1615.084,101.100,70820.980,83623.621
1616.103,99.100,70820.980,83623.621
1617.122,100.100,70821.922,83623.621
1618.141,100.100,70821.922,83623.621
1619.160,100.100,70821.969,83623.621
1620.179,100.100,70821.969,83623.621
1621.198,98.100,70821.969,83623.621
1622.217,100.100,70821.969,83623.621
1623.236,100.100,70821.969,83623.621
1624.256,100.100,70821.969,83623.621
1625.275,100.100,70821.969,83623.621
1626.294,100.100,70821.969,83623.621
1627.313,100.100,70821.969,83623.621
1628.332,100.100,70821.969,83623.621
1629.351,100.100,70821.969,83623.621
1630.370,99.100,70821.969,83623.621
1631.389,101.100,70821.969,83623.621
1632.408,100.100,70821.969,83623.621
1633.427,99.100,70821.969,83623.621
1634.446,101.100,70826.738,83623.621
1635.465,99.100,70826.742,83623.621
1636.485,101.100,70829.938,83623.621
1637.504,99.100,70829.973,83623.621
1638.523,101.100,70831.586,83623.621
1639.541,99.100,70831.598,83623.621
1640.561,101.100,70832.062,83623.621
1641.580,100.100,70832.094,83623.621
1642.599,100.100,70834.574,83623.621
1643.618,100.100,70834.586,83623.621
1644.637,100.100,70834.945,83623.621
1645.656,99.100,70834.945,83623.621
1646.675,100.100,70835.008,83623.621
1647.692,100.200,70835.008,83623.621
1648.710,100.200,70835.008,83623.621
1649.729,100.100,70835.008,83623.621
1650.749,100.100,70837.172,83623.621
1651.767,100.100,70837.172,83623.621
1652.786,100.100,70838.742,83623.621
1653.806,100.100,70838.742,83623.621
1654.825,100.100,70840.629,83623.621
1655.844,101.100,70840.629,83623.621
1656.862,99.200,70841.867,83623.621
1657.881,100.100,70841.867,83623.621
1658.900,100.100,70846.570,83623.621
1659.920,100.100,70846.578,83623.621
1660.939,100.100,70848.449,83623.621
1661.958,100.100,70848.449,83623.621
1662.977,100.100,70848.457,83623.621
1663.996,100.100,70848.457,83623.621
1665.015,100.100,70848.457,83623.621
1666.034,100.100,70848.457,83623.621
1667.054,100.100,70848.457,83623.621
1668.073,100.100,70848.457,83623.621
1669.092,100.100,70848.457,83623.621
1670.111,100.100,70848.457,83623.621
1671.130,100.100,70848.457,83623.621
1672.149,100.100,70848.457,83623.621
1673.168,100.100,70848.457,83623.621
1674.187,99.100,70848.457,83623.621
1675.206,100.100,70848.457,83623.621
1676.226,101.100,70848.457,83623.621
1677.245,99.100,70848.457,83623.621
1678.264,101.100,70848.457,83623.621
1679.283,100.100,70848.457,83623.621
1680.302,100.100,70848.457,83623.621
1681.322,100.100,70848.457,83623.621
1682.341,100.100,70848.457,83623.621
1683.360,100.100,70848.457,83623.621
1684.379,100.100,70848.457,83623.621
1685.398,100.100,70848.492,83623.621
1686.417,99.100,70848.492,83623.621
1687.436,100.100,70848.492,83623.621
1688.455,100.100,70848.492,83623.621
1689.475,101.100,70848.492,83623.621
1690.494,99.100,70848.492,83623.621
1691.513,100.100,70848.699,83623.621
1692.532,101.000,70848.699,83623.621
1693.552,100.100,70848.699,83623.621
1694.571,99.100,70848.699,83623.621
1695.590,100.100,70848.699,83623.621
1696.609,100.100,70848.699,83623.621
1697.628,101.100,70848.699,83623.621
1698.647,99.100,70848.699,83623.621
1699.667,100.100,70848.699,83623.621
1700.686,100.100,70848.699,83623.621
1701.704,100.200,70848.699,83623.621
1702.723,100.100,70849.336,83623.621
1703.741,100.100,70849.367,83623.621
1704.760,100.100,70849.926,83623.621
1705.780,100.100,70849.934,83623.621
1706.799,100.100,70849.934,83623.621
1707.818,100.100,70850.031,83623.621
1708.837,100.100,70850.031,83623.621
1709.856,100.100,70850.031,83623.621
1710.876,100.100,70850.031,83623.621
1711.894,99.100,70850.047,83623.621
1712.914,101.100,70850.047,83623.621
1713.933,100.100,70850.047,83623.621
1714.952,100.100,70850.047,83623.621
1715.971,100.100,70850.047,83623.621
1716.990,100.100,70850.047,83623.621
1718.009,100.100,70850.047,83623.621
1719.028,100.100,70850.047,83623.621
1720.048,100.100,70850.047,83623.621
1721.067,100.100,70850.059,83623.621
1722.086,100.100,70850.059,83623.621
1723.105,100.100,70850.059,83623.621
1724.124,100.100,70850.059,83623.621
1725.143,100.100,70850.059,83623.621
1726.162,100.100,70850.059,83623.621
1727.181,100.100,70850.059,83623.621
1728.200,100.100,70850.059,83623.621
1729.219,99.100,70850.059,83623.621
1730.238,101.100,70850.059,83623.621
1731.257,100.100,70850.059,83623.621
1732.276,100.100,70850.059,83623.621
1733.295,99.100,70850.059,83623.621
1734.313,100.100,70850.059,83623.621
1735.333,101.100,70850.059,83623.621
1736.352,100.100,70850.059,83623.621
1737.371,99.100,70852.223,83623.621
1738.390,100.100,70852.223,83623.621
1739.409,100.100,70852.289,83623.621
1740.428,101.100,70852.289,83623.621
1741.447,99.100,70852.289,83623.621
1742.466,100.100,70852.289,83623.621
1743.485,100.100,70855.102,83623.621
1744.504,100.100,70855.102,83623.621
1745.523,100.100,70855.109,83623.621
1746.542,100.100,70855.109,83623.621
1747.561,100.100,70855.109,83623.621
1748.580,100.100,70855.109,83623.621
1749.599,100.100,70855.109,83623.621
1750.618,100.100,70855.109,83623.621
1751.637,100.100,70855.109,83623.621
1752.657,100.100,70855.109,83623.621
1753.676,100.100,70855.109,83623.621
1754.694,100.200,70855.109,83623.621
1755.712,100.200,70855.109,83623.621
1756.731,100.100,70855.109,83623.621
1757.750,99.100,70855.109,83623.621
1758.769,101.100,70855.109,83623.621
1759.788,99.100,70855.109,83623.621
1760.807,101.100,70855.109,83623.621
1761.826,100.100,70855.109,83623.621
1762.845,99.100,70855.109,83623.621
1763.864,101.100,70855.109,83623.621
1764.883,99.100,70855.109,83623.621
1765.902,101.100,70855.109,83623.621
1766.921,100.100,70855.109,83623.621
1767.940,100.100,70855.109,83623.621
1768.959,99.100,70855.109,83623.621
1769.978,100.100,70855.109,83623.621
1770.997,101.100,70855.109,83623.621
1772.016,99.100,70855.109,83623.621
1773.035,101.100,70855.109,83623.621
1774.054,100.100,70855.109,83623.621
1775.074,99.100,70855.109,83623.621
1776.093,100.100,70855.109,83623.621
1777.112,100.100,70855.109,83623.621
1778.131,100.100,70855.109,83623.621
1779.150,100.100,70855.109,83623.621
1780.169,100.100,70855.109,83623.621
1781.188,100.100,70855.109,83623.621
1782.207,100.100,70855.109,83623.621
1783.226,100.100,70855.109,83623.621
1784.245,100.100,70855.109,83623.621
1785.264,100.100,70855.109,83623.621
1786.283,100.100,70855.109,83623.621
1787.302,100.100,70855.109,83623.621
1788.321,101.100,70855.109,83623.621
1789.341,99.100,70855.109,83623.621
1790.360,100.100,70855.109,83623.621
1791.379,100.100,70855.109,83623.621
1792.398,100.100,70855.109,83623.621
1793.417,100.100,70855.109,83623.621
1794.435,100.100,70855.109,83623.621
1795.454,100.100,70855.109,83623.621
1796.473,100.100,70855.109,83623.621
1797.493,100.100,70855.109,83623.621
1798.512,100.100,70855.109,83623.621
1799.531,100.100,70855.109,83623.621
1800.550,100.100,70855.109,83623.621
1801.569,100.100,70855.109,83623.621
1802.588,100.100,70855.109,83623.621
1803.607,100.100,70855.109,83623.621
1804.626,99.100,70855.109,83623.621
1805.645,101.100,70855.109,83623.621
1806.665,99.100,70855.109,83623.621
1807.684,100.100,70855.109,83623.621
1808.702,101.200,70855.109,83623.621
1809.721,100.100,70855.109,83623.621
1810.740,100.100,70855.109,83623.621
1811.759,100.100,70855.109,83623.621
1812.778,100.100,70855.109,83623.621
1813.797,99.100,70855.109,83623.621
1814.816,100.100,70855.109,83623.621
1815.836,101.100,70855.109,83623.621
1816.855,99.100,70855.109,83623.621
1817.874,101.100,70855.109,83623.621
1818.893,100.100,70855.109,83623.621
1819.912,99.100,70855.109,83623.621
1820.931,100.100,70855.109,83623.621
1821.950,100.100,70855.109,83623.621
1822.969,100.100,70855.109,83623.621
1823.988,101.100,70855.109,83623.621
1825.007,99.100,70855.109,83623.621
1826.026,101.100,70855.109,83623.621
1827.045,99.100,70855.109,83623.621
1828.064,100.100,70855.109,83623.621
1829.083,101.100,70855.109,83623.621
1830.102,100.100,70855.109,83623.621
1831.121,99.100,70855.109,83623.621
1832.140,100.100,70855.109,83623.621
1833.159,100.100,70855.109,83623.621
1834.179,100.100,70855.109,83623.621
1835.198,100.100,70855.109,83623.621
1836.217,100.100,70855.109,83623.621
1837.236,100.100,70855.109,83623.621
1838.255,100.100,70855.109,83623.621
1839.274,100.100,70855.109,83623.621
1840.293,100.100,70855.109,83623.621
1841.312,100.100,70855.109,83623.621
1842.332,100.100,70855.109,83623.621
1843.351,100.100,70855.109,83623.621
1844.370,100.100,70855.109,83623.621
1845.389,100.100,70855.109,83623.621
1846.408,101.100,70855.109,83623.621
1847.427,99.100,70855.109,83623.621
1848.446,100.100,70855.109,83623.621
1849.465,101.100,70855.109,83623.621
1850.484,99.100,70855.109,83623.621
1851.503,100.100,70855.109,83623.621
1852.522,100.100,70855.109,83623.621
1853.541,100.100,70855.109,83623.621
1854.560,100.100,70855.109,83623.621
1855.579,101.100,70855.109,83623.621
1856.598,99.100,70855.109,83623.621
1857.617,100.100,70855.109,83623.621
1858.637,100.100,70855.109,83623.621
1859.655,100.100,70855.109,83623.621
1860.675,100.100,70855.109,83623.621
1861.693,100.200,70855.109,83623.621
1862.710,99.300,70855.109,83623.621
1863.729,100.100,70855.109,83623.621
1864.748,101.100,70855.109,83623.621
1865.767,100.100,70855.109,83623.621
1866.786,100.100,70855.109,83623.621
1867.806,99.100,70855.109,83623.621
1868.825,101.100,70855.109,83623.621
1869.844,100.100,70855.109,83623.621
1870.863,100.100,70855.109,83623.621
1871.882,100.100,70855.109,83623.621
1872.901,100.000,70855.109,83623.621
1873.920,100.100,70855.109,83623.621
1874.940,99.100,70855.109,83623.621
1875.959,101.100,70855.109,83623.621
1876.978,100.100,70855.109,83623.621
1877.997,100.100,70855.109,83623.621
1879.016,100.100,70855.109,83623.621
1880.035,100.100,70855.109,83623.621
1881.054,100.100,70855.109,83623.621
1882.073,100.100,70855.109,83623.621
1883.092,100.100,70855.109,83623.621
1884.111,100.100,70855.109,83623.621
1885.130,100.100,70855.109,83623.621
1886.149,100.100,70855.109,83623.621
1887.168,99.100,70855.109,83623.621
1888.187,101.100,70855.109,83623.621
1889.206,100.100,70855.109,83623.621
1890.225,99.100,70855.109,83623.621
1891.244,100.100,70855.109,83623.621
1892.263,101.100,70855.109,83623.621
1893.282,100.100,70855.109,83623.621
1894.301,100.100,70855.109,83623.621
1895.320,100.100,70855.109,83623.621
1896.340,100.100,70855.109,83623.621
1897.359,99.100,70855.109,83623.621
1898.378,100.100,70855.109,83623.621
1899.397,100.100,70855.109,83623.621
1900.416,101.100,70855.109,83623.621
1901.435,100.100,70855.109,83623.621
1902.452,99.300,70855.109,83623.621
1903.471,100.100,70855.109,83623.621
1904.490,100.100,70855.109,83623.621
1905.509,100.100,70855.109,83623.621
1906.529,100.100,70855.109,83623.621
1907.548,100.100,70855.109,83623.621
1908.567,100.100,70855.109,83623.621
1909.586,100.100,70855.109,83623.621
1910.605,99.100,70915.336,83683.848
1911.624,101.100,70915.336,83683.848
1912.643,100.100,70915.336,83683.848
1913.662,99.100,70940.316,83683.848
1914.681,101.100,70940.355,83683.848
1915.699,100.200,70954.094,83683.848
1916.717,100.100,70962.477,83683.848
1917.737,100.100,70962.723,83683.848
1918.756,99.100,70979.395,83683.848
1919.775,101.100,70979.445,83683.848
1920.794,100.100,70992.031,83683.848
1921.813,100.100,70992.031,83683.848
1922.832,100.100,70995.711,83683.848
1923.851,99.100,71004.359,83683.848
1924.870,101.100,71004.422,83683.848
1925.889,99.100,71012.457,83683.848
1926.908,100.100,71012.473,83683.848
1927.927,100.100,71017.312,83683.848
1928.947,100.100,71017.312,83683.848
1929.966,100.100,71019.863,83683.848
1930.985,101.100,71022.027,83683.848
1932.004,99.100,71022.074,83683.848
1933.023,101.000,71026.512,83683.848
1934.042,100.100,71026.551,83683.848
1935.061,99.100,71031.027,83683.848
1936.081,100.100,71031.047,83683.848
1937.100,100.100,71032.730,83683.848
1938.119,101.100,71032.738,83683.848
1939.138,99.100,71032.738,83683.848
1940.157,100.100,71032.773,83683.848
1941.176,100.100,71032.773,83683.848
1942.195,100.100,71033.141,83683.848
1943.214,100.100,71033.141,83683.848
1944.232,100.100,71036.738,83683.848
1945.251,100.100,71036.738,83683.848
1946.271,100.100,70991.062,83638.172
1947.290,101.100,70991.066,83638.172
1948.309,99.100,70997.109,83638.172
1949.328,100.100,70997.117,83638.172
1950.347,100.100,71000.562,83638.172
1951.366,100.100,71000.566,83638.172
1952.386,100.100,71000.586,83638.172
1953.405,100.100,71002.055,83638.172
1954.424,101.100,71002.055,83638.172
1955.443,99.100,71009.477,83638.172
1956.462,100.100,71009.477,83638.172
1957.481,100.100,71010.566,83638.172
1958.500,100.100,71010.566,83638.172
1959.519,100.100,71010.566,83638.172
1960.538,100.100,71012.145,83638.172
1961.557,100.100,71012.145,83638.172
1962.576,101.100,71014.660,83638.172
1963.595,99.100,71014.660,83638.172
1964.614,101.100,71016.902,83638.172
1965.633,99.100,71016.902,83638.172
1966.653,100.100,71016.902,83638.172
1967.671,100.100,71018.078,83638.172
1968.690,99.200,71018.078,83638.172
1969.708,100.200,71018.086,83638.172
1970.727,101.100,71018.086,83638.172
1971.746,100.100,71018.098,83638.172
1972.765,100.100,71018.098,83638.172
1973.784,100.100,71018.406,83638.172
1974.803,100.100,71018.406,83638.172
1975.822,100.100,71020.133,83638.172
1976.841,100.100,71020.492,83638.172
1977.860,100.100,71020.500,83638.172
1978.879,100.100,71021.055,83638.172
1979.898,99.100,71021.055,83638.172
1980.917,101.100,71023.039,83638.172
1981.936,100.100,71023.039,83638.172
1982.955,100.100,71027.117,83638.172
1983.974,100.100,71027.117,83638.172
1984.994,99.100,71027.180,83638.172
1986.013,100.100,71027.230,83638.172
1987.032,100.100,71027.230,83638.172
1988.051,100.100,71029.531,83638.172
1989.070,100.100,71029.543,83638.172
1990.089,100.100,71036.020,83638.172
1991.108,100.100,71036.020,83638.172
1992.127,101.100,71036.020,83638.172
1993.147,99.100,71036.020,83638.172
1994.166,100.100,71036.020,83638.172
1995.185,101.000,71036.020,83638.172
1996.204,99.100,71036.020,83638.172
1997.223,100.100,71036.020,83638.172
1998.242,100.100,71036.020,83638.172
1999.261,100.100,71036.020,83638.172
2000.281,100.100,71036.020,83638.172
2001.300,101.100,71037.020,83638.172
2002.319,100.100,71037.023,83638.172
2003.338,99.100,71038.117,83638.172
2004.357,100.100,71038.117,83638.172
2005.376,100.100,71040.051,83638.172
2006.395,100.100,71040.051,83638.172
2007.414,101.100,71040.086,83638.172
2008.433,99.100,71042.832,83638.172
2009.452,100.100,71042.840,83638.172
2010.471,100.100,71045.191,83638.172
2011.490,100.100,71045.191,83638.172
2012.510,100.100,71046.242,83638.172
2013.529,100.100,71046.242,83638.172
2014.548,100.100,71046.242,83638.172
2015.567,100.100,71046.910,83638.172
2016.586,100.100,71046.918,83638.172
2017.605,100.100,71047.125,83638.172
2018.624,99.100,71047.125,83638.172
2019.643,101.100,71049.230,83638.172
2020.663,100.100,71049.230,83638.172
2021.682,100.100,71051.832,83638.172
2022.700,100.200,71051.832,83638.172
2023.719,100.100,71051.832,83638.172
2024.738,100.100,71052.535,83638.172
2025.757,99.100,71052.535,83638.172
2026.776,101.100,71052.551,83638.172
2027.795,99.100,71052.551,83638.172
2028.814,101.100,71052.668,83638.172
2029.833,99.100,71052.668,83638.172
2030.852,100.100,71052.668,83638.172
2031.871,100.100,71053.625,83638.172
2032.890,100.100,71053.625,83638.172
2033.908,101.100,71055.574,83638.172
2034.927,100.100,71055.574,83638.172
2035.946,99.100,71055.824,83638.172
2036.965,100.100,71055.824,83638.172
2037.984,101.100,71057.445,83638.172
2039.004,99.100,71057.445,83638.172
2040.023,101.100,71059.297,83638.172
2041.042,99.100,71067.215,83638.172
2042.061,100.100,71067.227,83638.172
2043.080,100.100,71069.996,83638.172
2044.099,100.100,71070.000,83638.172
2045.118,100.100,71070.176,83638.172
2046.137,101.100,71070.176,83638.172
2047.156,99.100,71070.184,83638.172
2048.175,100.100,71070.184,83638.172
2049.194,100.100,71070.184,83638.172
2050.213,100.100,71070.184,83638.172
2051.232,100.100,71070.184,83638.172
2052.251,100.100,71070.184,83638.172
2053.271,100.100,71070.184,83638.172
2054.290,100.100,71070.184,83638.172
2055.309,100.100,71070.184,83638.172
2056.328,100.100,71070.184,83638.172
2057.347,100.100,71070.184,83638.172
2058.366,100.100,71070.184,83638.172
2059.385,100.100,71070.184,83638.172
2060.404,100.100,71070.184,83638.172
2061.423,100.100,71070.184,83638.172
2062.442,100.100,71070.184,83638.172
2063.461,100.100,71070.184,83638.172
2064.480,100.100,71070.184,83638.172
2065.499,100.100,71070.184,83638.172
2066.518,100.100,71070.211,83638.172
2067.537,100.100,71070.211,83638.172
2068.556,100.100,71070.211,83638.172
2069.576,100.100,71070.211,83638.172
2070.595,100.100,71070.211,83638.172
2071.614,100.100,71070.211,83638.172
2072.633,100.100,71070.211,83638.172
2073.652,100.100,71070.211,83638.172
2074.671,100.100,71070.211,83638.172
2075.689,100.100,71073.480,83638.172
2076.707,100.200,71073.492,83638.172
2077.726,100.100,71073.492,83638.172
2078.745,100.100,71073.492,83638.172
2079.764,100.100,71073.492,83638.172
2080.783,99.100,71073.492,83638.172
2081.803,101.100,71073.492,83638.172
2082.822,99.100,71073.492,83638.172
2083.841,101.100,71073.785,83638.172
2084.860,100.100,71073.785,83638.172
2085.879,99.100,71073.785,83638.172
2086.898,100.100,71073.785,83638.172
2087.918,100.100,71073.785,83638.172
2088.937,100.100,71073.785,83638.172
2089.956,100.100,71073.785,83638.172
2090.975,101.100,71073.895,83638.172
2091.994,99.100,71073.895,83638.172
2093.013,100.100,71073.895,83638.172
2094.033,101.000,71073.895,83638.172
2095.052,99.100,71073.895,83638.172
2096.071,100.100,71073.895,83638.172
2097.090,101.100,71073.895,83638.172
2098.110,99.100,71074.035,83638.172
2099.129,100.100,71074.035,83638.172
2100.148,100.100,71074.035,83638.172
2101.167,100.100,71074.035,83638.172
2102.186,101.100,71074.035,83638.172
2103.205,99.100,71074.035,83638.172
2104.225,100.100,71074.035,83638.172
2105.244,100.100,71074.035,83638.172
2106.263,100.100,71074.035,83638.172
2107.282,100.100,71074.035,83638.172
2108.301,100.100,71074.035,83638.172
2109.320,100.100,71074.035,83638.172
2110.339,100.100,71074.035,83638.172
2111.359,100.100,71074.035,83638.172
2112.378,100.100,71074.035,83638.172
2113.397,100.100,71074.035,83638.172
2114.416,100.100,71074.035,83638.172
2115.435,100.100,71074.035,83638.172
2116.455,100.100,71074.035,83638.172
2117.474,99.100,71074.035,83638.172
2118.493,101.100,71074.035,83638.172
2119.512,100.100,71074.035,83638.172
2120.531,99.100,71074.035,83638.172
2121.550,101.100,71074.035,83638.172
2122.569,100.100,71074.035,83638.172
2123.588,100.100,71074.035,83638.172
2124.607,99.100,71074.035,83638.172
2125.626,100.100,71074.035,83638.172
2126.646,100.100,71074.035,83638.172
2127.664,101.100,71074.035,83638.172
2128.684,100.100,71074.035,83638.172
2129.702,99.200,71074.035,83638.172
2130.721,101.100,71074.035,83638.172
2131.740,100.100,71074.035,83638.172
2132.759,100.100,71074.035,83638.172
2133.778,100.100,71074.035,83638.172
2134.798,99.100,71074.035,83638.172
2135.817,101.100,71074.035,83638.172
2136.836,100.100,71074.035,83638.172
2137.855,99.100,71074.035,83638.172
2138.874,100.100,71074.035,83638.172
2139.893,100.100,71074.035,83638.172
2140.913,101.100,71074.035,83638.172
2141.932,100.100,71074.035,83638.172
2142.951,99.100,71074.035,83638.172
2143.970,101.100,71074.035,83638.172
2144.989,100.100,71074.035,83638.172
2146.009,99.100,71074.035,83638.172
2147.028,101.100,71074.035,83638.172
2148.047,100.100,71074.035,83638.172
2149.066,99.100,71074.035,83638.172
2150.085,101.100,71074.035,83638.172
2151.104,100.100,71074.035,83638.172
2152.123,99.100,71074.035,83638.172
2153.143,100.100,71074.035,83638.172
2154.162,101.100,71074.035,83638.172
2155.181,99.100,71074.035,83638.172
2156.200,100.100,71074.035,83638.172
2157.219,101.100,71074.035,83638.172
2158.238,100.100,71074.035,83638.172
2159.258,100.100,71074.035,83638.172
2160.277,99.100,71074.035,83638.172
2161.296,100.100,71074.035,83638.172
2162.315,100.100,71074.035,83638.172
2163.334,100.100,71074.035,83638.172
2164.353,101.100,71074.035,83638.172
2165.373,100.100,71074.035,83638.172
2166.392,100.100,71074.035,83638.172
2167.411,100.100,71074.035,83638.172
2168.430,100.100,71074.035,83638.172
2169.449,100.100,71074.035,83638.172
2170.468,99.100,71074.035,83638.172
2171.487,100.100,71074.035,83638.172
2172.505,100.200,71074.035,83638.172
2173.524,100.100,71074.035,83638.172
2174.543,101.100,71074.035,83638.172
2175.562,99.100,71074.035,83638.172
2176.581,100.100,71074.035,83638.172
2177.601,100.100,71074.035,83638.172
2178.620,100.100,71074.035,83638.172
2179.639,100.100,71074.035,83638.172
2180.658,100.100,71074.035,83638.172
2181.677,101.100,71074.035,83638.172
2182.696,99.200,71074.035,83638.172
2183.713,100.200,71074.035,83638.172
2184.732,100.100,71074.035,83638.172
2185.752,100.100,71074.035,83638.172
2186.771,100.100,71074.035,83638.172
2187.790,100.100,71074.035,83638.172
2188.809,100.100,71074.035,83638.172
2189.828,100.100,71074.035,83638.172
2190.847,100.100,71074.035,83638.172
2191.866,100.100,71074.035,83638.172
2192.885,100.100,71074.035,83638.172
2193.905,100.100,71074.035,83638.172
2194.924,100.100,71074.035,83638.172
2195.943,100.100,71074.035,83638.172
2196.962,100.100,71074.035,83638.172
2197.981,100.100,71074.035,83638.172
2199.000,100.100,71013.809,83577.945
2200.019,100.100,71013.809,83577.945
2201.039,100.100,71013.809,83577.945
2202.058,100.100,71013.809,83577.945
2203.077,100.100,71013.809,83577.945
2204.096,100.100,71013.809,83577.945
2205.115,100.100,71013.809,83577.945
2206.134,99.100,71013.809,83577.945
2207.153,101.100,71013.809,83577.945
2208.173,100.100,71013.809,83577.945
2209.192,100.100,71013.809,83577.945
2210.211,100.100,71013.809,83577.945
2211.230,100.100,71013.809,83577.945
2212.249,100.100,71013.809,83577.945
2213.268,100.100,71013.809,83577.945
2214.287,100.100,71013.809,83577.945
2215.306,100.100,71013.809,83577.945
2216.325,100.100,71013.809,83577.945
2217.345,100.100,71013.809,83577.945
2218.364,100.100,71013.809,83577.945
2219.383,100.100,71013.809,83577.945
2220.402,100.100,71013.809,83577.945
2221.421,100.100,71013.809,83577.945
2222.440,100.100,71013.809,83577.945
2223.459,100.100,71013.809,83577.945
2224.478,99.100,71013.809,83577.945
2225.498,101.100,71013.809,83577.945
2226.517,99.100,71013.809,83577.945
2227.536,101.100,71013.809,83577.945
2228.555,100.100,71013.809,83577.945
2229.574,99.100,71013.809,83577.945
2230.594,101.100,71013.809,83577.945
2231.613,100.100,71013.809,83577.945
2232.632,99.100,71013.809,83577.945
2233.651,101.100,71013.809,83577.945
2234.670,99.100,71013.809,83577.945
2235.689,100.100,71013.809,83577.945
2236.707,101.200,71064.324,83628.461
2237.726,100.100,71064.324,83628.461
2238.746,99.100,71064.324,83628.461
2239.765,100.100,71064.324,83628.461
2240.784,100.100,71064.324,83628.461
2241.803,100.100,71064.324,83628.461
2242.822,101.100,71064.324,83628.461
2243.841,99.100,71064.324,83628.461
2244.860,100.100,71064.324,83628.461
2245.879,100.100,71064.324,83628.461
2246.898,100.100,71064.324,83628.461
2247.917,100.100,71064.324,83628.461
2248.937,100.100,71064.324,83628.461
2249.956,101.100,71064.324,83628.461
2250.975,99.100,71064.324,83628.461
2251.994,100.100,71064.324,83628.461
2253.013,100.100,71064.324,83628.461
2254.032,100.100,71064.324,83628.461
2255.052,100.100,71064.324,83628.461
2256.071,100.100,71064.324,83628.461
2257.090,100.100,71064.324,83628.461
2258.109,100.100,71064.324,83628.461
2259.128,101.100,71064.324,83628.461
2260.147,99.100,71064.324,83628.461
2261.166,100.100,71064.324,83628.461
2262.186,100.100,71064.324,83628.461
2263.205,100.100,71064.324,83628.461
2264.224,100.100,71064.324,83628.461
2265.243,101.100,71064.324,83628.461
2266.262,99.100,71064.324,83628.461
2267.281,100.100,71064.324,83628.461
2268.301,100.100,71064.324,83628.461
2269.320,100.100,71064.324,83628.461
2270.339,100.100,71064.324,83628.461
2271.358,100.100,71064.324,83628.461
2272.377,100.100,71064.324,83628.461
2273.396,101.100,71064.324,83628.461
2274.415,99.100,71064.324,83628.461
2275.434,100.100,71067.191,83628.461
2276.453,100.100,71067.195,83628.461
2277.472,100.100,71068.262,83628.461
2278.491,100.100,71068.270,83628.461
2279.511,100.100,71068.355,83628.461
2280.530,100.100,71068.355,83628.461
2281.549,100.100,71068.355,83628.461
2282.568,101.100,71068.355,83628.461
2283.587,99.100,71068.355,83628.461
2284.606,100.100,71068.355,83628.461
2285.626,100.100,71068.355,83628.461
2286.645,100.100,71068.355,83628.461
2287.664,100.100,71068.355,83628.461
2288.683,100.100,71068.355,83628.461
2289.701,100.200,71068.355,83628.461
2290.720,100.100,71068.355,83628.461
2291.739,100.100,71068.355,83628.461
2292.758,100.100,71068.355,83628.461
2293.778,100.000,71068.355,83628.461
2294.797,100.100,71068.355,83628.461
2295.816,100.100,71068.355,83628.461
2296.835,100.100,71068.355,83628.461
2297.854,100.100,71068.355,83628.461
2298.873,100.100,71068.355,83628.461
2299.893,100.100,71068.355,83628.461
2300.912,100.100,71068.355,83628.461
2301.931,100.100,71068.355,83628.461
2302.950,100.100,71068.355,83628.461
2303.969,100.100,71068.355,83628.461
2304.988,100.100,71068.355,83628.461
2306.007,100.100,71068.355,83628.461
2307.026,100.100,71068.355,83628.461
2308.045,100.100,71068.355,83628.461
2309.064,100.100,71068.355,83628.461
2310.084,99.100,71068.355,83628.461
2311.102,100.100,71068.355,83628.461
2312.122,101.100,71068.355,83628.461
2313.141,100.100,71068.355,83628.461
2314.160,100.100,71068.355,83628.461
2315.179,100.100,71068.355,83628.461
2316.198,100.100,71068.355,83628.461
2317.217,99.100,71068.355,83628.461
2318.237,100.100,71068.355,83628.461
2319.256,100.100,71068.355,83628.461
2320.275,101.000,71068.355,83628.461
2321.294,99.100,71068.453,83628.461
2322.313,101.100,71068.453,83628.461
2323.332,100.100,71068.582,83628.461
2324.352,100.100,71069.879,83628.461
2325.371,100.100,71069.879,83628.461
2326.390,100.100,71069.910,83628.461
2327.409,99.100,71069.910,83628.461
2328.428,101.100,71069.910,83628.461
2329.447,99.100,71069.910,83628.461
2330.466,101.100,71069.910,83628.461
2331.485,99.100,71069.910,83628.461
2332.505,101.100,71069.910,83628.461
2333.524,100.100,71069.910,83628.461
2334.542,99.100,71069.910,83628.461
2335.562,100.100,71069.910,83628.461
2336.581,101.100,71069.910,83628.461
2337.600,99.100,71069.910,83628.461
2338.619,100.100,71069.910,83628.461
2339.638,101.100,71069.910,83628.461
2340.658,100.100,71069.910,83628.461
2341.677,99.100,71069.910,83628.461
2342.695,101.200,71069.910,83628.461
2343.712,100.300,71069.910,83628.461
2344.731,99.100,71069.910,83628.461
2345.750,100.100,71069.910,83628.461
2346.770,100.100,71069.910,83628.461
2347.789,101.100,71069.910,83628.461
2348.808,100.100,71069.910,83628.461
2349.827,100.100,71069.910,83628.461
2350.846,99.100,71069.910,83628.461
2351.865,100.100,71069.910,83628.461
2352.885,100.100,71069.910,83628.461
2353.904,100.100,71069.910,83628.461
2354.923,100.100,71069.910,83628.461
2355.942,100.100,71069.910,83628.461
2356.962,101.000,71069.910,83628.461
2357.981,99.100,71069.910,83628.461
2359.000,100.100,71069.910,83628.461
2360.019,100.100,71069.910,83628.461
2361.038,101.100,71069.910,83628.461
2362.057,100.100,71069.910,83628.461
2363.076,100.100,71069.910,83628.461
2364.095,99.100,71069.910,83628.461
2365.114,101.100,71071.418,83628.461
2366.133,99.100,71071.418,83628.461
2367.153,100.100,71071.434,83628.461
2368.172,101.100,71071.434,83628.461
2369.191,99.100,71071.434,83628.461
2370.210,100.100,71071.434,83628.461
2371.229,100.100,71071.434,83628.461
2372.248,100.100,71071.434,83628.461
2373.268,100.100,71071.434,83628.461
2374.287,101.100,71071.434,83628.461
2375.306,99.100,71071.434,83628.461
2376.325,100.100,71071.434,83628.461
2377.344,100.100,71071.434,83628.461
2378.363,100.100,71071.434,83628.461
2379.383,100.100,71071.434,83628.461
2380.402,100.100,71071.434,83628.461
2381.421,100.100,71071.434,83628.461
2382.440,100.100,71071.434,83628.461
2383.460,101.100,71071.434,83628.461
2384.479,99.100,71071.434,83628.461
2385.498,101.100,71071.434,83628.461
2386.517,99.100,71071.434,83628.461
2387.536,100.100,71071.434,83628.461
2388.555,100.100,71071.434,83628.461
2389.574,100.100,71071.434,83628.461
2390.593,100.100,71071.434,83628.461
2391.613,100.100,71071.434,83628.461
2392.632,100.100,71071.434,83628.461
2393.650,100.100,71071.434,83628.461
2394.669,99.100,71071.434,83628.461
2395.688,100.100,71071.434,83628.461
2396.706,101.200,71071.434,83628.461
2397.725,100.100,71071.434,83628.461
2398.744,100.100,71071.434,83628.461
2399.764,100.100,71071.434,83628.461
2400.783,100.100,71071.434,83628.461
2401.802,99.100,71071.434,83628.461
2402.821,101.100,71071.434,83628.461
2403.840,100.100,71071.434,83628.461
2404.859,100.100,71071.434,83628.461
2405.879,100.100,71071.434,83628.461
2406.898,100.100,71071.434,83628.461
2407.917,100.100,71071.434,83628.461
2408.936,100.100,71071.434,83628.461
2409.955,100.100,71071.434,83628.461
2410.975,100.100,71078.328,83628.461
2411.994,100.100,71078.363,83628.461
2413.013,100.100,71078.363,83628.461
2414.032,100.000,71078.363,83628.461
2415.052,99.100,72068.078,84650.414
2416.071,101.100,72428.562,85010.688
2417.090,99.100,72978.605,85691.980
2418.109,101.000,72978.605,85691.980
2419.128,100.100,71623.395,84173.492
2420.148,100.100,71623.395,84173.492
2421.167,100.100,71623.395,84173.492
2422.186,100.100,71623.395,84173.492
2423.205,100.100,71623.422,84173.492
2424.224,100.100,71623.773,84173.492
2425.243,99.100,71623.773,84173.492
2426.263,100.100,71623.773,84173.492
2427.282,101.100,71631.547,84173.492
2428.301,100.000,71631.547,84173.492
2429.321,100.100,71036.000,83577.945
2430.340,100.100,71036.000,83577.945
2431.359,100.100,71036.742,83577.945
2432.379,100.000,71407.391,84020.809
2433.398,99.100,72024.695,84838.379
2434.418,101.000,72475.484,85383.426
2435.437,99.100,72616.227,85587.824
2436.456,101.000,72616.227,85587.824
2437.475,100.100,73604.031,86575.707
2438.495,100.000,74297.863,87524.105
2439.514,100.100,74747.863,88133.660
2440.534,99.100,74984.867,88405.102
2441.553,101.000,75024.605,88439.168
2442.573,99.100,75082.848,88541.367
2443.592,101.000,76184.824,89653.570
2444.612,100.000,77386.723,90833.180
2445.631,100.100,78036.270,91642.055
2446.650,100.100,78583.215,92248.711
2447.670,100.000,79527.145,93192.398
2448.689,100.100,79527.145,93192.398
2449.707,100.200,79594.551,93259.805
2450.726,100.100,79594.551,93259.805
2451.745,100.100,79594.551,93259.805
2452.764,100.100,79594.719,93293.508
2453.783,100.100,79732.445,93462.023
2454.802,100.100,72277.457,84791.258
2455.821,100.100,72277.457,84791.258
2456.841,100.100,72277.457,84791.258
2457.860,100.100,72277.457,84791.258
2458.879,99.100,72277.457,84791.258
2459.898,101.100,72277.457,84791.258
2460.917,100.100,72277.457,84791.258
2461.936,100.100,72277.457,84791.258
2462.955,100.100,72277.457,84791.258
2463.975,100.100,72277.488,84791.258
2464.994,100.100,72277.488,84791.258
2466.013,100.100,72277.488,84791.258
2467.032,100.100,72277.488,84791.258
2468.051,100.100,72344.895,84858.664
2469.071,100.000,72345.270,84858.664
2470.090,100.100,72345.270,84858.664
2471.109,100.100,72345.270,84858.664
2472.128,100.100,72345.270,84858.664
2473.147,100.100,72345.270,84858.664
2474.167,100.100,72345.270,84858.664
2475.186,100.100,72345.270,84858.664
2476.205,100.100,72345.270,84858.664
2477.224,100.100,72345.270,84858.664
2478.243,100.100,72345.270,84858.664
2479.263,100.100,72345.270,84858.664
2480.282,100.100,72345.270,84858.664
2481.301,100.100,72345.270,84858.664
2482.320,100.100,72345.270,84858.664
2483.340,100.000,72345.270,84858.664
2484.359,100.100,72412.676,84926.070
2485.378,100.100,72413.918,84926.070
2486.397,100.100,72424.668,84926.070
2487.416,99.100,72441.820,84926.070
2488.435,101.100,72443.859,84926.070
2489.455,100.100,72445.512,84926.070
2490.474,100.100,72446.543,84926.070
2491.493,100.100,72448.070,84926.070
2492.512,100.100,72450.168,84926.070
2493.531,99.100,72451.820,84926.070
2494.550,101.100,72452.887,84926.070
2495.570,100.100,72454.312,84926.070
2496.589,100.100,72456.391,84926.070
2497.608,100.100,72502.289,84993.477
2498.627,99.100,73071.496,85701.242
2499.646,101.000,74184.363,86880.852
2500.666,99.100,75064.465,87858.242
2501.685,101.000,75992.820,88835.633
2502.703,99.200,77312.832,90183.758
2503.723,101.100,77704.539,90655.602
2504.742,100.100,77704.539,90655.602
2505.760,99.100,77704.539,90655.602
2506.779,100.100,77704.539,90655.602
2507.798,101.100,77704.539,90655.602
2508.816,99.200,77704.539,90655.602
2509.835,100.100,78313.895,91328.945
2510.854,100.100,74253.441,86712.336
2511.873,100.100,74255.531,86712.336
2512.892,100.100,74528.125,87042.559
2513.911,100.100,75275.422,87885.137
2514.931,100.100,75882.164,88491.793
2515.950,100.100,75882.273,88491.793
2516.969,100.100,75949.680,88559.199
2517.988,100.100,75949.680,88559.199
2519.007,100.100,75949.680,88559.199
2520.027,100.100,76098.348,88720.906
2521.046,100.100,76275.945,88956.828
2522.065,101.000,76951.352,89732.000
2523.085,99.100,77573.289,90338.656
2524.104,100.100,77573.289,90338.656
2525.123,100.100,77640.695,90406.062
2526.142,101.100,77640.695,90406.062
2527.161,99.100,77640.695,90406.062
2528.180,101.100,77640.695,90406.062
2529.199,99.100,78223.547,91147.531
2530.219,101.000,79113.402,92057.516
2531.238,99.100,79338.113,92259.734
2532.257,100.100,79338.113,92259.734
2533.276,100.100,79405.520,92327.141
2534.296,101.000,79405.520,92327.141
2535.315,99.100,79405.520,92327.141
2536.334,100.100,79904.516,92826.219
2537.354,100.100,80626.594,93584.859
2538.373,100.100,80762.523,93682.832
2539.392,100.100,80762.586,93682.832
2540.411,100.100,74275.328,86712.336
2541.430,100.100,74275.328,86712.336
2542.449,100.100,74278.039,86712.336
2543.468,101.100,74310.129,86744.340
2544.487,99.100,74310.129,86744.340
2545.506,100.100,74316.496,86744.340
2546.526,100.100,74326.047,86744.340
2547.545,101.100,74331.996,86744.340
2548.564,99.100,74340.215,86744.340
2549.584,100.100,74513.324,86916.859
2550.603,101.100,74913.887,87331.312
2551.622,100.100,75517.785,87910.230
2552.641,99.100,75797.992,88173.180
2553.660,100.100,75799.363,88173.180
2554.680,100.100,75837.855,88205.184
2555.698,100.200,75839.152,88205.184
2556.717,100.100,75845.445,88205.184
2557.736,100.100,75847.918,88205.184
2558.755,100.000,75858.695,88205.184
2559.775,100.100,76020.559,88205.184
2560.794,100.100,76365.344,88536.395
2561.813,100.100,76333.340,88504.391
2562.832,100.100,76611.555,88918.406
2563.851,101.100,76666.355,88918.406
2564.871,99.100,76694.879,88918.406
2565.890,100.100,76757.332,88918.406
2566.909,100.100,77028.723,89249.621
2567.928,100.100,77091.820,89249.621
2568.947,100.100,77172.312,89249.621
2569.966,100.100,77252.484,89249.621
2570.985,100.100,77616.340,89829.250
2572.004,100.100,77948.676,90160.465
2573.023,100.100,78115.691,90408.879
2574.042,100.100,77028.254,88835.605
2575.062,100.000,77264.922,89138.934
2576.081,100.100,77613.742,89610.777
2577.100,100.100,77760.387,89812.996
2578.119,30.400,77760.523,89813.016
