Elapsed_time,CPU,Real_MB,Virtual_MB
0.016,0.000,31.691,8543.691
1.031,121.200,121.875,8623.598
2.050,98.200,210.719,8713.043
3.069,97.100,247.289,8749.898
4.088,97.200,376.348,8880.508
5.106,99.200,410.367,8921.492
6.125,100.100,468.414,8979.180
7.144,100.100,502.008,9012.742
8.163,94.200,671.195,9184.043
9.182,96.200,685.457,9199.672
10.201,93.200,687.320,9201.652
11.220,99.100,710.578,9225.855
12.239,95.200,711.785,9232.062
13.258,84.400,715.094,9238.449
14.277,74.600,745.109,9270.277
15.296,76.600,809.219,9336.031
16.315,76.600,812.973,9341.262
17.331,84.600,817.215,9346.754
18.347,96.400,817.484,9347.145
19.365,76.600,919.137,9457.859
20.384,78.500,966.672,9512.270
21.403,79.500,972.613,9518.848
22.422,77.500,973.262,9520.305
23.439,92.400,973.859,9559.801
24.458,70.700,994.398,9580.301
25.476,80.500,1028.910,9617.910
26.495,97.200,1052.141,9639.227
27.514,99.100,1122.832,9804.328
28.533,78.500,1229.293,9824.074
29.552,92.200,1303.625,9891.848
30.571,100.100,1303.625,9891.848
31.590,99.100,1389.527,9978.824
32.609,99.100,1389.527,9978.824
33.628,99.100,1389.527,9978.824
34.647,100.100,1389.527,9978.824
35.666,99.100,1389.527,9978.824
36.685,99.100,1494.359,10085.129
37.704,99.100,1494.500,10085.129
38.721,97.300,1494.500,10085.129
39.740,100.100,1543.098,12483.520
40.759,100.100,1684.270,12483.520
41.778,99.100,1687.887,12580.520
42.797,101.100,1694.848,12760.520
43.816,100.100,1703.559,12977.520
44.835,99.100,1713.621,13237.520
45.853,101.100,1725.738,13549.520
46.873,99.100,1757.191,14355.520
47.892,100.100,1779.105,14911.520
48.910,101.100,1804.371,15558.520
49.929,100.100,1834.586,16334.520
50.948,99.100,1870.938,17265.520
51.967,570.300,4696.816,22946.273
52.987,1049.500,5578.961,15757.629
54.006,100.100,6489.914,16668.629
55.025,100.100,6805.473,16983.629
56.044,100.100,7719.785,17898.629
57.063,100.100,8861.832,19040.629
58.082,100.100,9196.215,19374.629
59.101,94.200,9809.164,20419.094
60.120,99.100,9963.172,20419.094
61.138,100.100,10119.172,20419.094
62.156,99.200,10325.086,20877.059
63.175,101.100,10697.172,20877.059
64.193,99.200,10705.457,20882.188
65.212,100.100,10996.398,21798.113
66.231,99.100,11322.398,21798.113
67.250,100.100,11620.891,21797.613
68.269,101.100,12993.281,23171.965
69.288,100.100,12993.797,23171.965
70.306,99.100,12994.055,23171.965
71.325,100.100,12994.570,23171.965
72.344,100.100,12995.086,23171.965
73.363,100.100,14367.980,24545.855
74.382,100.100,14368.496,24545.855
75.400,100.100,14368.754,24545.855
76.419,100.100,14369.012,24545.855
77.438,90.300,13752.422,23929.078
78.459,94.100,12381.773,22554.688
79.477,100.100,13967.719,26691.883
80.496,99.100,16518.891,26691.883
81.515,99.100,16520.227,26691.887
82.534,100.100,17181.109,30829.082
83.553,101.100,18611.109,30829.082
84.572,99.100,20033.109,30829.082
85.591,113.800,20673.344,30843.984
86.610,100.100,21567.422,31746.242
87.629,100.100,22600.062,32886.793
88.648,100.100,23337.441,33534.398
89.667,100.100,21365.820,31551.027
90.686,100.100,22281.750,32603.590
91.705,100.100,23211.570,33403.594
92.723,99.200,21406.672,31569.004
93.742,101.100,21456.461,31569.004
94.761,99.100,21463.812,31569.004
95.780,100.100,21250.141,31355.332
96.798,100.100,21250.395,31355.332
97.817,101.100,21258.172,31355.332
98.836,99.100,22267.445,33767.926
99.855,99.100,23985.617,36180.613
100.874,101.100,25875.617,36180.613
101.893,100.100,26085.566,36180.613
102.912,100.100,26879.340,38593.207
103.931,115.700,28498.156,38593.207
104.949,100.200,29221.246,39363.711
105.968,100.100,29737.688,39832.035
106.988,100.100,30612.430,40749.457
108.007,101.100,31398.988,41492.188
109.026,99.100,31546.270,41644.859
110.045,99.100,29158.984,39241.324
111.063,100.100,29159.406,39241.324
112.083,100.100,29224.637,41653.918
113.102,101.100,31100.637,41653.918
114.121,98.100,31612.508,44066.512
115.140,101.100,32216.637,44066.512
116.159,99.100,32822.637,44066.512
117.178,100.100,33426.637,44066.512
118.198,100.000,33984.504,44066.512
119.217,101.100,34422.637,46479.105
120.236,99.100,35192.637,46479.105
121.255,101.100,35956.637,46479.105
122.274,99.100,36688.637,48891.699
123.293,100.100,37462.637,48891.699
124.311,101.100,38160.637,48891.699
125.330,99.100,38809.688,48891.699
126.349,100.100,34291.801,44373.938
127.369,100.000,35242.289,45407.461
128.388,100.100,35694.441,45773.852
129.407,100.100,36607.270,46683.668
130.426,100.100,37520.234,47596.699
131.444,99.100,31606.391,41653.918
132.463,100.100,31606.637,41653.918
133.482,100.100,31613.336,41653.918
134.501,100.100,31613.441,41653.918
135.519,99.100,31613.457,41653.918
136.538,101.100,32099.152,42206.355
137.557,100.100,33171.484,43288.117
138.576,99.100,34035.070,44145.055
139.595,98.100,33229.426,43338.477
140.614,100.100,33230.211,43339.188
141.633,98.100,33532.117,43633.848
142.652,100.100,33549.422,43633.848
143.670,101.100,33557.066,43633.848
144.689,98.200,30044.434,40121.207
145.708,100.100,30044.434,40121.207
146.724,100.300,30128.176,40200.453
147.743,99.200,30128.184,40200.453
148.762,101.100,30128.184,40200.453
149.780,99.200,30544.906,40616.102
150.799,99.100,30546.191,40616.102
151.818,100.100,31489.113,41622.047
152.837,100.100,31876.859,41946.676
153.856,100.100,31959.406,42029.066
154.874,99.100,30628.832,40698.492
155.893,100.100,31921.469,43111.086
156.913,99.100,33041.426,43111.086
157.932,65.700,33041.465,43111.086
158.951,101.000,33057.801,43111.086
159.970,100.100,30646.590,40698.492
160.989,100.100,30646.867,40698.492
162.008,100.100,30646.867,40698.492
163.025,99.300,30646.867,40698.492
164.044,100.100,30646.867,40698.492
165.062,100.100,30646.898,40698.492
166.078,100.400,30646.898,40698.492
167.095,99.300,30646.898,40698.492
168.114,101.100,30646.898,40698.492
169.132,100.100,30018.363,40069.957
170.151,99.200,30018.363,40069.957
171.170,100.100,30018.363,40069.957
172.188,101.100,30018.363,40069.957
173.207,100.100,30018.363,40069.957
174.226,99.100,30018.363,40069.957
175.244,100.100,30018.363,40069.957
176.263,101.100,30018.363,40069.957
177.274,99.900,30018.363,40069.957
178.284,98.900,30018.363,40069.957
179.303,100.100,30018.363,40069.957
180.322,101.100,30018.363,40069.957
181.341,100.100,30018.363,40069.957
182.360,99.100,30018.363,40069.957
183.378,100.100,30018.363,40069.957
184.391,100.700,30018.363,40069.957
185.409,99.200,30018.363,40069.957
186.427,101.200,30019.027,40069.957
187.446,100.100,30019.027,40069.957
188.465,99.100,30019.742,40069.957
189.484,100.100,30019.742,40069.957
190.503,101.100,30020.270,40069.957
191.522,100.100,30020.270,40069.957
192.540,99.100,30022.570,40069.957
193.559,100.100,30022.609,40069.957
194.578,100.100,30024.707,40069.957
195.597,100.100,30024.723,40069.957
196.616,100.100,30026.410,40069.957
197.635,100.100,30026.434,40069.957
198.654,100.100,30027.543,40069.957
199.673,100.100,30029.215,40069.957
200.692,101.100,30029.215,40069.957
201.710,99.200,30030.059,40069.957
202.729,100.100,30030.062,40069.957
203.747,100.100,30030.574,40069.957
204.766,100.100,30030.574,40069.957
205.785,100.100,30031.137,40069.957
206.804,100.100,30031.137,40069.957
207.823,100.100,30032.574,40069.957
208.842,99.100,30032.586,40069.957
209.861,100.100,30034.043,40069.957
210.880,101.100,30034.047,40069.957
211.899,100.100,30034.070,40069.957
212.918,100.100,30034.070,40069.957
213.936,100.100,30034.070,40069.957
214.955,99.100,30034.070,40069.957
215.974,100.100,30034.070,40069.957
216.993,100.100,30034.070,40069.957
218.012,100.100,30034.070,40069.957
219.031,100.100,30034.070,40069.957
220.050,101.100,30034.070,40069.957
221.069,100.100,30034.078,40069.957
222.088,99.100,30034.078,40069.957
223.107,100.100,30034.078,40069.957
224.125,100.100,30034.078,40069.957
225.144,100.100,30034.078,40069.957
226.163,100.100,30034.078,40069.957
227.182,100.100,30034.078,40069.957
228.201,100.100,30034.078,40069.957
229.220,100.100,30034.078,40069.957
230.239,100.100,30034.078,40069.957
231.258,100.100,30034.078,40069.957
232.277,100.100,30034.078,40069.957
233.296,100.100,30034.078,40069.957
234.315,100.100,30034.078,40069.957
235.334,100.100,30034.078,40069.957
236.353,100.100,30034.078,40069.957
237.372,100.100,30034.078,40069.957
238.391,100.100,30034.078,40069.957
239.410,100.100,30034.078,40069.957
240.429,100.100,30034.078,40069.957
241.448,99.100,30034.633,40069.957
242.467,101.100,30035.293,40069.957
243.486,100.100,30035.328,40069.957
244.505,100.100,30036.289,40069.957
245.524,100.100,30036.289,40069.957
246.543,100.100,30036.902,40069.957
247.562,99.100,30036.902,40069.957
248.581,101.000,30038.148,40069.957
249.600,100.100,30038.148,40069.957
250.619,100.100,30039.137,40069.957
251.638,99.100,30039.137,40069.957
252.657,101.100,30039.219,40069.957
253.676,100.100,30039.219,40069.957
254.695,99.100,30039.219,40069.957
255.712,100.200,30039.219,40069.957
256.731,101.100,30039.219,40069.957
257.750,100.100,30039.219,40069.957
258.769,99.100,30039.242,40069.957
259.788,100.100,30039.242,40069.957
260.807,100.100,30039.246,40069.957
261.826,100.100,30039.246,40069.957
262.845,100.100,30039.246,40069.957
263.864,100.100,30039.246,40069.957
264.883,100.100,30039.246,40069.957
265.902,100.100,30039.246,40069.957
266.921,101.100,30039.246,40069.957
267.940,99.100,30039.246,40069.957
268.959,100.100,30039.246,40069.957
269.978,100.100,30039.246,40069.957
270.997,100.100,30039.246,40069.957
272.015,100.200,30039.246,40069.957
273.034,100.100,30039.246,40069.957
274.053,100.100,30039.246,40069.957
275.072,99.100,30039.246,40069.957
276.091,100.100,30039.246,40069.957
277.110,100.100,30039.246,40069.957
278.129,101.100,30039.246,40069.957
279.148,100.100,30039.246,40069.957
280.167,100.100,30039.246,40069.957
281.186,100.100,30039.246,40069.957
282.204,99.100,30039.246,40069.957
283.223,101.100,30039.418,40069.957
284.242,100.100,30039.418,40069.957
285.262,100.100,30039.527,40069.957
286.281,100.100,30039.527,40069.957
287.299,99.100,30040.965,40069.957
288.318,100.100,30041.039,40069.957
289.337,100.100,30041.039,40069.957
290.356,100.100,30041.832,40069.957
291.375,100.100,30041.832,40069.957
292.394,100.100,30041.832,40069.957
293.413,100.100,30041.832,40069.957
294.432,101.100,30041.832,40069.957
295.451,99.100,30041.840,40069.957
296.470,101.100,30041.840,40069.957
297.488,100.100,30041.840,40069.957
298.507,99.100,30041.840,40069.957
299.526,100.100,30041.840,40069.957
300.545,100.100,30041.840,40069.957
301.564,100.100,30041.840,40069.957
302.583,100.100,30041.840,40069.957
303.602,100.100,30041.840,40069.957
304.621,100.100,30041.840,40069.957
305.640,100.100,30041.840,40069.957
306.659,100.100,30041.840,40069.957
307.677,100.100,30041.840,40069.957
308.696,100.200,30041.840,40069.957
309.714,100.100,30041.840,40069.957
310.733,99.100,30041.840,40069.957
311.752,100.100,30041.840,40069.957
312.771,100.100,30041.840,40069.957
313.790,100.100,30087.582,40115.527
314.809,100.100,30099.824,40115.527
315.828,100.100,30106.301,40115.527
316.846,100.100,30114.566,40115.527
317.865,100.100,30130.812,40115.527
318.884,100.100,30130.898,40115.527
319.903,101.100,30150.961,40115.527
320.922,99.100,30153.262,40115.527
321.941,100.100,30161.852,40115.527
322.960,100.100,30173.707,40115.527
323.979,100.100,30173.824,40115.527
324.998,100.100,30191.195,40115.527
326.017,100.100,30191.195,40115.527
327.036,100.100,30200.387,40115.527
328.055,100.100,30205.102,40115.527
329.074,100.100,30205.414,40115.527
330.093,100.100,30214.711,40115.527
331.112,100.100,30214.848,40115.527
332.131,100.100,30221.648,40115.527
333.150,100.100,30221.648,40115.527
334.169,99.100,30224.414,40115.527
335.188,101.100,30226.898,40115.527
336.207,100.100,30226.984,40115.527
337.226,100.100,30233.660,40115.527
338.245,99.100,30233.672,40115.527
339.264,101.100,30239.543,40115.527
340.282,100.100,30239.543,40115.527
341.301,100.100,30242.871,40115.527
342.320,99.100,30243.391,40115.527
343.339,101.100,30243.484,40115.527
344.358,100.100,30247.996,40115.527
345.377,99.100,30248.090,40115.527
346.396,101.100,30251.500,40115.527
347.415,100.100,30251.555,40115.527
348.433,100.100,30253.598,40115.527
349.452,100.100,30253.598,40115.527
350.471,99.100,30253.621,40115.527
351.490,100.100,30255.648,40115.527
352.509,101.100,30255.750,40115.527
353.528,99.100,30255.957,40115.527
354.547,100.100,30255.977,40115.527
355.566,100.100,30259.762,40115.527
356.585,100.100,30259.762,40115.527
357.604,101.100,30261.180,40115.527
358.622,99.100,30262.637,40115.527
359.641,100.100,30262.688,40115.527
360.660,100.100,30265.074,40115.527
361.679,100.100,30265.074,40115.527
362.697,100.200,30266.770,40115.527
363.715,100.200,30266.770,40115.527
364.734,100.100,30268.457,40115.527
365.752,99.100,30268.457,40115.527
366.771,101.100,30268.566,40115.527
367.790,100.100,30269.254,40115.527
368.809,100.100,30269.277,40115.527
369.829,99.100,30269.355,40115.527
370.848,101.100,30269.355,40115.527
371.867,100.100,30269.406,40115.527
372.886,100.100,30269.406,40115.527
373.905,100.100,30270.809,40115.527
374.924,100.100,30270.809,40115.527
375.943,100.100,30272.578,40115.527
376.961,100.100,30272.578,40115.527
377.980,99.100,30273.637,40115.527
378.999,100.100,30273.637,40115.527
380.018,101.100,30273.637,40115.527
381.037,99.100,30274.977,40115.527
382.056,100.100,30274.977,40115.527
383.075,100.100,30278.047,40115.527
384.094,100.100,30278.047,40115.527
385.113,100.100,30278.047,40115.527
386.132,100.100,30278.051,40115.527
387.151,100.100,30278.203,40115.527
388.170,100.100,30278.203,40115.527
389.189,100.100,30278.203,40115.527
390.208,100.100,30278.230,40115.527
391.227,100.100,30279.430,40115.527
392.246,100.100,30279.430,40115.527
393.265,100.100,30279.430,40115.527
394.284,100.100,30279.441,40115.527
395.303,100.100,30279.441,40115.527
396.322,100.100,30279.441,40115.527
397.341,100.100,30279.441,40115.527
398.360,100.100,30279.441,40115.527
399.378,100.200,30279.441,40115.527
400.396,100.100,30279.441,40115.527
401.415,100.100,30279.441,40115.527
402.434,99.100,30279.441,40115.527
403.453,101.100,30279.441,40115.527
404.472,99.100,30279.441,40115.527
405.491,100.100,30283.691,40115.527
406.510,101.100,30283.695,40115.527
407.523,99.700,30283.738,40115.527
408.542,100.100,30287.367,40115.527
409.555,99.700,30287.371,40115.527
410.574,100.100,30290.266,40115.527
411.593,100.100,30290.266,40115.527
412.612,100.100,30290.355,40115.527
413.632,100.100,30292.742,40115.527
414.651,100.100,30292.746,40115.527
415.670,100.100,30295.203,40115.527
416.688,100.200,30295.203,40115.527
417.706,100.200,30295.258,40115.527
418.725,100.100,30296.703,40115.527
419.744,100.100,30296.703,40115.527
420.762,100.300,30298.168,40115.527
421.781,100.100,30298.176,40115.527
422.794,99.700,30299.031,40115.527
423.813,100.100,30299.031,40115.527
424.832,100.100,30299.031,40115.527
425.852,101.100,30299.547,40115.527
426.864,99.700,30299.547,40115.527
427.883,99.100,30301.164,40115.527
428.903,101.000,30301.164,40115.527
429.922,100.100,30301.223,40115.527
430.942,100.100,30301.223,40115.527
431.961,100.100,30301.223,40115.527
432.980,100.100,30302.555,40115.527
434.000,100.100,30302.562,40115.527
435.018,100.100,30302.707,40115.527
436.038,100.100,30302.707,40115.527
437.057,100.100,30302.711,40115.527
438.074,99.300,30302.711,40115.527
439.093,100.100,30302.711,40115.527
440.112,100.100,30302.711,40115.527
441.132,100.100,30302.711,40115.527
442.151,101.100,30302.711,40115.527
443.170,100.100,30302.711,40115.527
444.189,99.100,30302.711,40115.527
445.209,100.100,30302.711,40115.527
446.228,100.100,30302.711,40115.527
447.248,100.000,30302.711,40115.527
448.261,99.700,30302.711,40115.527
449.279,100.100,30302.711,40115.527
450.298,100.100,30302.711,40115.527
451.317,101.100,30302.711,40115.527
452.336,100.100,30302.711,40115.527
453.354,100.200,30302.711,40115.527
454.373,100.100,30302.711,40115.527
455.385,99.700,30302.711,40115.527
456.398,99.700,30302.711,40115.527
457.417,101.100,30302.711,40115.527
458.436,99.100,30302.711,40115.527
459.455,100.100,30302.711,40115.527
460.473,100.100,30302.711,40115.527
461.492,101.100,30302.711,40115.527
462.511,99.100,30302.711,40115.527
463.530,100.100,30302.711,40115.527
464.549,100.100,30302.727,40115.527
465.568,100.100,30302.727,40115.527
466.587,100.100,30302.727,40115.527
467.606,100.100,30302.867,40115.527
468.625,100.100,30302.867,40115.527
469.644,100.100,30302.867,40115.527
470.663,100.100,30302.867,40115.527
471.683,100.100,30303.434,40115.527
472.701,100.200,30303.434,40115.527
473.720,100.100,30303.438,40115.527
474.739,100.100,30305.844,40115.527
475.758,100.100,30305.855,40115.527
476.777,100.100,30306.031,40115.527
477.796,99.100,30306.031,40115.527
478.815,101.100,30307.410,40115.527
479.834,100.100,30307.410,40115.527
480.853,100.100,30309.246,40115.527
481.872,100.100,30310.113,40115.527
482.891,100.100,30310.113,40115.527
483.910,100.100,30310.113,40115.527
484.929,100.100,30310.113,40115.527
485.949,100.100,30310.113,40115.527
486.968,99.100,30310.113,40115.527
487.987,100.100,30310.113,40115.527
489.006,101.100,30310.113,40115.527
490.025,100.000,30310.113,40115.527
491.045,99.100,30310.113,40115.527
492.064,101.100,30310.113,40115.527
493.083,100.100,30310.113,40115.527
494.102,100.100,30310.113,40115.527
495.121,100.100,30310.113,40115.527
496.140,100.100,30310.113,40115.527
497.159,100.100,30310.113,40115.527
498.178,99.100,30310.113,40115.527
499.198,101.100,30310.113,40115.527
500.217,99.100,30310.113,40115.527
501.236,101.100,30310.113,40115.527
502.255,100.100,30310.113,40115.527
503.274,99.100,30310.113,40115.527
504.293,101.100,30310.113,40115.527
505.313,99.100,30310.113,40115.527
506.332,101.000,30310.113,40115.527
507.351,99.100,30358.996,40164.406
508.370,101.100,30359.180,40164.406
509.389,100.100,30359.180,40164.406
510.409,99.100,30359.180,40164.406
511.428,100.100,30367.789,40164.406
512.447,100.100,30367.809,40164.406
513.466,101.100,30374.172,40164.406
514.486,99.100,30374.172,40164.406
515.505,100.100,30374.270,40164.406
516.524,101.100,30379.762,40164.406
517.543,99.100,30379.773,40164.406
518.562,100.100,30379.930,40164.406
519.581,101.100,30383.133,40164.406
520.601,99.100,30383.137,40164.406
521.620,101.100,30386.441,40164.406
522.639,99.100,30386.441,40164.406
523.658,100.100,30387.297,40164.406
524.677,100.100,30389.734,40164.406
525.695,100.200,30389.734,40164.406
526.714,100.200,30391.535,40164.406
527.733,100.100,30391.551,40164.406
528.752,100.100,30391.676,40164.406
529.771,100.100,30393.055,40164.406
530.791,100.100,30393.055,40164.406
531.810,100.100,30393.625,40164.406
532.829,100.100,30393.625,40164.406
533.848,100.100,30395.535,40164.406
534.867,100.100,30395.535,40164.406
535.886,100.100,30395.547,40164.406
536.906,100.100,30396.098,40164.406
537.925,100.100,30396.098,40164.406
538.944,100.100,30396.223,40164.406
539.963,100.100,30396.223,40164.406
540.982,100.100,30396.223,40164.406
542.000,100.300,30396.223,40164.406
543.019,100.100,30396.223,40164.406
544.038,100.100,30396.223,40164.406
545.057,100.100,30396.223,40164.406
546.076,99.100,30396.223,40164.406
547.096,101.100,30396.223,40164.406
548.115,100.100,30396.223,40164.406
549.133,100.100,30396.223,40164.406
550.153,100.000,30396.223,40164.406
551.173,100.100,30398.352,40164.406
552.192,100.100,30398.352,40164.406
553.211,100.100,30399.371,40164.406
554.230,100.100,30400.016,40164.406
555.247,100.300,30400.016,40164.406
556.267,99.100,30400.227,40164.406
557.285,100.200,30400.227,40164.406
558.304,100.100,30400.230,40164.406
559.323,100.100,30400.230,40164.406
560.343,100.100,30400.230,40164.406
561.362,101.100,30402.230,40164.406
562.381,100.100,30402.242,40164.406
563.400,99.100,30402.555,40164.406
564.420,100.100,30402.555,40164.406
565.439,101.000,30402.562,40164.406
566.458,100.100,30402.562,40164.406
567.478,99.100,30402.562,40164.406
568.497,100.100,30402.562,40164.406
569.516,101.000,30402.562,40164.406
570.535,99.100,30404.199,40164.406
571.555,100.100,30404.199,40164.406
572.574,101.100,30405.102,40164.406
573.593,100.100,30405.102,40164.406
574.613,99.100,30405.230,40164.406
575.632,101.100,30405.305,40164.406
576.651,99.100,30405.305,40164.406
577.670,101.100,30406.375,40164.406
578.689,100.100,30406.383,40164.406
579.707,100.200,30409.562,40164.406
580.726,99.100,30409.562,40164.406
581.746,100.100,30411.574,40164.406
582.765,100.100,30411.574,40164.406
583.784,100.100,30411.574,40164.406
584.803,100.100,30411.586,40164.406
585.822,100.100,30411.586,40164.406
586.841,100.100,30413.344,40164.406
587.860,101.100,30413.355,40164.406
588.879,99.100,30413.395,40164.406
589.898,100.100,30413.395,40164.406
590.917,100.100,30413.395,40164.406
591.936,101.100,30413.395,40164.406
592.955,100.100,30413.395,40164.406
593.974,99.100,30413.395,40164.406
594.993,101.100,30413.395,40164.406
596.012,99.100,30413.395,40164.406
597.031,101.100,30413.395,40164.406
598.050,99.100,30413.395,40164.406
599.069,100.100,30413.395,40164.406
600.088,100.100,30413.395,40164.406
601.107,101.100,30413.395,40164.406
602.126,99.100,30413.395,40164.406
603.145,100.100,30413.395,40164.406
604.164,101.100,30413.395,40164.406
605.183,100.100,30413.559,40164.406
606.203,99.100,30413.559,40164.406
607.222,100.100,30413.559,40164.406
608.241,101.100,30413.559,40164.406
609.260,99.100,30413.562,40164.406
610.280,100.000,30413.562,40164.406
611.299,100.100,30413.562,40164.406
612.318,100.100,30414.590,40164.406
613.337,100.100,30414.590,40164.406
614.356,101.100,30414.793,40164.406
615.376,100.100,30414.793,40164.406
616.395,100.100,30415.078,40164.406
617.414,99.100,30415.078,40164.406
618.433,101.100,30415.078,40164.406
619.452,99.100,30416.047,40164.406
620.472,100.100,30416.051,40164.406
621.491,100.100,30416.766,40164.406
622.510,100.100,30416.770,40164.406
623.529,100.100,30416.770,40164.406
624.548,100.100,30416.910,40164.406
625.567,100.100,30416.910,40164.406
626.586,100.100,30417.289,40164.406
627.605,100.100,30417.289,40164.406
628.624,100.100,30417.734,40164.406
629.643,100.100,30417.734,40164.406
630.663,101.100,30419.254,40164.406
631.682,99.100,30419.254,40164.406
632.700,100.200,30419.254,40164.406
633.719,100.100,30419.773,40164.406
634.738,100.100,30419.773,40164.406
635.757,100.100,30421.289,40164.406
636.776,99.100,30421.289,40164.406
637.795,101.100,30421.289,40164.406
638.814,100.100,30421.289,40164.406
639.833,100.100,30421.289,40164.406
640.851,100.200,30421.297,40164.406
641.870,100.100,30421.297,40164.406
642.889,100.100,30421.297,40164.406
643.908,100.100,30421.297,40164.406
644.926,100.100,30421.297,40164.406
645.946,100.100,30421.297,40164.406
646.965,100.100,30421.297,40164.406
647.984,100.100,30421.297,40164.406
649.003,99.100,30421.297,40164.406
650.022,101.100,30421.434,40164.406
651.041,99.100,30421.434,40164.406
652.060,101.000,30421.434,40164.406
653.080,99.100,30421.434,40164.406
654.099,100.100,30421.434,40164.406
655.118,100.100,30421.434,40164.406
656.137,101.100,30421.434,40164.406
657.156,100.100,30421.434,40164.406
658.175,100.100,30421.434,40164.406
659.194,100.100,30421.434,40164.406
660.213,100.100,30421.434,40164.406
661.233,99.100,30421.434,40164.406
662.252,101.100,30421.434,40164.406
663.271,100.100,30421.434,40164.406
664.290,99.100,30421.434,40164.406
665.309,101.100,30421.434,40164.406
666.328,100.100,30421.434,40164.406
667.347,99.100,30421.434,40164.406
668.366,101.100,30421.512,40164.406
669.385,100.100,30422.297,40164.406
670.405,100.000,30422.301,40164.406
671.424,100.100,30422.441,40164.406
672.443,99.100,30422.441,40164.406
673.463,100.100,30422.594,40164.406
674.482,100.100,30422.594,40164.406
675.501,101.100,30422.605,40164.406
676.520,99.100,30425.844,40164.406
677.539,100.100,30425.844,40164.406
678.558,101.100,30425.844,40164.406
679.577,99.100,30425.844,40164.406
680.596,101.100,30425.844,40164.406
681.615,99.100,30425.844,40164.406
682.634,101.100,30425.844,40164.406
683.653,99.100,30425.844,40164.406
684.673,100.100,30425.844,40164.406
685.691,100.200,30425.844,40164.406
686.708,100.300,30380.273,40118.836
687.727,100.100,30380.273,40118.836
688.746,100.100,30380.273,40118.836
689.765,100.100,30380.273,40118.836
690.785,100.100,30380.273,40118.836
691.804,100.100,30380.273,40118.836
692.823,100.100,30380.273,40118.836
693.842,100.100,30380.273,40118.836
694.862,100.100,30380.273,40118.836
695.881,100.100,30380.273,40118.836
696.900,100.100,30380.273,40118.836
697.919,100.100,30380.273,40118.836
698.939,100.100,30380.273,40118.836
699.958,100.100,30380.273,40118.836
700.977,100.100,30424.457,40152.504
701.996,100.100,30424.457,40152.504
703.016,100.100,30424.457,40152.504
704.035,100.100,30424.844,40152.504
705.054,99.100,30424.844,40152.504
706.073,100.100,30424.844,40152.504
707.092,101.100,30424.844,40152.504
708.112,100.100,30424.844,40152.504
709.131,100.100,30424.844,40152.504
710.150,99.100,30424.844,40152.504
711.169,101.100,30424.844,40152.504
712.189,100.100,30424.844,40152.504
713.208,100.100,30424.844,40152.504
714.227,100.100,30424.844,40152.504
715.246,100.100,30424.844,40152.504
716.266,100.100,30424.844,40152.504
717.285,100.100,30424.844,40152.504
718.304,100.100,30424.844,40152.504
719.323,100.100,30424.844,40152.504
720.342,100.100,30424.844,40152.504
721.361,100.100,30424.844,40152.504
722.380,99.100,30424.844,40152.504
723.399,100.100,30424.844,40152.504
724.418,100.100,30424.844,40152.504
725.437,101.100,30424.844,40152.504
726.456,99.100,30424.844,40152.504
727.475,101.100,30424.844,40152.504
728.494,100.100,30424.844,40152.504
729.513,99.100,30424.844,40152.504
730.533,100.000,30424.844,40152.504
731.552,100.100,30424.844,40152.504
732.571,101.100,30424.844,40152.504
733.590,100.100,30424.844,40152.504
734.609,100.100,30424.844,40152.504
735.628,100.100,30424.844,40152.504
736.647,100.100,30424.844,40152.504
737.666,100.100,30424.844,40152.504
738.685,100.100,30424.844,40152.504
739.703,100.200,30424.844,40152.504
740.722,100.100,30424.844,40152.504
741.741,99.100,30424.844,40152.504
742.760,100.100,30424.844,40152.504
743.779,101.100,30424.844,40152.504
744.798,100.100,30424.844,40152.504
745.817,99.100,30424.844,40152.504
746.836,100.100,30424.844,40152.504
747.855,100.100,30424.844,40152.504
748.874,100.100,30424.844,40152.504
749.894,101.100,30424.844,40152.504
750.913,99.100,30424.844,40152.504
751.932,101.100,30424.844,40152.504
752.951,100.100,30424.844,40152.504
753.970,100.100,30424.844,40152.504
754.990,99.100,30424.844,40152.504
756.009,101.100,30424.844,40152.504
757.028,99.100,30424.844,40152.504
758.047,101.100,30424.844,40152.504
759.066,99.100,30424.844,40152.504
760.085,100.100,30424.844,40152.504
761.104,100.100,30424.844,40152.504
762.123,100.100,30424.844,40152.504
763.142,101.100,30424.844,40152.504
764.161,100.100,30424.844,40152.504
765.180,100.100,30424.844,40152.504
766.199,100.100,30424.844,40152.504
767.218,99.100,30424.844,40152.504
768.237,100.100,30424.844,40152.504
769.256,100.100,30424.844,40152.504
770.275,100.100,30424.844,40152.504
771.294,101.100,30424.844,40152.504
772.313,99.100,30424.844,40152.504
773.332,100.100,30424.844,40152.504
774.351,100.100,30424.844,40152.504
775.370,100.100,30424.844,40152.504
776.389,100.100,30424.844,40152.504
777.408,100.100,30424.844,40152.504
778.427,100.100,30424.844,40152.504
779.446,100.100,30424.844,40152.504
780.465,100.100,30424.844,40152.504
781.485,100.100,30424.844,40152.504
782.504,100.100,30424.844,40152.504
783.523,100.100,30424.844,40152.504
784.542,99.100,30424.844,40152.504
785.561,101.100,30424.844,40152.504
786.582,99.900,30424.844,40152.504
787.601,100.100,30424.844,40152.504
788.620,100.100,30424.844,40152.504
789.639,100.100,30424.844,40152.504
790.658,100.000,30424.844,40152.504
791.678,100.100,30424.844,40152.504
792.696,100.200,30424.844,40152.504
793.715,100.100,30424.844,40152.504
794.734,100.100,30424.844,40152.504
795.753,100.100,30424.844,40152.504
796.772,100.100,30424.844,40152.504
797.791,100.100,30424.844,40152.504
798.811,100.100,30424.844,40152.504
799.830,100.100,30424.844,40152.504
800.849,100.100,30424.844,40152.504
801.868,100.100,30424.844,40152.504
802.887,100.100,30424.844,40152.504
803.906,100.100,30424.844,40152.504
804.925,100.100,30424.844,40152.504
805.944,100.100,30424.844,40152.504
806.964,100.100,30424.844,40152.504
807.982,99.100,30424.844,40152.504
809.001,101.100,30424.844,40152.504
810.020,100.100,30424.844,40152.504
811.039,99.100,30424.844,40152.504
812.058,101.100,30424.844,40152.504
813.077,100.100,30424.844,40152.504
814.096,100.100,30424.844,40152.504
815.116,100.100,30424.844,40152.504
816.135,99.100,30424.844,40152.504
817.154,101.100,30424.844,40152.504
818.173,100.100,30424.844,40152.504
819.192,99.100,30424.844,40152.504
820.211,100.100,30424.844,40152.504
821.230,101.100,30424.844,40152.504
822.249,100.100,30424.844,40152.504
823.269,100.100,30424.844,40152.504
824.288,100.100,30424.844,40152.504
825.307,100.100,30424.844,40152.504
826.326,99.100,30424.844,40152.504
827.345,100.100,30424.844,40152.504
828.364,101.100,30424.844,40152.504
829.383,100.100,30424.844,40152.504
830.402,99.100,30424.844,40152.504
831.420,101.100,30424.844,40152.504
832.439,100.100,30424.844,40152.504
833.458,99.100,30424.844,40152.504
834.477,100.100,30424.844,40152.504
835.496,101.100,30424.844,40152.504
836.515,100.100,30424.844,40152.504
837.535,99.100,30424.844,40152.504
838.554,101.100,30424.844,40152.504
839.573,99.100,30424.844,40152.504
840.592,100.100,30424.844,40152.504
841.611,101.100,30424.844,40152.504
842.630,99.100,30424.844,40152.504
843.649,100.100,30424.844,40152.504
844.668,100.100,30424.844,40152.504
845.686,100.200,30424.844,40152.504
846.704,100.200,30424.844,40152.504
847.723,100.100,30424.844,40152.504
848.742,100.100,30424.844,40152.504
849.761,99.100,30424.844,40152.504
850.781,101.000,30424.844,40152.504
851.800,100.100,30424.844,40152.504
852.819,100.100,30424.844,40152.504
853.838,100.100,30424.844,40152.504
854.857,100.100,30424.844,40152.504
855.876,100.100,30424.844,40152.504
856.895,100.100,30424.844,40152.504
857.914,100.100,30424.844,40152.504
858.933,100.100,30424.844,40152.504
859.952,99.100,30424.844,40152.504
860.971,100.100,30424.844,40152.504
861.990,100.100,30424.844,40152.504
863.009,101.100,30428.188,40152.504
864.028,100.100,30428.188,40152.504
865.047,99.100,30428.188,40152.504
866.066,100.100,30428.188,40152.504
867.085,101.100,30428.188,40152.504
868.104,99.100,30428.188,40152.504
869.123,100.100,30428.188,40152.504
870.143,101.100,30428.188,40152.504
871.162,100.100,30428.188,40152.504
872.181,100.100,30428.188,40152.504
873.200,99.100,30428.188,40152.504
874.219,101.100,30428.188,40152.504
875.238,100.100,30428.188,40152.504
876.257,100.100,30428.188,40152.504
877.276,100.100,30428.188,40152.504
878.295,99.100,30428.188,40152.504
879.314,101.100,30428.188,40152.504
880.333,99.100,30428.188,40152.504
881.352,101.100,30428.188,40152.504
882.371,100.100,30428.188,40152.504
883.390,100.100,30428.188,40152.504
884.409,99.100,30428.188,40152.504
885.428,101.100,30428.188,40152.504
886.447,99.100,30428.188,40152.504
887.467,100.100,30428.188,40152.504
888.486,100.100,30428.188,40152.504
889.505,101.100,30428.188,40152.504
890.524,100.100,30428.188,40152.504
891.543,99.100,30428.188,40152.504
892.562,100.100,30428.188,40152.504
893.581,100.100,30428.188,40152.504
894.600,100.100,30428.188,40152.504
895.619,100.100,30428.188,40152.504
896.639,101.100,30428.188,40152.504
897.658,99.100,30428.188,40152.504
898.677,100.100,30428.188,40152.504
899.695,100.200,30428.188,40152.504
900.714,100.100,30428.188,40152.504
901.733,100.100,30428.188,40152.504
902.752,100.100,30428.188,40152.504
903.771,100.100,30428.188,40152.504
904.788,100.300,30428.188,40152.504
905.807,100.100,30428.188,40152.504
906.826,100.100,30428.188,40152.504
907.846,100.100,30428.188,40152.504
908.864,100.100,30428.188,40152.504
909.884,100.100,30428.188,40152.504
910.903,100.000,30428.188,40152.504
911.922,99.100,30428.188,40152.504
912.942,101.100,30428.188,40152.504
913.961,100.100,30428.188,40152.504
914.980,99.100,30428.188,40152.504
915.999,101.100,30428.188,40152.504
917.018,100.100,30428.188,40152.504
918.037,100.100,30428.188,40152.504
919.056,99.100,30428.188,40152.504
920.075,100.100,30428.188,40152.504
921.094,100.100,30428.188,40152.504
922.113,101.100,30428.188,40152.504
923.132,100.100,30428.188,40152.504
924.151,100.100,30428.188,40152.504
925.170,100.100,30428.188,40152.504
926.189,100.100,30428.188,40152.504
927.208,99.100,30428.188,40152.504
928.227,101.100,30428.188,40152.504
929.246,100.100,30428.188,40152.504
930.265,100.100,30428.188,40152.504
931.284,99.100,30428.188,40152.504
932.303,100.100,30428.188,40152.504
933.322,101.100,30345.641,40069.957
934.341,100.100,30345.641,40069.957
935.360,99.100,30345.641,40069.957
936.379,101.100,30345.641,40069.957
937.398,99.100,30345.641,40069.957
938.417,100.100,30345.641,40069.957
939.436,101.100,30345.641,40069.957
940.455,99.100,30345.641,40069.957
941.474,100.100,30345.641,40069.957
942.493,100.100,30345.641,40069.957
943.512,100.100,30345.641,40069.957
944.531,100.100,30345.641,40069.957
945.550,100.100,30345.641,40069.957
946.570,101.100,30345.641,40069.957
947.589,99.100,30345.641,40069.957
948.607,100.100,30345.641,40069.957
949.626,100.100,30345.641,40069.957
950.645,100.100,30345.641,40069.957
951.664,100.100,30345.641,40069.957
952.683,100.200,30345.641,40069.957
953.701,100.200,30345.641,40069.957
954.720,100.100,30345.641,40069.957
955.739,100.100,30345.641,40069.957
956.758,100.100,30345.641,40069.957
957.777,100.100,30345.641,40069.957
958.796,100.100,30345.641,40069.957
959.815,100.100,30345.641,40069.957
960.834,100.100,30345.641,40069.957
961.853,100.100,30345.641,40069.957
962.872,100.100,30345.641,40069.957
963.891,99.100,30345.641,40069.957
964.910,101.100,30345.641,40069.957
965.929,100.100,30345.641,40069.957
966.949,99.100,30345.641,40069.957
967.968,101.100,30345.641,40069.957
968.987,100.100,30345.641,40069.957
970.006,100.100,30345.641,40069.957
971.025,99.100,30345.641,40069.957
972.044,101.100,30345.641,40069.957
973.062,100.200,30345.641,40069.957
974.081,100.100,30345.641,40069.957
975.100,100.100,30345.641,40069.957
976.119,100.100,30345.641,40069.957
977.138,100.100,30345.641,40069.957
978.157,99.100,30345.641,40069.957
979.176,100.100,30345.641,40069.957
980.195,101.100,30345.641,40069.957
981.214,99.100,30345.641,40069.957
982.233,100.100,30345.641,40069.957
983.251,101.200,30345.641,40069.957
984.270,100.100,30345.641,40069.957
985.288,99.200,30345.641,40069.957
986.307,101.100,30345.641,40069.957
987.326,99.100,30345.641,40069.957
988.344,100.200,30345.641,40069.957
989.363,100.100,30345.641,40069.957
990.382,100.100,30345.641,40069.957
991.401,100.100,30345.641,40069.957
992.420,100.100,30345.641,40069.957
993.439,99.100,30345.641,40069.957
994.457,101.100,30345.641,40069.957
995.476,100.100,30345.641,40069.957
996.495,100.100,30345.641,40069.957
997.514,99.100,30345.641,40069.957
998.533,101.100,30345.641,40069.957
999.552,99.100,30345.641,40069.957
1000.570,100.100,30345.641,40069.957
1001.589,101.100,30345.641,40069.957
1002.608,99.100,30345.641,40069.957
1003.627,100.100,30345.641,40069.957
1004.646,101.100,30345.641,40069.957
1005.665,99.100,30345.641,40069.957
1006.684,100.100,30345.641,40069.957
1007.703,100.100,30345.641,40069.957
1008.721,100.200,30345.641,40069.957
1009.738,100.200,30345.641,40069.957
1010.757,100.100,30345.641,40069.957
1011.776,99.100,30381.535,40105.852
1012.795,100.100,30381.535,40105.852
1013.814,100.100,30381.535,40105.852
1014.833,101.100,30381.691,40105.852
1015.852,99.100,30381.691,40105.852
1016.871,101.100,30381.691,40105.852
1017.890,99.100,30381.691,40105.852
1018.909,101.100,30381.691,40105.852
1019.928,100.100,30381.691,40105.852
1020.946,100.200,30381.691,40105.852
1021.965,100.100,30381.691,40105.852
1022.983,100.100,30381.691,40105.852
1024.002,100.100,30381.691,40105.852
1025.021,99.100,30381.691,40105.852
1026.040,100.100,30381.691,40105.852
1027.059,100.100,30381.691,40105.852
1028.078,101.100,30381.691,40105.852
1029.097,99.100,30381.691,40105.852
1030.116,100.100,30381.691,40105.852
1031.135,101.000,30381.691,40105.852
1032.155,99.100,30381.691,40105.852
1033.173,100.100,30381.691,40105.852
1034.192,100.100,30381.691,40105.852
1035.211,101.100,30381.691,40105.852
1036.230,99.100,30381.691,40105.852
1037.249,100.100,30381.691,40105.852
1038.268,100.100,30381.691,40105.852
1039.287,100.100,30381.691,40105.852
1040.306,100.100,30381.691,40105.852
1041.325,100.100,30381.691,40105.852
1042.344,100.100,30381.691,40105.852
1043.363,100.100,30381.691,40105.852
1044.382,100.100,30381.691,40105.852
1045.401,100.100,30381.691,40105.852
1046.419,100.100,30381.691,40105.852
1047.438,100.100,30381.691,40105.852
1048.457,99.100,30381.691,40105.852
1049.476,101.100,30381.691,40105.852
1050.495,100.100,30381.691,40105.852
1051.514,100.100,30381.691,40105.852
1052.533,100.100,30381.691,40105.852
1053.552,99.100,30381.691,40105.852
1054.571,100.100,30381.691,40105.852
1055.590,100.100,30381.691,40105.852
1056.609,100.100,30381.691,40105.852
1057.628,100.100,30381.691,40105.852
1058.646,100.200,30381.691,40105.852
1059.665,101.100,30381.691,40105.852
1060.684,100.100,30381.691,40105.852
1061.703,99.100,30381.691,40105.852
1062.721,100.200,30381.691,40105.852
1063.739,101.200,30381.691,40105.852
1064.757,99.200,30381.691,40105.852
1065.776,100.100,30381.691,40105.852
1066.795,100.100,30381.691,40105.852
1067.814,100.100,30381.691,40105.852
1068.833,100.100,30381.691,40105.852
1069.851,99.100,30381.691,40105.852
1070.870,101.100,30381.691,40105.852
1071.889,100.100,30381.691,40105.852
1072.908,100.100,30381.691,40105.852
1073.927,100.100,30381.691,40105.852
1074.946,100.100,30381.691,40105.852
1075.964,100.100,30381.691,40105.852
1076.983,100.100,30381.691,40105.852
1078.002,100.100,30381.691,40105.852
1079.021,100.100,30381.691,40105.852
1080.040,99.100,30381.691,40105.852
1081.059,100.100,30381.691,40105.852
1082.076,101.200,30381.691,40105.852
1083.095,100.100,30381.691,40105.852
1084.114,100.100,30381.691,40105.852
1085.133,100.100,30381.691,40105.852
1086.151,100.200,30381.691,40105.852
1087.168,99.300,30381.691,40105.852
1088.187,100.100,30381.691,40105.852
1089.206,99.100,30381.691,40105.852
1090.222,101.300,30381.691,40105.852
1091.240,100.300,30381.691,40105.852
1092.256,99.400,30381.691,40105.852
1093.273,100.300,30381.691,40105.852
1094.289,99.400,30381.691,40105.852
1095.307,101.200,30381.691,40105.852
1096.323,99.400,30381.691,40105.852
1097.340,100.300,30381.691,40105.852
1098.356,99.300,30381.691,40105.852
1099.372,100.500,30381.691,40105.852
1100.388,100.300,30381.691,40105.852
1101.407,100.100,30381.691,40105.852
1102.426,100.100,30381.691,40105.852
1103.445,100.100,30381.691,40105.852
1104.464,100.100,30381.691,40105.852
1105.483,100.100,30381.691,40105.852
1106.501,100.100,30381.691,40105.852
1107.520,100.100,30381.691,40105.852
1108.539,100.100,30381.691,40105.852
1109.558,100.100,30381.691,40105.852
1110.577,100.100,30381.691,40105.852
1111.596,100.100,30381.691,40105.852
1112.614,99.100,30381.691,40105.852
1113.633,101.100,30381.691,40105.852
1114.652,100.100,30381.691,40105.852
1115.671,99.100,30381.691,40105.852
1116.689,101.100,30381.691,40105.852
1117.708,99.100,30381.691,40105.852
1118.726,100.200,30381.691,40105.852
1119.745,100.100,30381.691,40105.852
1120.763,100.100,30381.691,40105.852
1121.782,100.100,30381.691,40105.852
1122.801,100.100,30381.691,40105.852
1123.820,100.100,30381.691,40105.852
1124.838,100.100,30381.691,40105.852
1125.857,99.100,30381.691,40105.852
1126.876,100.100,30381.691,40105.852
1127.895,100.100,30381.691,40105.852
1128.913,101.100,30381.691,40105.852
1129.932,100.100,30381.691,40105.852
1130.950,99.200,30381.691,40105.852
1131.969,100.100,30381.691,40105.852
1132.988,100.100,30381.691,40105.852
1134.007,101.100,30381.691,40105.852
1135.025,99.100,30381.691,40105.852
1136.044,101.100,30381.691,40105.852
1137.063,99.100,30381.691,40105.852
1138.082,100.100,30381.691,40105.852
1139.101,100.100,30381.691,40105.852
1140.120,100.100,30381.691,40105.852
1141.138,101.100,30381.691,40105.852
1142.157,99.100,30381.691,40105.852
1143.176,100.100,30381.691,40105.852
1144.195,100.100,30381.691,40105.852
1145.213,101.100,30381.691,40105.852
1146.232,99.100,30381.691,40105.852
1147.251,100.100,30381.691,40105.852
1148.270,100.100,30381.691,40105.852
1149.288,100.100,30381.691,40105.852
1150.307,100.100,30381.691,40105.852
1151.326,100.100,30381.691,40105.852
1152.345,100.100,30381.691,40105.852
1153.364,100.100,30381.691,40105.852
1154.383,99.100,30381.691,40105.852
1155.401,101.100,30381.691,40105.852
1156.420,100.100,30381.691,40105.852
1157.439,100.100,30381.691,40105.852
1158.458,99.100,30381.691,40105.852
1159.476,100.100,30381.691,40105.852
1160.495,100.100,30381.691,40105.852
1161.514,100.100,30381.691,40105.852
1162.533,100.100,30381.691,40105.852
1163.551,101.100,30381.691,40105.852
1164.570,99.100,30381.691,40105.852
1165.589,100.100,30381.691,40105.852
1166.608,100.100,30381.691,40105.852
1167.626,100.100,30381.691,40105.852
1168.645,100.100,30381.691,40105.852
1169.664,100.100,30381.691,40105.852
1170.683,100.100,30381.691,40105.852
1171.702,99.100,30382.438,40105.852
1172.720,101.200,30382.438,40105.852
1173.738,99.200,30382.438,40105.852
1174.757,100.100,30382.438,40105.852
1175.776,101.100,30346.543,40069.957
1176.794,100.100,30346.543,40069.957
1177.813,99.100,30346.672,40069.957
1178.832,100.100,30346.672,40069.957
1179.851,100.100,30346.672,40069.957
1180.869,100.100,30346.672,40069.957
1181.888,100.100,30346.672,40069.957
1182.907,100.100,30346.672,40069.957
1183.926,100.100,30346.672,40069.957
1184.944,100.200,30346.672,40069.957
1185.963,100.100,30346.672,40069.957
1186.982,100.100,30346.672,40069.957
1188.000,100.100,30346.672,40069.957
1189.019,99.100,30346.672,40069.957
1190.038,101.100,30346.672,40069.957
1191.057,100.100,30346.672,40069.957
1192.076,99.100,30346.672,40069.957
1193.094,101.100,30346.672,40069.957
1194.113,99.100,30346.672,40069.957
1195.132,101.100,30346.672,40069.957
1196.151,99.100,30346.672,40069.957
1197.170,101.100,30346.672,40069.957
1198.189,99.100,30346.672,40069.957
1199.207,101.100,30346.672,40069.957
1200.226,99.100,30346.672,40069.957
1201.245,100.100,30346.672,40069.957
1202.264,100.100,30346.672,40069.957
1203.282,100.100,30346.672,40069.957
1204.301,100.100,30346.672,40069.957
1205.320,100.100,30346.672,40069.957
1206.339,100.100,30346.672,40069.957
1207.357,100.100,30346.672,40069.957
1208.376,100.100,30346.672,40069.957
1209.395,100.100,30346.672,40069.957
1210.414,100.100,30346.672,40069.957
1211.433,100.100,30346.672,40069.957
1212.451,100.100,30346.672,40069.957
1213.470,100.100,30346.672,40069.957
1214.489,100.100,30346.672,40069.957
1215.508,100.100,30346.672,40069.957
1216.526,99.100,30346.672,40069.957
1217.545,101.100,30346.672,40069.957
1218.564,100.100,30346.672,40069.957
1219.583,100.100,30346.672,40069.957
1220.602,100.100,30346.672,40069.957
1221.621,99.100,30346.672,40069.957
1222.639,101.100,30346.672,40069.957
1223.658,100.100,30346.672,40069.957
1224.677,99.100,30346.672,40069.957
1225.696,100.100,30346.672,40069.957
1226.715,100.100,30346.672,40069.957
1227.732,100.200,30346.672,40069.957
1228.751,100.100,30346.672,40069.957
1229.770,100.100,30346.672,40069.957
1230.788,100.100,30346.672,40069.957
1231.807,100.100,30346.672,40069.957
1232.826,100.100,30346.672,40069.957
1233.845,100.100,30346.672,40069.957
1234.863,100.100,30346.672,40069.957
1235.882,100.100,30346.672,40069.957
1236.901,100.100,30346.672,40069.957
1237.919,100.100,30346.672,40069.957
1238.938,99.200,30346.672,40069.957
1239.957,100.100,30346.672,40069.957
1240.975,100.100,30346.672,40069.957
1241.994,101.100,30346.672,40069.957
1243.013,99.100,30346.672,40069.957
1244.032,101.100,30346.672,40069.957
1245.050,99.200,30346.672,40069.957
1246.069,100.100,30346.672,40069.957
1247.088,100.100,30346.672,40069.957
1248.107,100.100,30346.672,40069.957
1249.126,101.100,30346.672,40069.957
1250.144,99.100,30346.672,40069.957
1251.163,100.100,30346.672,40069.957
1252.182,100.100,30346.672,40069.957
1253.201,100.100,30346.672,40069.957
1254.220,100.100,30346.672,40069.957
1255.238,100.100,30346.672,40069.957
1256.257,100.100,30346.672,40069.957
1257.276,100.100,30346.672,40069.957
1258.295,100.100,30346.672,40069.957
1259.314,100.100,30346.672,40069.957
1260.332,99.100,30346.672,40069.957
1261.351,100.100,30346.672,40069.957
1262.370,101.100,30346.672,40069.957
1263.389,100.100,30346.672,40069.957
1264.407,100.100,30346.672,40069.957
1265.426,100.100,30346.672,40069.957
1266.445,100.100,30346.672,40069.957
1267.464,99.100,30346.672,40069.957
1268.483,101.100,30346.672,40069.957
1269.501,99.100,30346.672,40069.957
1270.520,100.100,30346.672,40069.957
1271.539,101.100,30346.672,40069.957
1272.558,99.100,30346.672,40069.957
1273.577,100.100,30346.672,40069.957
1274.595,100.100,30346.672,40069.957
1275.614,100.100,30346.672,40069.957
1276.633,100.100,30346.672,40069.957
1277.652,100.100,30346.672,40069.957
1278.671,100.100,30346.672,40069.957
1279.689,100.100,30346.672,40069.957
1280.708,100.100,30346.672,40069.957
1281.726,100.200,30346.672,40069.957
1282.745,99.100,30346.672,40069.957
1283.763,100.100,30346.672,40069.957
1284.782,100.100,30346.672,40069.957
1285.801,101.100,30346.672,40069.957
1286.820,100.100,30346.672,40069.957
1287.839,100.100,30346.672,40069.957
1288.858,100.100,30346.672,40069.957
1289.877,100.100,30346.672,40069.957
1290.896,99.100,30346.672,40069.957
1291.911,100.400,30346.672,40069.957
1292.931,100.100,30346.672,40069.957
1293.949,100.100,30346.672,40069.957
1294.968,100.100,30346.672,40069.957
1295.987,100.100,30346.672,40069.957
1297.006,100.100,30346.672,40069.957
1298.026,100.100,30346.672,40069.957
1299.045,100.100,30346.672,40069.957
1300.064,100.100,30346.672,40069.957
1301.083,100.100,30346.672,40069.957
1302.102,100.100,30346.672,40069.957
1303.121,100.100,30346.672,40069.957
1304.140,100.100,30346.672,40069.957
1305.161,99.900,30346.672,40069.957
1306.180,100.100,30346.672,40069.957
1307.200,100.100,30346.672,40069.957
1308.219,100.100,30346.672,40069.957
1309.239,101.000,30346.672,40069.957
1310.258,99.100,30346.672,40069.957
1311.277,100.100,30346.672,40069.957
1312.296,100.100,30346.672,40069.957
1313.316,100.100,30346.672,40069.957
1314.335,100.100,30346.672,40069.957
1315.354,100.100,30346.672,40069.957
1316.374,100.000,30346.672,40069.957
1317.393,100.100,30346.672,40069.957
1318.412,100.100,30346.672,40069.957
1319.431,100.100,30346.672,40069.957
1320.451,100.100,30346.672,40069.957
1321.470,100.100,30346.672,40069.957
1322.489,100.100,30346.672,40069.957
1323.508,100.100,30346.672,40069.957
1324.528,100.100,30346.672,40069.957
1325.547,100.100,30346.672,40069.957
1326.566,100.100,30346.672,40069.957
1327.586,100.100,30346.672,40069.957
1328.605,100.100,30346.672,40069.957
1329.624,100.100,30346.672,40069.957
1330.643,100.100,30346.672,40069.957
1331.662,100.100,30346.672,40069.957
1332.681,100.100,30346.672,40069.957
1333.701,100.100,30346.672,40069.957
1334.719,100.200,30346.672,40069.957
1335.737,99.200,30346.672,40069.957
1336.755,101.200,30346.672,40069.957
1337.774,100.100,30346.672,40069.957
1338.793,100.100,30346.672,40069.957
1339.808,99.500,30346.672,40069.957
1340.827,101.100,30346.672,40069.957
1341.846,99.100,30346.672,40069.957
1342.865,100.100,30346.672,40069.957
1343.884,100.100,30346.672,40069.957
1344.903,100.100,30346.672,40069.957
1345.922,100.100,30346.672,40069.957
1346.941,101.100,30346.672,40069.957
1347.960,99.100,30346.672,40069.957
1348.979,100.100,30346.672,40069.957
1349.998,100.100,30346.672,40069.957
1351.017,100.100,30346.672,40069.957
1352.036,100.100,30346.672,40069.957
1353.055,100.100,30346.672,40069.957
1354.074,100.100,30346.672,40069.957
1355.093,100.100,30346.672,40069.957
1356.112,100.100,30346.672,40069.957
1357.131,100.100,30346.672,40069.957
1358.151,100.100,30346.672,40069.957
1359.170,100.100,30346.672,40069.957
1360.189,100.100,30346.672,40069.957
1361.208,100.100,30346.672,40069.957
1362.227,100.100,30346.672,40069.957
1363.246,100.100,30346.672,40069.957
1364.265,100.100,30346.672,40069.957
1365.285,100.100,30346.672,40069.957
1366.304,100.100,30346.672,40069.957
1367.323,100.100,30346.672,40069.957
1368.343,100.100,30346.672,40069.957
1369.362,100.100,30346.672,40069.957
1370.381,100.100,30346.672,40069.957
1371.400,100.100,30346.672,40069.957
1372.419,100.100,30346.672,40069.957
1373.438,101.000,30346.672,40069.957
1374.458,99.100,30346.672,40069.957
1375.477,100.100,30346.672,40069.957
1376.496,100.100,30346.672,40069.957
1377.516,100.100,30346.672,40069.957
1378.535,100.100,30346.672,40069.957
1379.554,100.000,30346.672,40069.957
1380.574,100.100,30346.672,40069.957
1381.593,100.100,30346.672,40069.957
1382.613,100.000,30346.672,40069.957
1383.632,100.100,30346.672,40069.957
1384.651,100.100,30346.672,40069.957
1385.670,101.000,30346.672,40069.957
1386.690,99.100,30346.672,40069.957
1387.709,100.100,30346.672,40069.957
1388.727,100.200,30346.672,40069.957
1389.746,100.100,30346.672,40069.957
1390.765,100.100,30346.672,40069.957
1391.784,100.100,30346.672,40069.957
1392.804,100.100,30346.672,40069.957
1393.820,100.300,30346.672,40069.957
1394.833,99.800,30346.672,40069.957
1395.846,100.600,30346.672,40069.957
1396.865,100.100,30346.672,40069.957
1397.884,99.100,30346.672,40069.957
1398.902,100.200,30346.672,40069.957
1399.920,101.100,30346.672,40069.957
1400.936,99.500,30346.672,40069.957
1401.955,100.100,30346.672,40069.957
1402.973,100.100,30346.672,40069.957
1403.992,99.100,30346.672,40069.957
1405.011,100.100,30346.672,40069.957
1406.030,101.100,30346.672,40069.957
1407.049,100.100,30346.672,40069.957
1408.068,100.100,30346.672,40069.957
1409.087,100.100,30346.672,40069.957
1410.106,99.100,30346.672,40069.957
1411.122,101.400,30346.672,40069.957
1412.140,100.100,30346.672,40069.957
1413.160,99.100,30346.672,40069.957
1414.179,100.100,30346.672,40069.957
1415.196,100.300,30346.672,40069.957
1416.215,100.100,30346.672,40069.957
1417.234,100.100,30346.672,40069.957
1418.253,100.100,30346.672,40069.957
1419.274,100.900,30346.672,40069.957
1420.294,99.100,30346.672,40069.957
1421.313,100.100,30346.672,40069.957
1422.332,101.000,30346.672,40069.957
1423.352,100.100,30346.672,40069.957
1424.371,99.100,30346.672,40069.957
1425.391,100.000,30346.672,40069.957
1426.410,100.100,30346.672,40069.957
1427.429,100.100,30346.672,40069.957
1428.448,100.100,30346.672,40069.957
1429.467,101.000,30346.672,40069.957
1430.486,99.100,30346.672,40069.957
1431.505,101.100,30346.672,40069.957
1432.524,100.100,30346.672,40069.957
1433.543,99.100,30346.672,40069.957
1434.562,100.100,30346.672,40069.957
1435.581,101.000,30346.672,40069.957
1436.598,99.300,30346.672,40069.957
1437.617,99.100,30346.672,40069.957
1438.636,101.100,30346.672,40069.957
1439.655,100.100,30346.672,40069.957
1440.674,100.100,30346.672,40069.957
1441.693,100.100,30346.672,40069.957
1442.712,100.100,30346.672,40069.957
1443.731,100.100,30346.672,40069.957
1444.749,99.200,30346.672,40069.957
1445.769,101.000,30346.672,40069.957
1446.788,100.100,30346.672,40069.957
1447.805,99.400,30346.672,40069.957
1448.820,100.500,30346.672,40069.957
1449.831,99.800,30346.672,40069.957
1450.844,100.700,30367.191,40069.957
1451.856,99.800,30367.691,40069.957
1452.868,99.800,30391.934,40069.957
1453.887,100.100,30391.934,40069.957
1454.904,100.300,30391.934,40069.957
1455.923,100.100,30391.934,40069.957
1456.942,100.100,30406.285,40069.957
1457.961,100.100,30408.883,40069.957
1458.980,100.100,30409.086,40069.957
1459.999,100.100,30416.668,40069.957
1461.018,100.100,30416.668,40069.957
1462.037,99.100,30416.668,40069.957
1463.056,101.100,30416.668,40069.957
1464.075,100.100,30416.668,40069.957
1465.094,100.100,30416.668,40069.957
1466.113,100.100,30416.668,40069.957
1467.129,99.400,30416.668,40069.957
1468.148,101.100,30416.668,40069.957
1469.167,100.100,30416.668,40069.957
1470.185,99.100,30416.668,40069.957
1471.204,100.100,30416.668,40069.957
1472.223,100.100,30420.043,40069.957
1473.242,100.100,30422.043,40069.957
1474.261,100.100,30422.043,40069.957
1475.280,100.100,30512.590,40174.820
1476.298,100.100,30767.051,40450.773
1477.317,100.100,31101.680,40797.250
1478.337,100.100,31347.914,41057.227
1479.356,99.100,31427.461,41133.504
1480.375,101.100,31434.016,41133.504
1481.392,100.300,31437.309,41133.504
1482.411,100.100,31450.930,41133.504
1483.430,100.100,31450.938,41133.504
1484.448,100.200,31452.645,41133.504
1485.468,99.000,31452.645,41133.504
1486.487,100.100,31453.254,41133.504
1487.506,101.100,31475.688,41147.250
1488.523,100.300,31478.113,41147.250
1489.541,99.300,31478.160,41147.250
1490.558,100.300,31478.160,41147.250
1491.576,100.200,31480.781,41147.250
1492.595,99.100,31750.242,41312.855
1493.613,100.200,31915.945,41478.461
1494.630,100.300,31915.945,41478.461
1495.647,100.400,32247.555,41892.477
1496.663,100.400,32247.555,41892.477
1497.680,100.300,32263.305,41892.477
1498.697,99.300,32306.938,41892.477
1499.714,100.300,32566.078,42223.691
1500.732,100.200,32627.328,42223.691
1501.750,100.300,32662.730,42223.691
1502.768,100.200,32666.875,42223.691
1503.786,100.200,33169.004,42886.125
1504.803,100.300,33335.098,43134.535
1505.821,100.200,33505.934,43382.949
1506.839,99.200,33509.508,43382.949
