Elapsed_time,CPU,Real_MB,Virtual_MB
0.000,0.000,41.148,12703.801
1.022,97.800,111.914,12708.590
2.051,98.200,152.703,12749.035
3.079,96.300,239.164,12836.863
4.106,98.400,292.754,12890.664
5.133,99.200,389.223,12987.699
6.161,99.200,413.055,13017.484
7.189,99.200,490.922,13095.656
8.217,100.200,504.426,13108.734
9.246,95.300,644.789,13250.168
10.274,95.300,687.410,13294.664
11.302,99.200,689.523,13297.121
12.330,92.400,698.105,13306.930
13.358,95.300,713.215,13326.945
14.386,96.200,715.305,13329.926
15.415,83.600,729.285,13347.664
16.443,75.900,747.770,13366.168
17.471,82.700,809.426,13430.387
18.499,80.700,815.152,13435.918
19.527,82.700,815.484,13436.680
20.555,92.400,819.434,13443.145
21.584,94.300,819.812,13444.156
22.611,78.800,902.516,13536.250
23.640,82.700,965.570,13606.141
24.668,84.600,972.348,13614.102
25.697,78.700,972.777,13613.738
26.725,90.400,973.562,13615.695
27.754,85.600,974.070,13654.758
28.782,77.800,975.066,13656.254
29.810,76.900,1009.695,13690.754
30.838,92.400,1050.051,13736.055
31.865,81.700,1054.004,13736.180
32.893,100.200,1054.578,13736.680
33.921,99.200,1166.750,13901.781
34.949,72.000,1229.230,13911.363
35.977,99.200,1296.656,13979.141
37.005,99.200,1306.199,13988.805
38.033,99.200,1306.199,13988.805
39.061,99.200,1382.555,14066.117
40.087,100.300,1392.207,14075.781
41.115,98.300,1392.207,14075.781
42.143,99.200,1392.207,14075.781
43.171,99.200,1392.207,14075.781
44.198,98.300,1392.207,14075.781
45.227,99.200,1392.207,14075.781
46.254,99.300,1392.207,14075.781
47.283,99.200,1392.207,14075.781
48.311,96.300,1392.207,14075.781
49.339,99.200,1449.367,14133.766
50.367,99.200,1497.281,14182.086
51.394,99.200,1497.281,14182.086
52.422,99.200,1497.281,14182.086
53.450,98.300,1497.422,14182.086
54.478,99.300,1497.422,14182.086
55.505,99.300,1497.422,14182.086
56.533,98.300,1497.422,14182.086
57.562,99.200,1497.422,14182.086
58.589,96.300,1497.422,14182.086
59.617,98.300,1497.422,14182.086
60.645,99.200,1497.422,14182.086
61.673,98.300,1497.422,14182.086
62.701,99.200,1497.422,14182.086
63.729,99.200,1497.422,14182.086
64.757,99.200,1497.422,14182.086
65.785,99.200,1526.980,17865.902
66.813,100.200,1807.984,17865.902
67.841,100.200,1807.984,17865.902
68.869,100.100,1811.695,17956.902
69.898,99.100,1818.914,18123.902
70.927,101.100,1827.680,18323.902
71.956,100.100,1837.773,18563.902
72.984,100.200,1850.406,18852.902
74.013,100.100,1850.406,18852.902
75.042,100.100,1865.102,19198.902
76.070,99.200,1882.891,19614.902
77.097,100.200,1904.547,20112.902
78.125,558.300,3841.676,23969.684
79.154,1160.900,8979.262,23969.684
80.183,304.200,3943.484,17605.586
81.211,100.100,4070.844,17738.586
82.239,99.200,4782.406,18481.586
83.268,100.100,4782.406,18481.586
84.297,101.100,5636.539,19374.586
85.325,100.200,5874.500,19623.586
86.354,99.200,6386.484,20155.086
87.382,100.200,6663.117,20444.086
88.410,99.200,6664.406,20445.086
89.438,100.200,6685.477,20445.086
90.466,99.200,6714.352,20445.086
91.494,101.200,6742.969,20445.086
92.521,100.200,6771.070,20445.086
93.549,99.300,6799.430,20445.086
94.576,100.200,6827.273,20445.086
95.604,99.300,6855.375,20445.086
96.631,100.200,6883.477,20445.086
97.659,100.200,6894.598,20445.086
98.687,99.300,6985.219,20540.086
99.715,101.200,7027.586,20585.086
100.742,99.300,7316.852,20887.086
101.770,100.200,7604.055,21187.086
102.797,99.300,7893.320,21489.086
103.825,100.200,8183.102,21792.086
104.853,100.200,8215.328,21826.086
105.882,99.200,8406.109,22025.086
106.909,101.200,8695.891,22328.086
107.937,99.200,8985.930,22631.086
108.965,100.200,9275.969,22934.086
109.993,100.200,9562.914,23234.086
111.020,100.200,9691.562,23368.086
112.048,99.200,9781.109,23462.086
113.076,99.300,10072.180,23766.086
114.102,100.400,10362.992,24070.086
115.129,100.200,10654.578,24374.086
116.157,91.500,10878.477,24608.086
117.186,97.100,10921.633,24640.715
118.215,99.200,10921.664,24640.715
119.243,101.100,12259.664,27108.914
120.271,99.200,13390.258,27108.914
121.299,100.200,14168.699,29577.117
122.327,99.200,15230.699,29577.117
123.355,100.200,15863.637,29577.117
124.382,100.200,15863.703,29577.117
125.411,120.600,16093.480,29814.574
126.439,100.200,16790.676,30509.703
127.467,100.200,17509.004,31227.652
128.495,100.200,18253.852,31972.738
129.523,99.200,17004.371,30723.641
130.551,100.200,17574.578,31292.863
131.578,100.200,17691.836,31401.758
132.606,100.200,18012.934,31543.785
133.635,100.200,16694.676,30201.562
134.663,100.200,16784.320,30262.031
135.691,100.200,16784.551,30262.031
136.719,99.200,16785.695,30262.031
137.747,100.200,17945.012,32730.230
138.776,99.200,19365.094,35198.520
139.804,101.100,20901.113,35198.520
140.833,99.200,21722.273,35198.520
141.861,101.100,21722.316,35198.520
142.889,100.200,22787.164,37666.719
143.918,99.200,24190.516,37666.719
144.946,117.700,24626.613,38103.453
145.974,100.200,25347.801,38880.438
147.003,99.100,26008.953,39511.809
148.031,100.200,26879.012,40506.117
149.060,100.200,27391.004,40979.766
150.087,100.300,27674.547,41132.352
151.115,100.200,27908.609,41390.000
152.143,99.200,25219.027,38689.879
153.171,101.100,25242.922,38689.879
154.199,99.200,25243.141,38689.879
155.227,100.200,25247.391,38689.879
156.255,100.200,26444.508,41158.078
157.284,99.200,27715.844,41158.078
158.312,100.200,28000.934,43626.277
159.340,99.200,28624.934,43626.277
160.369,100.100,29248.934,43626.277
161.398,101.100,29870.934,43626.277
162.426,99.200,30184.406,43626.277
163.454,100.200,30548.934,46094.477
164.483,100.200,31372.934,46094.477
165.511,100.200,32198.934,46094.477
166.540,99.100,30465.133,46094.477
167.569,100.100,31163.133,46094.477
168.597,100.200,31871.133,46094.477
169.625,100.200,32581.133,46094.477
170.653,99.200,32695.102,46136.867
171.681,101.100,33504.773,46949.195
172.709,99.200,30386.078,43827.738
173.737,99.200,30572.309,43999.195
174.766,101.100,31227.750,44654.453
175.795,99.200,32271.730,45718.246
176.824,99.100,32493.840,45889.703
177.852,101.100,32501.344,45889.703
178.880,99.200,32616.566,46020.137
179.908,100.200,25416.742,38820.312
180.936,100.200,25416.828,38820.312
181.964,100.200,25428.914,38820.312
182.992,99.300,25432.805,38820.312
184.020,100.200,25432.844,38820.312
185.048,100.200,25729.691,39167.703
186.076,100.200,26063.902,39451.305
187.102,97.400,26064.152,39451.305
188.130,100.200,26064.152,39451.305
189.157,100.200,26064.348,39451.305
190.185,100.200,26064.527,39451.895
191.213,4053.100,26075.559,39604.191
192.291,2051.900,26441.332,40208.078
193.320,99.200,26909.840,40565.883
194.348,100.100,26296.973,39953.016
195.376,100.200,26296.973,39953.016
196.404,100.200,26296.973,39953.016
197.432,1569.000,26296.973,39953.016
198.455,1473.700,26384.387,40040.555
199.483,98.300,26384.551,40040.555
200.511,100.200,26384.551,40040.555
201.539,101.200,26384.551,40040.555
202.566,99.200,26384.551,40040.555
203.594,2914.700,26420.121,40158.766
204.623,100.200,26502.762,40158.766
205.651,100.200,26502.762,40158.766
206.680,100.100,26502.762,40158.766
207.708,99.200,26502.762,40158.766
208.736,2740.600,26502.762,40158.766
209.763,100.200,27740.129,41440.301
210.786,99.800,28528.410,42184.422
211.814,99.200,28901.344,42557.340
212.842,100.200,28901.344,42557.340
213.870,100.200,28901.344,42557.340
214.898,100.200,28901.344,42557.340
215.926,1444.500,28901.344,42557.340
216.992,1346.900,29101.379,42757.375
218.020,98.300,27823.738,41479.734
219.048,101.200,27823.738,41479.734
220.075,99.300,27823.738,41479.734
221.098,749.000,27823.738,41479.734
222.156,2033.700,27823.738,41479.734
223.184,100.200,29142.414,43947.934
224.213,105.000,30280.945,43795.637
225.241,79.700,30383.547,43898.199
226.269,105.100,30383.547,43898.199
227.297,106.000,27915.348,41430.000
228.325,107.000,27915.348,41430.000
229.353,105.100,27915.348,41430.000
230.381,106.000,25565.363,39080.004
231.409,106.000,25565.363,39080.004
232.438,106.000,25565.363,39080.004
233.466,106.000,25565.363,39080.004
234.494,105.100,25565.363,39080.004
235.522,107.000,25565.363,39080.004
236.550,106.000,25565.363,39080.004
237.579,106.000,25565.363,39080.004
238.607,106.000,25565.363,39080.004
239.635,106.000,25565.363,39080.004
240.663,106.000,25565.363,39080.004
241.691,106.000,25565.363,39080.004
242.718,107.000,25565.363,39080.004
243.746,106.000,25565.363,39080.004
244.774,106.000,25565.363,39080.004
245.802,106.000,25565.363,39080.004
246.830,106.100,25565.363,39080.004
247.857,106.100,25565.363,39080.004
248.885,105.100,25565.363,39080.004
249.913,106.000,25565.363,39080.004
250.941,107.000,25565.363,39080.004
251.969,106.000,25565.363,39080.004
252.997,106.000,25565.363,39080.004
254.025,107.000,25565.363,39080.004
255.053,106.100,25565.363,39080.004
256.081,105.100,25565.363,39080.004
257.108,106.100,25565.363,39080.004
258.136,107.000,25565.363,39080.004
259.164,106.100,25565.363,39080.004
260.192,106.100,25565.363,39080.004
261.220,106.100,25565.363,39080.004
262.247,107.000,25565.363,39080.004
263.275,105.100,25565.363,39080.004
264.303,107.000,25565.363,39080.004
265.331,106.000,25565.363,39080.004
266.359,106.000,25565.363,39080.004
267.387,106.000,25565.363,39080.004
268.416,107.000,25565.363,39080.004
269.443,106.100,25565.363,39080.004
270.471,106.100,25565.363,39080.004
271.499,105.100,25565.363,39080.004
272.526,107.100,25565.363,39080.004
273.554,106.000,25565.363,39080.004
274.582,106.000,25565.363,39080.004
275.610,107.000,25565.363,39080.004
276.638,106.000,25565.363,39080.004
277.666,106.100,25565.363,39080.004
278.694,107.000,25565.363,39080.004
279.721,105.100,25565.363,39080.004
280.749,107.000,25565.363,39080.004
281.777,105.100,25565.363,39080.004
282.805,106.000,25565.363,39080.004
283.832,107.000,25565.363,39080.004
284.860,106.100,25565.363,39080.004
285.888,106.000,25565.363,39080.004
286.916,106.100,25565.363,39080.004
287.943,106.100,25565.363,39080.004
288.971,107.000,25565.363,39080.004
289.999,106.000,25565.363,39080.004
291.027,107.000,25565.363,39080.004
292.055,106.100,25565.363,39080.004
293.082,106.100,25565.363,39080.004
294.110,106.000,25565.363,39080.004
295.138,106.100,25565.363,39080.004
296.165,105.100,25565.363,39080.004
297.193,107.000,25565.363,39080.004
298.221,106.000,25565.363,39080.004
299.249,106.100,25565.363,39080.004
300.277,106.100,25565.363,39080.004
301.304,106.100,25565.363,39080.004
302.332,106.000,25565.363,39080.004
303.360,106.100,25565.363,39080.004
304.387,106.100,25565.363,39080.004
305.415,106.100,25565.363,39080.004
306.442,107.100,25565.363,39080.004
307.470,106.000,25565.363,39080.004
308.498,106.100,25565.363,39080.004
309.526,106.000,25565.363,39080.004
310.554,105.100,25565.363,39080.004
311.581,107.000,25565.363,39080.004
312.609,106.100,25565.363,39080.004
313.637,107.000,25565.363,39080.004
314.664,105.100,25565.363,39080.004
315.692,106.100,25565.363,39080.004
316.719,107.000,25565.363,39080.004
317.747,106.100,25565.363,39080.004
318.775,107.000,25565.363,39080.004
319.802,106.100,25565.363,39080.004
320.830,106.100,25565.363,39080.004
321.858,106.000,25565.363,39080.004
322.885,107.000,25565.363,39080.004
323.913,106.100,25565.363,39080.004
324.940,106.100,25565.363,39080.004
325.968,107.000,25565.363,39080.004
326.997,106.000,25565.363,39080.004
328.025,106.000,25565.363,39080.004
329.053,107.000,25565.363,39080.004
330.080,106.100,25565.363,39080.004
331.108,106.100,25565.363,39080.004
332.135,106.100,25565.363,39080.004
333.163,106.000,25565.363,39080.004
334.191,107.000,25565.363,39080.004
335.219,107.000,25565.363,39080.004
336.247,106.000,25565.363,39080.004
337.275,106.100,25565.363,39080.004
338.303,107.000,25565.363,39080.004
339.331,105.100,25565.363,39080.004
340.358,106.100,25565.363,39080.004
341.386,106.100,25565.363,39080.004
342.414,107.000,25565.363,39080.004
343.441,106.100,25565.363,39080.004
344.469,106.100,25565.363,39080.004
345.497,107.000,25565.363,39080.004
346.525,106.100,25565.363,39080.004
347.552,106.100,25565.363,39080.004
348.580,107.100,25565.363,39080.004
349.608,105.100,25565.363,39080.004
350.635,107.100,25565.363,39080.004
351.663,106.100,25565.363,39080.004
352.690,106.100,25565.363,39080.004
353.718,106.100,25565.363,39080.004
354.746,106.100,25565.363,39080.004
355.773,100.200,25565.363,39080.004
356.802,100.200,25565.363,39080.004
357.830,99.200,25565.363,39080.004
358.857,100.200,25565.363,39080.004
359.885,100.200,25565.363,39080.004
360.912,99.300,25565.363,39080.004
361.940,100.200,25565.363,39080.004
362.968,100.200,25565.363,39080.004
363.996,100.200,25565.363,39080.004
365.024,100.200,25565.363,39080.004
366.051,99.300,25565.367,39080.004
367.080,100.100,25565.367,39080.004
368.107,99.300,25565.367,39080.004
369.134,101.200,25565.367,39080.004
370.162,100.200,25565.367,39080.004
371.189,100.200,25565.367,39080.004
372.217,99.300,25565.367,39080.004
373.245,100.200,25565.367,39080.004
374.273,100.200,25565.367,39080.004
375.300,100.200,25565.367,39080.004
376.328,99.300,25565.367,39080.004
377.355,100.200,25565.367,39080.004
378.383,100.200,25565.367,39080.004
379.410,99.300,25565.367,39080.004
380.438,100.200,25565.367,39080.004
381.466,100.200,25565.367,39080.004
382.494,100.200,25565.367,39080.004
383.522,99.200,25565.367,39080.004
384.550,100.200,25565.367,39080.004
385.577,100.200,25565.367,39080.004
386.605,100.200,25565.367,39080.004
387.633,99.200,25565.367,39080.004
388.661,100.200,25565.367,39080.004
389.689,100.200,25565.367,39080.004
390.717,100.200,25565.367,39080.004
391.744,100.200,25565.367,39080.004
392.772,99.200,25565.367,39080.004
393.800,100.200,25565.367,39080.004
394.827,100.200,25565.367,39080.004
395.855,100.200,25565.367,39080.004
396.883,99.200,25565.367,39080.004
397.911,100.200,25565.367,39080.004
398.938,100.200,25565.367,39080.004
399.966,101.200,25565.367,39080.004
400.994,100.200,25565.367,39080.004
402.022,99.200,25565.367,39080.004
403.049,100.200,25565.367,39080.004
404.077,100.200,25565.367,39080.004
405.103,99.400,25565.367,39080.004
406.131,100.200,25565.367,39080.004
407.158,100.200,25565.367,39080.004
408.186,100.200,25565.367,39080.004
409.214,100.200,25565.367,39080.004
410.242,99.300,25565.367,39080.004
411.269,100.200,25565.367,39080.004
412.297,100.200,25565.367,39080.004
413.325,100.200,25565.367,39080.004
414.353,100.200,25565.367,39080.004
415.380,99.200,25565.367,39080.004
416.408,100.200,25565.367,39080.004
417.436,100.200,25565.367,39080.004
418.464,100.200,25565.367,39080.004
419.492,100.200,25565.367,39080.004
420.520,99.200,25565.367,39080.004
421.548,100.200,25565.367,39080.004
422.575,100.200,25565.367,39080.004
423.603,100.200,25565.367,39080.004
424.631,100.200,25565.367,39080.004
425.658,99.300,25565.367,39080.004
426.686,100.200,25565.367,39080.004
427.714,100.200,25565.367,39080.004
428.742,100.200,25565.367,39080.004
429.769,99.300,25565.367,39080.004
430.797,100.200,25565.367,39080.004
431.825,100.200,25565.367,39080.004
432.853,100.200,25565.367,39080.004
433.880,100.200,25565.367,39080.004
434.908,99.200,25565.367,39080.004
435.936,100.200,25565.367,39080.004
436.964,100.200,25565.367,39080.004
437.992,100.200,25565.367,39080.004
439.019,100.200,25565.367,39080.004
440.047,99.200,25565.367,39080.004
441.075,100.200,25565.367,39080.004
442.101,100.400,25565.367,39080.004
443.129,100.200,25565.367,39080.004
444.157,99.200,25565.367,39080.004
445.184,100.200,25565.367,39080.004
446.212,100.200,25565.367,39080.004
447.241,100.200,25565.367,39080.004
448.268,100.200,25565.367,39080.004
449.296,99.200,25565.367,39080.004
450.324,100.200,25565.367,39080.004
451.352,100.200,25565.367,39080.004
452.379,100.200,25565.367,39080.004
453.407,100.200,25565.367,39080.004
454.435,99.300,25565.367,39080.004
455.462,100.200,25565.367,39080.004
456.490,100.200,25565.367,39080.004
457.518,100.200,25565.367,39080.004
458.546,100.200,25565.367,39080.004
459.574,99.200,25565.367,39080.004
460.601,100.200,25565.367,39080.004
461.629,100.200,25565.367,39080.004
462.657,100.200,25565.367,39080.004
463.684,99.300,25565.367,39080.004
464.712,100.200,25565.367,39080.004
465.740,100.200,25565.367,39080.004
466.768,100.200,25565.367,39080.004
467.795,100.200,25565.367,39080.004
468.823,99.200,25565.367,39080.004
469.850,100.200,25565.367,39080.004
470.878,100.200,25565.367,39080.004
471.906,100.200,25565.367,39080.004
472.934,100.200,25565.367,39080.004
473.961,99.300,25565.367,39080.004
474.989,100.200,25565.367,39080.004
476.017,100.200,25565.367,39080.004
477.045,100.200,25565.367,39080.004
478.073,100.200,25565.367,39080.004
479.099,99.400,25565.367,39080.004
480.127,100.200,25565.367,39080.004
481.155,100.200,25565.367,39080.004
482.182,100.200,25565.367,39080.004
483.210,99.300,25565.367,39080.004
484.238,100.200,25565.367,39080.004
485.266,100.200,25565.367,39080.004
486.293,100.200,25565.367,39080.004
487.321,99.300,25565.367,39080.004
488.348,100.200,25565.367,39080.004
489.376,100.200,25565.367,39080.004
490.404,100.200,25565.367,39080.004
491.432,100.200,25565.367,39080.004
492.459,99.200,25565.367,39080.004
493.487,100.200,25565.367,39080.004
494.515,100.200,25565.367,39080.004
495.542,100.200,25565.367,39080.004
496.570,99.200,25565.367,39080.004
497.597,100.200,25565.367,39080.004
498.625,100.200,25565.367,39080.004
499.653,100.200,25565.367,39080.004
500.681,100.200,25565.367,39080.004
501.708,99.300,25565.367,39080.004
502.736,100.200,25565.367,39080.004
503.764,100.200,25565.367,39080.004
504.792,100.200,25565.367,39080.004
505.820,100.200,25565.367,39080.004
506.848,99.200,25565.367,39080.004
507.876,100.200,25565.367,39080.004
508.904,100.200,25565.367,39080.004
509.932,100.200,25565.367,39080.004
510.959,100.200,25565.367,39080.004
511.987,99.300,25565.367,39080.004
513.014,100.200,25565.367,39080.004
514.042,100.200,25565.367,39080.004
515.070,100.200,25565.367,39080.004
516.096,99.400,25565.367,39080.004
517.124,100.200,25565.367,39080.004
518.152,100.200,25565.367,39080.004
519.179,100.200,25565.367,39080.004
520.207,99.300,25565.367,39080.004
521.235,100.200,25565.367,39080.004
522.263,100.200,25565.367,39080.004
523.290,100.200,25565.367,39080.004
524.318,99.200,25565.367,39080.004
525.346,100.200,25565.367,39080.004
526.374,100.200,25565.367,39080.004
527.402,100.200,25565.367,39080.004
528.429,100.200,25667.301,39182.031
529.457,107.000,25667.395,39182.031
530.485,106.100,25667.395,39182.031
531.513,106.000,25667.395,39182.031
532.541,106.000,25667.395,39182.031
533.568,107.000,25667.395,39182.031
534.596,106.000,25667.395,39182.031
535.624,106.100,25667.395,39182.031
536.652,106.000,25667.395,39182.031
537.680,106.000,25667.395,39182.031
538.708,107.000,25667.395,39182.031
539.736,106.100,25667.395,39182.031
540.764,105.100,25667.395,39182.031
541.792,107.000,25667.395,39182.031
542.819,106.100,25667.395,39182.031
543.847,106.100,25667.395,39182.031
544.875,106.000,25667.395,39182.031
545.902,106.100,25667.395,39182.031
546.930,106.100,25667.395,39182.031
547.957,106.100,25667.395,39182.031
548.985,106.100,25667.395,39182.031
550.013,106.100,25667.395,39182.031
551.040,106.100,25667.395,39182.031
552.068,106.100,25667.395,39182.031
553.094,106.200,25667.395,39182.031
554.122,107.000,25667.395,39182.031
555.149,106.100,25667.395,39182.031
556.177,106.000,25667.395,39182.031
557.205,106.100,25667.395,39182.031
558.232,106.100,25667.395,39182.031
559.260,106.100,25667.395,39182.031
560.288,106.100,25667.395,39182.031
561.315,106.100,25667.395,39182.031
562.343,107.000,25667.395,39182.031
563.370,106.100,25667.395,39182.031
564.398,106.100,25667.395,39182.031
565.426,106.100,25667.395,39182.031
566.454,106.000,25667.395,39182.031
567.483,106.000,25667.395,39182.031
568.511,106.000,25667.395,39182.031
569.538,106.100,25667.395,39182.031
570.566,106.100,25667.395,39182.031
571.593,107.100,25667.395,39182.031
572.621,106.100,25667.395,39182.031
573.649,106.100,25667.395,39182.031
574.677,106.100,25667.395,39182.031
575.704,107.000,25667.395,39182.031
576.732,106.100,25667.395,39182.031
577.760,106.000,25667.395,39182.031
578.788,106.000,25667.395,39182.031
579.816,107.000,25667.395,39182.031
580.844,106.100,25667.395,39182.031
581.871,106.100,25667.395,39182.031
582.899,106.000,25667.395,39182.031
583.927,106.100,25667.395,39182.031
584.955,107.000,25667.395,39182.031
585.983,106.000,25667.395,39182.031
587.010,107.000,25667.395,39182.031
588.038,106.100,25667.395,39182.031
589.066,106.100,25667.395,39182.031
590.092,106.200,25667.395,39182.031
591.120,106.100,25667.395,39182.031
592.148,106.100,25667.395,39182.031
593.175,106.100,25667.395,39182.031
594.203,106.100,25667.395,39182.031
595.231,107.000,25667.395,39182.031
596.259,106.000,25667.395,39182.031
597.287,106.000,25667.395,39182.031
598.315,106.000,25667.395,39182.031
599.343,106.100,25667.395,39182.031
600.370,106.100,25667.395,39182.031
601.398,106.100,25667.395,39182.031
602.426,106.100,25667.395,39182.031
603.453,106.100,25667.395,39182.031
604.481,106.100,25667.395,39182.031
605.509,106.000,25667.395,39182.031
606.536,106.100,25667.395,39182.031
607.564,107.000,25667.395,39182.031
608.592,105.100,25667.395,39182.031
609.620,107.000,25667.395,39182.031
610.647,106.100,25667.395,39182.031
611.675,106.100,25667.395,39182.031
612.703,106.100,25667.395,39182.031
613.731,107.000,25667.395,39182.031
614.759,106.000,25667.395,39182.031
615.786,106.100,25667.395,39182.031
616.814,106.100,25667.395,39182.031
617.842,106.100,25667.395,39182.031
618.870,107.000,25667.395,39182.031
619.897,106.100,25667.395,39182.031
620.925,106.100,25667.395,39182.031
621.953,107.000,25667.395,39182.031
622.981,107.000,25667.395,39182.031
624.009,106.000,25667.395,39182.031
625.037,106.000,25667.395,39182.031
626.064,107.000,25667.395,39182.031
627.092,106.100,25667.395,39182.031
628.120,106.000,25667.395,39182.031
629.148,106.100,25667.395,39182.031
630.176,106.000,25667.395,39182.031
631.203,107.000,25667.395,39182.031
632.231,106.000,25667.395,39182.031
633.259,106.000,25667.395,39182.031
634.287,107.000,25667.395,39182.031
635.314,105.100,25667.395,39182.031
636.342,107.000,25667.395,39182.031
637.370,106.000,25667.395,39182.031
638.398,106.000,25667.395,39182.031
639.426,106.000,25667.395,39182.031
640.454,107.000,25667.395,39182.031
641.482,106.100,25667.395,39182.031
642.510,106.000,25667.395,39182.031
643.537,106.100,25667.395,39182.031
644.565,106.000,25667.395,39182.031
645.593,107.000,25667.395,39182.031
646.621,106.000,25667.395,39182.031
647.648,107.000,25667.395,39182.031
648.676,106.100,25667.395,39182.031
649.704,106.000,25667.395,39182.031
650.732,106.100,25667.395,39182.031
651.760,107.000,25667.395,39182.031
652.788,106.000,25667.395,39182.031
653.816,105.100,25667.395,39182.031
654.843,107.000,25667.395,39182.031
655.871,104.100,25667.395,39182.031
656.900,100.100,25667.395,39182.031
657.928,100.200,25667.395,39182.031
658.956,99.200,25667.395,39182.031
659.983,100.200,25667.395,39182.031
661.011,100.200,25667.395,39182.031
662.039,100.200,25667.395,39182.031
663.067,99.200,25667.395,39182.031
664.093,100.400,25667.395,39182.031
665.121,100.200,25667.395,39182.031
666.149,100.200,25667.395,39182.031
667.176,100.200,25667.395,39182.031
668.204,99.200,25667.395,39182.031
669.232,100.200,25667.395,39182.031
670.260,100.200,25667.395,39182.031
671.288,100.200,25667.395,39182.031
672.316,100.200,25667.395,39182.031
673.343,100.200,25667.395,39182.031
674.371,100.200,25667.395,39182.031
675.399,100.200,25667.395,39182.031
676.427,100.200,25667.395,39182.031
677.454,99.200,25667.395,39182.031
678.482,100.200,25667.395,39182.031
679.510,100.200,25667.395,39182.031
680.538,100.200,25667.395,39182.031
681.566,100.200,25667.395,39182.031
682.593,99.300,25667.395,39182.031
683.621,100.200,25667.395,39182.031
684.649,100.200,25667.395,39182.031
685.677,100.200,25667.395,39182.031
686.704,100.200,25667.395,39182.031
687.733,99.200,25667.395,39182.031
688.761,100.200,25667.395,39182.031
689.788,100.200,25667.395,39182.031
690.816,100.200,25667.395,39182.031
691.844,100.200,25667.395,39182.031
692.871,99.300,25667.395,39182.031
693.899,100.200,25667.395,39182.031
694.927,100.200,25667.395,39182.031
695.954,100.200,25667.395,39182.031
696.982,100.200,25667.395,39182.031
698.010,99.300,25667.395,39182.031
699.038,100.200,25667.395,39182.031
700.066,100.200,25667.395,39182.031
701.092,100.300,25667.395,39182.031
702.120,99.200,25667.395,39182.031
703.148,100.200,25667.395,39182.031
704.176,100.200,25667.395,39182.031
705.203,100.200,25667.395,39182.031
706.231,100.200,25667.395,39182.031
707.259,99.200,25667.395,39182.031
708.287,100.200,25667.395,39182.031
709.315,100.200,25667.395,39182.031
710.343,100.200,25667.395,39182.031
711.370,100.200,25667.395,39182.031
712.398,99.300,25667.395,39182.031
713.426,100.200,25667.395,39182.031
714.453,100.200,25667.395,39182.031
715.481,100.200,25667.395,39182.031
716.509,100.200,25667.395,39182.031
717.538,99.200,25667.395,39182.031
718.565,100.200,25667.395,39182.031
719.593,100.200,25667.395,39182.031
720.621,100.200,25667.395,39182.031
721.649,100.200,25667.395,39182.031
722.676,99.300,25667.395,39182.031
723.704,100.200,25667.395,39182.031
724.732,100.200,25667.395,39182.031
725.759,100.200,25667.395,39182.031
726.787,100.200,25667.395,39182.031
727.815,99.200,25667.395,39182.031
728.843,100.200,25667.395,39182.031
729.870,100.200,25667.395,39182.031
730.898,100.200,25667.395,39182.031
731.926,99.200,25667.395,39182.031
732.954,100.200,25667.395,39182.031
733.981,100.200,25667.395,39182.031
735.009,100.200,25667.395,39182.031
736.037,100.200,25667.395,39182.031
737.065,99.300,25667.395,39182.031
738.091,100.400,25667.395,39182.031
739.119,100.200,25667.395,39182.031
740.146,100.200,25667.395,39182.031
741.174,99.300,25667.395,39182.031
742.202,100.200,25667.395,39182.031
743.230,100.200,25667.395,39182.031
744.257,100.200,25667.395,39182.031
745.285,100.200,25667.395,39182.031
746.313,99.200,25667.395,39182.031
747.341,100.200,25667.395,39182.031
748.369,100.200,25667.395,39182.031
749.397,100.200,25667.395,39182.031
750.424,100.200,25667.395,39182.031
751.452,99.300,25667.395,39182.031
752.479,100.200,25667.395,39182.031
753.507,100.200,25667.395,39182.031
754.535,100.200,25667.395,39182.031
755.562,99.200,25667.395,39182.031
756.590,100.200,25667.395,39182.031
757.618,100.200,25667.395,39182.031
758.645,100.200,25667.395,39182.031
759.673,100.200,25667.395,39182.031
760.701,99.200,25667.395,39182.031
761.729,100.200,25667.395,39182.031
762.757,100.200,25667.395,39182.031
763.784,100.200,25667.395,39182.031
764.812,99.300,25667.395,39182.031
765.840,100.200,25667.395,39182.031
766.868,100.100,25667.395,39182.031
767.896,100.200,25667.395,39182.031
768.924,100.200,25667.395,39182.031
769.952,100.200,25667.395,39182.031
770.980,99.200,25667.395,39182.031
772.008,100.200,25667.395,39182.031
773.036,100.200,25667.395,39182.031
774.063,100.200,25667.395,39182.031
775.090,99.400,25667.395,39182.031
776.118,100.200,25667.395,39182.031
777.146,100.200,25667.395,39182.031
778.174,100.200,25667.395,39182.031
779.202,100.200,25667.395,39182.031
780.230,99.300,25667.395,39182.031
781.258,100.200,25667.395,39182.031
782.285,100.200,25667.395,39182.031
783.313,100.200,25667.395,39182.031
784.341,100.200,25667.395,39182.031
785.368,99.300,25667.395,39182.031
786.396,100.200,25667.395,39182.031
787.424,100.200,25667.395,39182.031
788.451,100.200,25667.395,39182.031
789.479,100.200,25667.395,39182.031
790.507,99.300,25667.395,39182.031
791.535,100.200,25667.395,39182.031
792.563,100.200,25667.395,39182.031
793.590,100.200,25667.395,39182.031
794.618,99.300,25667.395,39182.031
795.646,100.200,25667.395,39182.031
796.673,100.200,25667.395,39182.031
797.701,100.200,25667.395,39182.031
798.728,99.300,25667.395,39182.031
799.756,100.200,25667.395,39182.031
800.784,100.200,25667.395,39182.031
801.811,100.200,25667.395,39182.031
802.839,99.300,25667.395,39182.031
803.867,100.200,25667.395,39182.031
804.894,100.200,25667.395,39182.031
805.922,99.300,25667.395,39182.031
806.950,100.200,25667.395,39182.031
807.978,101.200,25667.395,39182.031
809.006,100.300,25667.395,39182.031
810.033,99.300,25667.395,39182.031
811.061,100.200,25667.395,39182.031
812.088,100.300,25667.395,39182.031
813.115,100.200,25667.395,39182.031
814.143,99.300,25667.395,39182.031
815.170,100.200,25667.395,39182.031
816.198,100.200,25667.395,39182.031
817.226,100.200,25667.395,39182.031
818.253,99.300,25667.395,39182.031
819.281,100.200,25667.395,39182.031
820.309,100.200,25667.395,39182.031
821.337,100.200,25667.395,39182.031
822.364,99.300,25667.395,39182.031
823.392,100.200,25667.395,39182.031
824.420,100.200,25667.395,39182.031
825.448,102.200,25770.129,39284.766
826.475,106.100,25770.129,39284.766
827.503,106.100,25770.129,39284.766
828.531,106.000,25770.129,39284.766
829.559,106.100,25770.129,39284.766
830.586,106.100,25770.129,39284.766
831.614,107.000,25770.129,39284.766
832.642,106.000,25770.129,39284.766
833.670,106.000,25770.129,39284.766
834.698,106.100,25770.129,39284.766
835.725,106.100,25770.129,39284.766
836.754,106.000,25770.129,39284.766
837.782,107.000,25770.129,39284.766
838.810,106.100,25770.129,39284.766
839.838,106.000,25770.129,39284.766
840.866,105.100,25770.129,39284.766
841.893,107.000,25770.129,39284.766
842.921,106.000,25770.129,39284.766
843.949,106.000,25770.129,39284.766
844.977,106.100,25770.129,39284.766
846.004,106.100,25770.129,39284.766
847.032,106.100,25770.129,39284.766
848.060,107.000,25770.129,39284.766
849.087,105.200,25770.129,39284.766
850.114,106.100,25770.129,39284.766
851.142,106.100,25770.129,39284.766
852.170,106.100,25770.129,39284.766
853.198,106.000,25770.129,39284.766
854.225,107.000,25770.129,39284.766
855.253,106.100,25770.129,39284.766
856.281,106.000,25770.129,39284.766
857.309,106.000,25770.129,39284.766
858.336,106.100,25770.129,39284.766
859.364,106.100,25770.129,39284.766
860.392,106.100,25770.129,39284.766
861.419,107.000,25770.129,39284.766
862.447,106.100,25770.129,39284.766
863.475,106.100,25770.129,39284.766
864.503,106.000,25770.129,39284.766
865.531,107.000,25770.129,39284.766
866.559,106.000,25770.129,39284.766
867.587,106.000,25770.129,39284.766
868.615,106.000,25770.129,39284.766
869.643,107.000,25770.129,39284.766
870.671,107.000,25770.129,39284.766
871.699,105.100,25770.129,39284.766
872.726,106.100,25770.129,39284.766
873.754,106.100,25770.129,39284.766
874.782,107.000,25770.129,39284.766
875.810,106.000,25770.129,39284.766
876.838,106.100,25770.129,39284.766
877.865,106.100,25770.129,39284.766
878.893,106.100,25770.129,39284.766
879.921,106.000,25770.129,39284.766
880.949,106.000,25770.129,39284.766
881.977,107.000,25770.129,39284.766
883.005,106.100,25770.129,39284.766
884.033,106.000,25770.129,39284.766
885.060,106.100,25770.129,39284.766
886.087,107.100,25770.129,39284.766
887.115,105.100,25770.129,39284.766
888.142,106.100,25770.129,39284.766
889.170,107.000,25770.129,39284.766
890.197,106.100,25770.129,39284.766
891.225,106.100,25770.129,39284.766
892.253,107.000,25770.129,39284.766
893.281,106.000,25770.129,39284.766
894.308,105.100,25770.129,39284.766
895.336,106.100,25770.129,39284.766
896.364,107.000,25770.129,39284.766
897.392,106.000,25770.129,39284.766
898.420,106.000,25770.129,39284.766
899.448,107.000,25770.129,39284.766
900.476,105.100,25770.129,39284.766
901.503,107.100,25770.129,39284.766
902.531,105.100,25770.129,39284.766
903.559,107.000,25770.129,39284.766
904.586,106.100,25770.129,39284.766
905.614,105.100,25770.129,39284.766
906.642,107.000,25770.129,39284.766
907.669,106.100,25770.129,39284.766
908.697,106.100,25770.129,39284.766
909.725,105.100,25770.129,39284.766
910.752,107.000,25770.129,39284.766
911.780,106.100,25770.129,39284.766
912.808,106.000,25770.129,39284.766
913.836,106.000,25770.129,39284.766
914.864,107.000,25770.129,39284.766
915.892,106.000,25770.129,39284.766
916.919,107.000,25770.129,39284.766
917.947,106.000,25770.129,39284.766
918.975,106.000,25770.129,39284.766
920.003,107.000,25770.129,39284.766
921.031,106.100,25770.129,39284.766
922.059,106.000,25770.129,39284.766
923.086,106.100,25770.129,39284.766
924.114,106.000,25770.129,39284.766
925.141,107.000,25770.129,39284.766
926.169,106.100,25770.129,39284.766
927.197,106.000,25770.129,39284.766
928.226,106.000,25770.129,39284.766
929.254,106.000,25770.129,39284.766
930.281,107.000,25770.129,39284.766
931.309,107.000,25770.129,39284.766
932.337,105.100,25770.129,39284.766
933.364,107.000,25770.129,39284.766
934.392,106.100,25770.129,39284.766
935.420,107.000,25770.129,39284.766
936.448,106.000,25770.129,39284.766
937.476,105.100,25770.129,39284.766
938.504,107.000,25770.129,39284.766
939.531,106.100,25770.129,39284.766
940.559,105.100,25770.129,39284.766
941.587,107.000,25770.129,39284.766
942.615,106.000,25770.129,39284.766
943.643,107.000,25770.129,39284.766
944.671,106.100,25770.129,39284.766
945.699,107.000,25770.129,39284.766
946.726,107.000,25770.129,39284.766
947.754,105.100,25770.129,39284.766
948.782,106.000,25770.129,39284.766
949.810,107.000,25770.129,39284.766
950.837,106.100,25770.129,39284.766
951.865,106.000,25770.129,39284.766
952.893,106.000,25770.129,39284.766
953.921,106.100,25770.129,39284.766
954.949,104.100,25770.129,39284.766
955.977,99.200,25770.129,39284.766
957.005,101.100,25770.129,39284.766
958.033,99.200,25770.129,39284.766
959.061,100.200,25770.129,39284.766
960.087,100.400,25770.129,39284.766
961.115,99.200,25770.129,39284.766
962.143,101.200,25770.129,39284.766
963.170,99.300,25770.129,39284.766
964.198,100.200,25770.129,39284.766
965.225,99.200,25770.129,39284.766
966.253,100.200,25770.129,39284.766
967.281,100.100,25770.129,39284.766
968.309,100.200,25770.129,39284.766
969.337,100.200,25770.129,39284.766
970.365,100.200,25770.129,39284.766
971.392,100.200,25770.129,39284.766
972.420,100.200,25770.129,39284.766
973.448,99.200,25770.129,39284.766
974.475,100.200,25770.129,39284.766
975.503,100.200,25770.129,39284.766
976.531,99.300,25770.129,39284.766
977.559,100.200,25770.129,39284.766
978.586,99.300,25770.129,39284.766
979.614,101.200,25770.129,39284.766
980.642,99.200,25770.129,39284.766
981.670,100.200,25770.129,39284.766
982.697,100.300,25770.129,39284.766
983.725,100.200,25565.539,39080.176
984.752,100.200,25565.539,39080.176
985.780,99.200,25565.539,39080.176
986.808,101.100,25565.539,39080.176
987.836,99.200,25565.539,39080.176
988.864,99.200,25565.539,39080.176
989.892,101.200,25565.539,39080.176
990.920,99.200,25565.539,39080.176
991.948,101.200,25565.539,39080.176
992.975,99.300,25565.539,39080.176
994.003,99.200,25565.539,39080.176
995.031,100.200,25565.539,39080.176
996.059,100.200,25565.539,39080.176
997.086,101.300,25565.539,39080.176
998.114,99.200,25565.539,39080.176
999.141,100.200,25565.539,39080.176
1000.169,99.200,25565.539,39080.176
1001.197,100.200,25565.539,39080.176
1002.225,101.200,25565.539,39080.176
1003.253,99.200,25565.539,39080.176
1004.281,99.200,25565.539,39080.176
1005.309,101.200,25565.539,39080.176
1006.337,99.300,25565.539,39080.176
1007.365,100.200,25565.539,39080.176
1008.393,100.200,25565.539,39080.176
1009.421,100.200,25565.539,39080.176
1010.449,100.200,25565.539,39080.176
1011.476,99.300,25565.539,39080.176
1012.504,100.200,25565.539,39080.176
1013.532,100.200,25565.539,39080.176
1014.560,100.200,25565.539,39080.176
1015.588,100.200,25565.539,39080.176
1016.616,99.200,25565.539,39080.176
1017.645,101.100,25565.539,39080.176
1018.673,99.200,25565.539,39080.176
1019.700,100.200,25565.539,39080.176
1020.728,100.200,25565.539,39080.176
1021.756,99.200,25565.539,39080.176
1022.784,100.200,25565.539,39080.176
1023.811,100.200,25565.539,39080.176
1024.839,100.200,25565.539,39080.176
1025.867,99.200,25565.539,39080.176
1026.895,101.200,25565.539,39080.176
1027.922,99.300,25565.539,39080.176
1028.950,100.200,25565.539,39080.176
1029.978,100.200,25565.539,39080.176
1031.006,99.200,25565.539,39080.176
1032.034,101.200,25565.539,39080.176
1033.062,99.200,25565.539,39080.176
1034.088,100.400,25565.539,39080.176
1035.116,100.200,25565.539,39080.176
1036.144,99.200,25565.539,39080.176
1037.171,100.200,25565.539,39080.176
1038.199,101.200,25565.539,39080.176
1039.227,99.200,25565.539,39080.176
1040.255,100.200,25565.539,39080.176
1041.283,100.200,25565.539,39080.176
1042.311,100.200,25565.539,39080.176
1043.339,99.200,25565.539,39080.176
1044.367,100.200,25565.539,39080.176
1045.395,100.200,25565.539,39080.176
1046.422,100.200,25565.539,39080.176
1047.451,99.200,25565.539,39080.176
1048.479,100.200,25565.539,39080.176
1049.506,100.200,25565.539,39080.176
1050.534,100.200,25565.539,39080.176
1051.562,100.200,25565.539,39080.176
1052.590,99.300,25565.539,39080.176
1053.618,101.200,25565.539,39080.176
1054.646,99.200,25565.539,39080.176
1055.673,100.200,25565.539,39080.176
1056.702,100.200,25565.539,39080.176
1057.730,99.200,25565.539,39080.176
1058.757,100.200,25565.539,39080.176
1059.785,101.200,25565.539,39080.176
1060.813,99.200,25565.539,39080.176
1061.841,99.200,25565.539,39080.176
1062.869,101.200,25565.539,39080.176
1063.898,100.100,25565.539,39080.176
1064.926,99.200,25565.539,39080.176
1065.954,100.200,25565.539,39080.176
1066.982,100.200,25565.539,39080.176
1068.010,99.200,25565.539,39080.176
1069.037,101.200,25565.539,39080.176
1070.066,100.200,25565.539,39080.176
1071.092,99.400,25565.539,39080.176
1072.120,100.200,25565.539,39080.176
1073.148,100.200,25565.539,39080.176
1074.176,99.200,25565.539,39080.176
1075.204,100.200,25565.539,39080.176
1076.232,100.200,25565.539,39080.176
1077.260,100.100,25565.539,39080.176
1078.288,99.200,25565.539,39080.176
1079.316,101.200,25565.539,39080.176
1080.344,99.200,25565.539,39080.176
1081.372,100.200,25565.539,39080.176
1082.399,100.200,25565.539,39080.176
1083.427,99.200,25565.539,39080.176
1084.455,100.200,25565.539,39080.176
1085.483,100.200,25565.539,39080.176
1086.511,100.200,25565.539,39080.176
1087.538,100.200,25565.539,39080.176
1088.566,99.300,25565.539,39080.176
1089.594,101.200,25565.539,39080.176
1090.622,99.200,25565.539,39080.176
1091.650,100.200,25565.539,39080.176
1092.678,100.200,25565.539,39080.176
1093.705,100.200,25565.539,39080.176
1094.733,100.200,25565.539,39080.176
1095.761,99.200,25565.539,39080.176
1096.789,100.200,25565.539,39080.176
1097.817,100.200,25565.539,39080.176
1098.845,100.200,25565.539,39080.176
1099.872,99.300,25565.539,39080.176
1100.900,101.200,25565.539,39080.176
1101.928,99.200,25565.539,39080.176
1102.955,100.200,25565.539,39080.176
1103.983,100.200,25565.539,39080.176
1105.011,99.200,25565.539,39080.176
1106.039,100.200,25565.539,39080.176
1107.067,100.200,25565.539,39080.176
1108.094,100.300,25565.539,39080.176
1109.121,99.300,25565.539,39080.176
1110.149,100.200,25565.539,39080.176
1111.176,101.200,25565.539,39080.176
1112.204,99.300,25565.539,39080.176
1113.232,100.200,25565.539,39080.176
1114.259,99.300,25565.539,39080.176
1115.287,101.200,25565.539,39080.176
1116.315,99.300,25565.539,39080.176
1117.342,99.300,25565.539,39080.176
1118.370,101.200,25565.539,39080.176
1119.398,99.200,25565.539,39080.176
1120.426,100.200,25565.539,39080.176
1121.454,100.200,25565.539,39080.176
1122.481,100.200,25565.539,39080.176
1123.509,99.300,25565.539,39080.176
1124.537,101.100,25565.539,39080.176
1125.565,99.200,25565.539,39080.176
1126.593,100.200,25565.539,39080.176
1127.621,101.200,25669.262,39183.898
1128.649,107.000,25669.262,39183.898
1129.677,105.100,25669.262,39183.898
1130.704,106.000,25669.262,39183.898
1131.732,106.100,25669.262,39183.898
1132.760,105.100,25669.262,39183.898
1133.788,107.000,25669.262,39183.898
1134.816,105.100,25669.262,39183.898
1135.844,106.000,25669.262,39183.898
1136.872,106.000,25669.262,39183.898
1137.901,106.000,25669.262,39183.898
1138.928,106.000,25669.262,39183.898
1139.956,106.100,25669.262,39183.898
1140.984,106.000,25669.262,39183.898
1142.012,106.000,25669.262,39183.898
1143.040,105.100,25669.262,39183.898
1144.068,107.000,25669.262,39183.898
1145.095,106.200,25669.262,39183.898
1146.122,106.100,25669.262,39183.898
1147.150,106.000,25669.262,39183.898
1148.178,105.100,25669.262,39183.898
1149.206,107.000,25669.262,39183.898
1150.234,105.100,25669.262,39183.898
1151.262,107.000,25669.262,39183.898
1152.290,105.100,25669.262,39183.898
1153.318,107.000,25669.262,39183.898
1154.346,105.100,25669.262,39183.898
1155.373,106.100,25669.262,39183.898
1156.401,106.100,25669.262,39183.898
1157.429,106.000,25669.262,39183.898
1158.457,106.000,25669.262,39183.898
1159.485,106.000,25669.262,39183.898
1160.513,106.100,25669.262,39183.898
1161.541,106.000,25669.262,39183.898
1162.568,105.100,25669.262,39183.898
1163.596,107.000,25669.262,39183.898
1164.624,106.000,25669.262,39183.898
1165.652,106.000,25669.262,39183.898
1166.681,105.000,25669.262,39183.898
1167.710,106.000,25669.262,39183.898
1168.738,107.000,25669.262,39183.898
1169.765,105.100,25669.262,39183.898
1170.793,106.000,25669.262,39183.898
1171.821,107.000,25669.262,39183.898
1172.849,106.100,25669.262,39183.898
1173.877,106.100,25669.262,39183.898
1174.905,106.000,25669.262,39183.898
1175.933,106.000,25669.262,39183.898
1176.960,106.100,25669.262,39183.898
1177.988,106.100,25669.262,39183.898
1179.016,106.100,25669.262,39183.898
1180.044,106.100,25669.262,39183.898
1181.072,106.000,25669.262,39183.898
1182.098,106.200,25669.262,39183.898
1183.126,106.000,25669.262,39183.898
1184.154,106.000,25669.262,39183.898
1185.182,105.100,25669.262,39183.898
1186.210,107.000,25669.262,39183.898
1187.238,105.100,25669.262,39183.898
1188.266,107.000,25669.262,39183.898
1189.293,106.000,25669.262,39183.898
1190.321,105.100,25669.262,39183.898
1191.349,107.000,25669.262,39183.898
1192.377,106.100,25669.262,39183.898
1193.405,106.000,25669.262,39183.898
1194.433,105.100,25669.262,39183.898
1195.460,107.000,25669.262,39183.898
1196.488,105.100,25669.262,39183.898
1197.517,107.000,25669.262,39183.898
1198.545,106.000,25669.262,39183.898
1199.573,105.100,25669.262,39183.898
1200.600,106.100,25669.262,39183.898
1201.628,106.100,25669.262,39183.898
1202.656,106.000,25669.262,39183.898
1203.684,106.000,25669.262,39183.898
1204.712,106.100,25669.262,39183.898
1205.739,107.000,25669.262,39183.898
1206.767,106.000,25669.262,39183.898
1207.795,105.100,25669.262,39183.898
1208.823,106.100,25669.262,39183.898
1209.851,106.000,25669.262,39183.898
1210.878,106.100,25669.262,39183.898
1211.906,106.000,25669.262,39183.898
1212.934,105.100,25669.262,39183.898
1213.962,107.000,25669.262,39183.898
1214.990,106.100,25669.262,39183.898
1216.018,106.000,25669.262,39183.898
1217.046,105.100,25669.262,39183.898
1218.073,107.000,25669.262,39183.898
1219.100,106.200,25669.262,39183.898
1220.127,106.100,25669.262,39183.898
1221.155,106.100,25669.262,39183.898
1222.183,107.000,25669.262,39183.898
1223.211,106.100,25669.262,39183.898
1224.239,105.100,25669.262,39183.898
1225.267,107.000,25669.262,39183.898
1226.294,105.100,25669.262,39183.898
1227.323,106.000,25669.262,39183.898
1228.351,106.000,25669.262,39183.898
1229.379,107.000,25669.262,39183.898
1230.407,106.000,25669.262,39183.898
1231.434,105.100,25669.262,39183.898
1232.462,108.000,25669.262,39183.898
1233.490,105.100,25669.262,39183.898
1234.518,107.000,25669.262,39183.898
1235.545,106.100,25669.262,39183.898
1236.573,106.000,25669.262,39183.898
1237.601,107.000,25669.262,39183.898
1238.629,105.100,25669.262,39183.898
1239.657,106.000,25669.262,39183.898
1240.685,106.000,25669.262,39183.898
1241.713,106.100,25669.262,39183.898
1242.740,106.100,25669.262,39183.898
1243.768,106.000,25669.262,39183.898
1244.796,106.000,25669.262,39183.898
1245.824,106.000,25669.262,39183.898
1246.852,106.000,25669.262,39183.898
1247.880,107.000,25669.262,39183.898
1248.908,106.000,25669.262,39183.898
1249.936,106.000,25669.262,39183.898
1250.964,106.000,25669.262,39183.898
1251.992,107.000,25669.262,39183.898
1253.020,106.000,25669.262,39183.898
1254.048,105.100,25669.262,39183.898
1255.075,106.100,25669.262,39183.898
1256.102,107.200,25669.262,39183.898
1257.131,105.000,25669.262,39183.898
1258.159,100.200,25669.262,39183.898
1259.187,99.200,25669.262,39183.898
1260.214,101.200,25669.262,39183.898
1261.242,99.200,25669.262,39183.898
1262.270,100.200,25669.262,39183.898
1263.298,99.200,25669.262,39183.898
1264.326,101.200,25669.262,39183.898
1265.354,99.200,25669.262,39183.898
1266.382,100.200,25669.262,39183.898
1267.409,100.200,25669.262,39183.898
1268.437,103.100,25669.262,39183.898
1269.465,106.100,25669.262,39183.898
1270.493,106.000,25669.262,39183.898
1271.520,107.000,25669.262,39183.898
1272.548,105.100,25669.262,39183.898
1273.576,105.100,25669.262,39183.898
1274.604,107.000,25669.262,39183.898
1275.632,106.000,25669.262,39183.898
1276.660,105.100,25669.262,39183.898
1277.688,106.000,25669.262,39183.898
1278.716,106.000,25669.262,39183.898
1279.744,106.100,25669.262,39183.898
1280.771,106.000,25669.262,39183.898
1281.799,107.000,25669.262,39183.898
1282.827,105.100,25669.262,39183.898
1283.855,106.000,25669.262,39183.898
1284.883,106.100,25669.262,39183.898
1285.911,107.000,25669.262,39183.898
1286.940,106.000,25669.262,39183.898
1287.968,106.000,25669.262,39183.898
1288.996,105.100,25669.262,39183.898
1290.024,106.000,25669.262,39183.898
1291.052,107.000,25669.262,39183.898
1292.080,105.100,25669.262,39183.898
1293.107,106.000,25669.262,39183.898
1294.135,106.100,25669.262,39183.898
1295.163,106.000,25669.262,39183.898
1296.191,107.000,25669.262,39183.898
1297.219,105.100,25669.262,39183.898
1298.247,106.000,25669.262,39183.898
1299.275,106.000,25669.262,39183.898
1300.302,106.100,25669.262,39183.898
1301.330,106.100,25669.262,39183.898
1302.358,106.000,25669.262,39183.898
1303.386,107.000,25669.262,39183.898
1304.414,106.000,25669.262,39183.898
1305.442,105.100,25669.262,39183.898
1306.470,106.000,25669.262,39183.898
1307.498,106.100,25669.262,39183.898
1308.525,106.000,25669.262,39183.898
1309.553,106.100,25669.262,39183.898
1310.581,106.000,25669.262,39183.898
1311.609,106.000,25669.262,39183.898
1312.637,106.000,25669.262,39183.898
1313.665,107.000,25669.262,39183.898
1314.693,106.000,25669.262,39183.898
1315.721,106.000,25669.262,39183.898
1316.749,105.100,25669.262,39183.898
1317.777,106.900,25669.262,39183.898
1318.806,106.000,25669.262,39183.898
1319.834,106.000,25669.262,39183.898
1320.861,106.100,25669.262,39183.898
1321.889,105.100,25669.262,39183.898
1322.917,107.000,25669.262,39183.898
1323.945,106.000,25669.262,39183.898
1324.973,106.000,25669.262,39183.898
1326.001,106.000,25669.262,39183.898
1327.029,107.000,25669.262,39183.898
1328.057,105.100,25669.262,39183.898
1329.084,106.100,25669.262,39183.898
1330.112,106.000,25669.262,39183.898
1331.140,106.000,25669.262,39183.898
1332.167,106.000,25669.262,39183.898
1333.195,107.000,25669.262,39183.898
1334.223,106.000,25669.262,39183.898
1335.251,106.000,25669.262,39183.898
1336.279,105.000,25669.262,39183.898
1337.307,106.000,25669.262,39183.898
1338.335,106.000,25669.262,39183.898
1339.363,106.000,25669.262,39183.898
1340.390,106.100,25669.262,39183.898
1341.418,107.000,25669.262,39183.898
1342.446,105.100,25669.262,39183.898
1343.474,106.000,25669.262,39183.898
1344.502,106.000,25669.262,39183.898
1345.530,106.000,25669.262,39183.898
1346.558,107.000,25669.262,39183.898
1347.587,105.000,25669.262,39183.898
1348.615,106.900,25669.262,39183.898
1349.643,106.000,25669.262,39183.898
1350.671,105.100,25669.262,39183.898
1351.699,106.100,25669.262,39183.898
1352.727,106.000,25669.262,39183.898
1353.755,106.100,25669.262,39183.898
1354.783,106.000,25669.262,39183.898
1355.810,106.100,25669.262,39183.898
1356.838,106.000,25669.262,39183.898
1357.866,107.000,25669.262,39183.898
1358.894,106.100,25669.262,39183.898
1359.922,106.000,25669.262,39183.898
1360.950,106.000,25669.262,39183.898
1361.978,106.000,25669.262,39183.898
1363.006,107.000,25669.262,39183.898
1364.034,106.000,25669.262,39183.898
1365.062,107.000,25669.262,39183.898
1366.088,105.200,25669.262,39183.898
1367.118,105.900,25669.262,39183.898
1368.146,107.000,25669.262,39183.898
1369.174,105.100,25669.262,39183.898
1370.202,107.000,25669.262,39183.898
1371.230,105.100,25669.262,39183.898
1372.257,107.000,25669.262,39183.898
1373.285,106.000,25669.262,39183.898
1374.314,106.000,25669.262,39183.898
1375.341,106.000,25669.262,39183.898
1376.369,106.000,25669.262,39183.898
1377.398,105.000,25669.262,39183.898
1378.426,107.000,25669.262,39183.898
1379.454,107.000,25669.262,39183.898
1380.482,106.100,25669.262,39183.898
1381.509,106.100,25669.262,39183.898
1382.537,105.100,25669.262,39183.898
1383.565,106.100,25669.262,39183.898
1384.593,106.100,25669.262,39183.898
1385.620,106.100,25669.262,39183.898
1386.648,106.100,25669.262,39183.898
1387.676,107.000,25669.262,39183.898
1388.704,106.100,25669.262,39183.898
1389.732,107.000,25669.262,39183.898
1390.759,105.100,25669.262,39183.898
1391.787,106.000,25669.262,39183.898
1392.815,107.000,25669.262,39183.898
1393.843,105.100,25669.262,39183.898
1394.871,107.000,25669.262,39183.898
1395.899,105.100,25669.262,39183.898
1396.927,107.000,25669.262,39183.898
1397.955,105.100,25669.262,39183.898
1398.983,100.200,25669.262,39183.898
1400.011,100.200,25669.262,39183.898
1401.039,99.200,25669.262,39183.898
1402.067,101.200,25669.262,39183.898
1403.093,100.300,25669.262,39183.898
1404.121,100.200,25669.262,39183.898
1405.149,99.200,25669.262,39183.898
1406.176,100.200,25669.262,39183.898
1407.205,100.200,25669.262,39183.898
1408.232,99.200,25669.262,39183.898
1409.260,100.200,25669.262,39183.898
1410.288,100.200,25669.262,39183.898
1411.316,100.200,25669.262,39183.898
1412.344,100.200,25669.262,39183.898
1413.372,100.200,25669.262,39183.898
1414.399,100.200,25669.262,39183.898
1415.427,99.300,25669.262,39183.898
1416.455,100.200,25669.262,39183.898
1417.482,100.200,25669.262,39183.898
1418.510,99.200,25669.262,39183.898
1419.538,100.200,25669.262,39183.898
1420.565,100.200,25669.262,39183.898
1421.593,100.200,25669.262,39183.898
1422.621,99.200,25669.262,39183.898
1423.649,100.200,25669.262,39183.898
1424.676,100.200,25669.262,39183.898
1425.704,100.200,25669.262,39183.898
1426.732,100.200,25669.262,39183.898
1427.760,100.200,25669.262,39183.898
1428.788,99.200,25669.262,39183.898
1429.816,100.200,25669.262,39183.898
1430.844,102.200,25773.227,39287.863
1431.871,106.100,25773.227,39287.863
1432.899,106.000,25773.227,39287.863
1433.927,107.000,25773.227,39287.863
1434.955,105.100,25773.227,39287.863
1435.983,106.000,25773.227,39287.863
1437.012,106.000,25773.227,39287.863
1438.040,107.000,25773.227,39287.863
1439.068,105.100,25773.227,39287.863
1440.094,106.200,25773.227,39287.863
1441.122,106.000,25773.227,39287.863
1442.150,106.000,25773.227,39287.863
1443.178,106.000,25773.227,39287.863
1444.205,105.100,25773.227,39287.863
1445.233,100.200,25773.227,39287.863
1446.262,103.100,25566.770,39081.406
1447.289,105.100,25566.770,39081.406
1448.317,107.000,25566.770,39081.406
1449.345,106.100,25566.770,39081.406
1450.373,105.100,25566.770,39081.406
1451.400,107.100,25566.770,39081.406
1452.428,106.100,25566.770,39081.406
1453.456,106.000,25566.770,39081.406
1454.484,107.000,25566.770,39081.406
1455.512,105.100,25566.770,39081.406
1456.540,106.100,25566.770,39081.406
1457.567,106.100,25566.770,39081.406
1458.595,106.000,25566.770,39081.406
1459.623,107.000,25566.770,39081.406
1460.651,106.000,25566.770,39081.406
1461.679,105.100,25566.770,39081.406
1462.706,107.000,25566.770,39081.406
1463.734,106.100,25566.770,39081.406
1464.762,105.100,25566.770,39081.406
1465.789,107.000,25566.770,39081.406
1466.817,106.100,25566.770,39081.406
1467.846,106.000,25566.770,39081.406
1468.874,106.000,25566.770,39081.406
1469.902,107.000,25566.770,39081.406
1470.929,105.100,25566.770,39081.406
1471.957,107.000,25566.770,39081.406
1472.985,105.100,25566.770,39081.406
1474.012,106.100,25566.770,39081.406
1475.040,106.100,25566.770,39081.406
1476.068,106.100,25566.770,39081.406
1477.094,106.200,25566.770,39081.406
1478.122,107.000,25566.770,39081.406
1479.149,105.100,25566.770,39081.406
1480.177,106.100,25566.770,39081.406
1481.205,106.100,25566.770,39081.406
1482.232,107.000,25566.770,39081.406
1483.260,106.100,25566.770,39081.406
1484.288,106.000,25566.770,39081.406
1485.316,106.100,25566.770,39081.406
1486.343,106.100,25566.770,39081.406
1487.371,107.000,25566.770,39081.406
1488.399,106.000,25566.770,39081.406
1489.427,106.000,25566.770,39081.406
1490.455,105.100,25566.770,39081.406
1491.483,107.000,25566.770,39081.406
1492.511,106.000,25566.770,39081.406
1493.539,107.000,25566.770,39081.406
1494.566,105.100,25566.770,39081.406
1495.594,107.000,25566.770,39081.406
1496.622,106.000,25566.770,39081.406
1497.651,106.000,25566.770,39081.406
1498.679,106.000,25566.770,39081.406
1499.706,107.000,25566.770,39081.406
1500.734,105.100,25566.770,39081.406
1501.762,106.100,25566.770,39081.406
1502.790,106.000,25566.770,39081.406
1503.818,106.100,25566.770,39081.406
1504.845,106.000,25566.770,39081.406
1505.873,106.100,25566.770,39081.406
1506.901,106.100,25566.770,39081.406
1507.929,106.000,25566.770,39081.406
1508.956,107.000,25566.770,39081.406
1509.984,106.000,25566.770,39081.406
1511.012,106.100,25566.770,39081.406
1512.040,106.100,25566.770,39081.406
1513.068,106.000,25566.770,39081.406
1514.094,106.200,25566.770,39081.406
1515.122,106.100,25566.770,39081.406
1516.150,106.000,25566.770,39081.406
1517.178,105.100,25566.770,39081.406
1518.205,107.000,25566.770,39081.406
1519.233,107.000,25566.770,39081.406
1520.261,105.100,25566.770,39081.406
1521.289,106.000,25566.770,39081.406
1522.316,106.000,25566.770,39081.406
1523.344,107.000,25566.770,39081.406
1524.372,107.000,25566.770,39081.406
1525.399,106.100,25566.770,39081.406
1526.427,106.100,25566.770,39081.406
1527.456,106.000,25566.770,39081.406
1528.484,106.000,25566.770,39081.406
1529.511,107.000,25566.770,39081.406
1530.539,105.100,25566.770,39081.406
1531.567,106.000,25566.770,39081.406
1532.594,106.100,25566.770,39081.406
1533.622,107.000,25566.770,39081.406
1534.650,106.100,25566.770,39081.406
1535.678,106.000,25566.770,39081.406
1536.706,107.000,25566.770,39081.406
1537.733,106.100,25566.770,39081.406
1538.761,106.000,25566.770,39081.406
1539.789,106.100,25566.770,39081.406
1540.817,106.000,25566.770,39081.406
1541.845,107.000,25566.770,39081.406
1542.872,106.100,25566.770,39081.406
1543.900,106.100,25566.770,39081.406
1544.928,106.000,25566.770,39081.406
1545.956,106.000,25566.770,39081.406
1546.984,106.100,25566.770,39081.406
1548.011,106.100,25566.770,39081.406
1549.040,106.000,25566.770,39081.406
1550.067,107.000,25566.770,39081.406
1551.094,105.200,25566.770,39081.406
1552.122,107.000,25566.770,39081.406
1553.150,106.000,25566.770,39081.406
1554.177,106.100,25566.770,39081.406
1555.205,107.000,25566.770,39081.406
1556.233,106.100,25566.770,39081.406
1557.261,106.000,25566.770,39081.406
1558.289,106.000,25566.770,39081.406
1559.317,106.100,25566.770,39081.406
1560.345,106.100,25566.770,39081.406
1561.373,106.100,25566.770,39081.406
1562.400,103.200,25566.770,39081.406
1563.428,100.200,25566.770,39081.406
1564.456,99.200,25566.770,39081.406
1565.483,100.200,25566.770,39081.406
1566.512,100.100,25566.770,39081.406
1567.540,100.200,25566.770,39081.406
1568.568,99.200,25566.770,39081.406
1569.595,100.200,25566.770,39081.406
1570.623,100.200,25566.770,39081.406
1571.651,100.200,25566.770,39081.406
1572.678,100.200,25566.770,39081.406
1573.706,107.000,25566.770,39081.406
1574.734,105.100,25566.770,39081.406
1575.762,107.000,25566.770,39081.406
1576.789,105.100,25566.770,39081.406
1577.817,106.100,25566.770,39081.406
1578.845,106.100,25566.770,39081.406
1579.872,106.100,25566.770,39081.406
1580.900,106.100,25566.770,39081.406
1581.928,105.100,25566.770,39081.406
1582.955,106.100,25566.770,39081.406
1583.983,106.100,25566.770,39081.406
1585.011,106.000,25566.770,39081.406
1586.038,106.100,25566.770,39081.406
1587.067,106.000,25566.770,39081.406
1588.093,106.200,25566.770,39081.406
1589.121,106.100,25566.770,39081.406
1590.149,105.100,25566.770,39081.406
1591.176,106.100,25566.770,39081.406
1592.204,107.000,25566.770,39081.406
1593.232,106.100,25566.770,39081.406
1594.260,105.000,25566.770,39081.406
1595.288,106.000,25566.770,39081.406
1596.316,106.100,25566.770,39081.406
1597.343,105.100,25566.770,39081.406
1598.371,106.100,25566.770,39081.406
1599.399,107.000,25566.770,39081.406
1600.426,106.100,25566.770,39081.406
1601.454,105.100,25566.770,39081.406
1602.482,107.000,25566.770,39081.406
1603.509,105.100,25566.770,39081.406
1604.537,106.100,25566.770,39081.406
1605.564,106.100,25566.770,39081.406
1606.592,106.100,25566.770,39081.406
1607.620,107.000,25566.770,39081.406
1608.647,105.100,25566.770,39081.406
1609.676,106.000,25566.770,39081.406
1610.704,106.100,25566.770,39081.406
1611.731,107.100,25566.770,39081.406
1612.759,105.100,25566.770,39081.406
1613.786,105.100,25566.770,39081.406
1614.814,107.000,25566.770,39081.406
1615.842,106.100,25566.770,39081.406
1616.870,106.000,25566.770,39081.406
1617.898,106.000,25566.770,39081.406
1618.926,106.000,25566.770,39081.406
1619.954,106.100,25566.770,39081.406
1620.982,105.100,25566.770,39081.406
1622.010,106.100,25566.770,39081.406
1623.037,107.000,25566.770,39081.406
1624.065,106.100,25566.770,39081.406
1625.091,106.200,25566.770,39081.406
1626.119,106.100,25566.770,39081.406
1627.147,106.100,25566.770,39081.406
1628.175,105.100,25566.770,39081.406
1629.202,106.100,25566.770,39081.406
1630.230,107.000,25566.770,39081.406
1631.258,106.000,25566.770,39081.406
1632.286,105.100,25566.770,39081.406
1633.313,107.000,25566.770,39081.406
1634.341,106.000,25566.770,39081.406
1635.369,106.100,25566.770,39081.406
1636.397,105.100,25566.770,39081.406
1637.425,108.000,25566.770,39081.406
1638.453,105.100,25566.770,39081.406
1639.480,106.100,25566.770,39081.406
1640.508,105.100,25566.770,39081.406
1641.536,107.000,25566.770,39081.406
1642.563,106.100,25566.770,39081.406
1643.591,106.000,25566.770,39081.406
1644.619,105.100,25566.770,39081.406
1645.647,106.100,25566.770,39081.406
1646.675,106.100,25566.770,39081.406
1647.703,106.000,25566.770,39081.406
1648.731,106.000,25566.770,39081.406
1649.759,106.100,25566.770,39081.406
1650.787,107.000,25566.770,39081.406
1651.815,105.100,25566.770,39081.406
1652.843,106.000,25566.770,39081.406
1653.871,106.100,25566.770,39081.406
1654.898,107.000,25566.770,39081.406
1655.926,105.100,25566.770,39081.406
1656.954,106.000,25566.770,39081.406
1657.982,106.000,25566.770,39081.406
1659.010,106.000,25566.770,39081.406
1660.037,106.100,25566.770,39081.406
1661.065,106.100,25566.770,39081.406
1662.092,106.200,25566.770,39081.406
1663.119,106.100,25566.770,39081.406
1664.147,107.000,25566.770,39081.406
1665.175,105.100,25566.770,39081.406
1666.202,107.000,25566.770,39081.406
1667.230,106.100,25566.770,39081.406
1668.258,106.000,25566.770,39081.406
1669.286,106.000,25566.770,39081.406
1670.314,107.000,25566.770,39081.406
1671.342,105.100,25566.770,39081.406
1672.370,106.000,25566.770,39081.406
1673.397,107.000,25566.770,39081.406
1674.425,106.000,25566.770,39081.406
1675.453,106.100,25566.770,39081.406
1676.481,106.100,25566.770,39081.406
1677.509,107.000,25566.770,39081.406
1678.537,106.000,25566.770,39081.406
1679.565,105.100,25566.770,39081.406
1680.592,107.000,25566.770,39081.406
1681.620,105.100,25566.770,39081.406
1682.648,107.000,25566.770,39081.406
1683.675,106.100,25566.770,39081.406
1684.703,106.000,25566.770,39081.406
1685.731,106.100,25566.770,39081.406
1686.759,106.100,25566.770,39081.406
1687.786,105.100,25566.770,39081.406
1688.814,106.000,25566.770,39081.406
1689.842,106.100,25566.770,39081.406
1690.870,107.000,25566.770,39081.406
1691.898,106.100,25566.770,39081.406
1692.925,106.000,25566.770,39081.406
1693.953,106.100,25566.770,39081.406
1694.981,105.100,25566.770,39081.406
1696.009,107.000,25566.770,39081.406
1697.037,107.000,25566.770,39081.406
1698.065,105.100,25566.770,39081.406
1699.091,105.200,25566.770,39081.406
1700.119,107.000,25566.770,39081.406
1701.146,105.100,25566.770,39081.406
1702.174,106.100,25566.770,39081.406
1703.202,101.200,25566.770,39081.406
1704.230,100.200,25566.770,39081.406
1705.257,99.200,25566.770,39081.406
1706.285,100.200,25566.770,39081.406
1707.314,100.200,25566.770,39081.406
1708.342,100.200,25566.770,39081.406
1709.369,100.200,25566.770,39081.406
1710.397,99.300,25566.770,39081.406
1711.425,101.200,25566.770,39081.406
1712.452,99.300,25566.770,39081.406
1713.480,100.200,25566.770,39081.406
1714.508,99.200,25566.770,39081.406
1715.535,101.200,25566.770,39081.406
1716.563,99.300,25566.770,39081.406
1717.591,100.200,25566.770,39081.406
1718.618,100.200,25566.770,39081.406
1719.646,100.200,25566.770,39081.406
1720.674,99.300,25566.770,39081.406
1721.701,100.200,25566.770,39081.406
1722.729,100.200,25566.770,39081.406
1723.757,100.200,25566.770,39081.406
1724.784,100.200,25566.770,39081.406
1725.812,100.200,25566.770,39081.406
1726.840,99.200,25566.770,39081.406
1727.868,100.200,25566.770,39081.406
1728.895,100.300,25566.770,39081.406
1729.923,99.200,25566.770,39081.406
1730.951,101.100,25566.770,39081.406
1731.979,99.200,25566.770,39081.406
1733.007,100.200,25566.770,39081.406
1734.035,100.200,25566.770,39081.406
1735.063,102.200,25670.223,39184.859
1736.089,106.200,25670.223,39184.859
1737.117,105.000,25670.223,39184.859
1738.145,107.000,25670.223,39184.859
1739.173,106.100,25670.223,39184.859
1740.201,107.000,25670.223,39184.859
1741.228,105.100,25670.223,39184.859
1742.256,106.100,25670.223,39184.859
1743.284,107.000,25670.223,39184.859
1744.312,106.100,25670.223,39184.859
1745.339,106.100,25670.223,39184.859
1746.367,105.100,25670.223,39184.859
1747.394,107.100,25670.223,39184.859
1748.422,106.100,25670.223,39184.859
1749.450,106.100,25670.223,39184.859
1750.477,106.100,25670.223,39184.859
1751.505,106.100,25670.223,39184.859
1752.533,107.000,25670.223,39184.859
1753.560,106.100,25670.223,39184.859
1754.588,106.100,25670.223,39184.859
1755.616,106.100,25670.223,39184.859
1756.643,106.100,25670.223,39184.859
1757.671,106.100,25670.223,39184.859
1758.699,106.100,25670.223,39184.859
1759.726,106.100,25670.223,39184.859
1760.754,105.100,25670.223,39184.859
1761.781,107.000,25670.223,39184.859
1762.809,106.100,25670.223,39184.859
1763.837,106.100,25670.223,39184.859
1764.865,106.000,25670.223,39184.859
1765.893,107.000,25670.223,39184.859
1766.921,106.000,25670.223,39184.859
1767.949,107.000,25670.223,39184.859
1768.977,106.100,25670.223,39184.859
1770.005,105.100,25670.223,39184.859
1771.033,107.000,25670.223,39184.859
1772.060,106.100,25670.223,39184.859
1773.086,106.200,25670.223,39184.859
1774.114,106.100,25670.223,39184.859
1775.142,106.000,25670.223,39184.859
1776.169,106.100,25670.223,39184.859
1777.198,107.000,25670.223,39184.859
1778.226,106.000,25670.223,39184.859
1779.253,106.100,25670.223,39184.859
1780.281,105.100,25670.223,39184.859
1781.309,107.000,25670.223,39184.859
1782.337,107.100,25670.223,39184.859
1783.364,106.100,25670.223,39184.859
1784.392,105.100,25670.223,39184.859
1785.420,107.000,25670.223,39184.859
1786.447,106.000,25670.223,39184.859
1787.475,107.000,25670.223,39184.859
1788.503,106.100,25670.223,39184.859
1789.531,106.100,25670.223,39184.859
1790.558,106.100,25670.223,39184.859
1791.587,107.000,25670.223,39184.859
1792.615,105.000,25670.223,39184.859
1793.643,107.000,25670.223,39184.859
1794.671,106.000,25670.223,39184.859
1795.698,106.100,25670.223,39184.859
1796.726,106.000,25670.223,39184.859
1797.755,106.900,25670.223,39184.859
1798.783,106.000,25670.223,39184.859
1799.811,107.000,25670.223,39184.859
1800.839,106.100,25670.223,39184.859
1801.866,106.100,25670.223,39184.859
1802.894,106.100,25670.223,39184.859
1803.922,105.100,25670.223,39184.859
1804.950,107.000,25670.223,39184.859
1805.978,106.000,25670.223,39184.859
1807.005,106.100,25670.223,39184.859
1808.033,107.000,25670.223,39184.859
1809.061,105.100,25670.223,39184.859
1810.087,107.200,25670.223,39184.859
1811.115,106.100,25670.223,39184.859
1812.143,106.100,25670.223,39184.859
1813.171,106.000,25670.223,39184.859
1814.199,106.100,25670.223,39184.859
1815.226,107.000,25670.223,39184.859
1816.254,106.100,25670.223,39184.859
1817.282,106.000,25670.223,39184.859
1818.310,107.000,25670.223,39184.859
1819.338,105.100,25670.223,39184.859
1820.366,107.000,25670.223,39184.859
1821.393,106.100,25670.223,39184.859
1822.421,106.000,25670.223,39184.859
1823.449,106.100,25670.223,39184.859
1824.477,107.000,25670.223,39184.859
1825.505,106.100,25670.223,39184.859
1826.532,106.100,25670.223,39184.859
1827.561,106.000,25670.223,39184.859
1828.589,107.000,25670.223,39184.859
1829.616,107.000,25670.223,39184.859
1830.644,106.100,25670.223,39184.859
1831.672,107.000,25670.223,39184.859
1832.700,106.100,25670.223,39184.859
1833.727,106.100,25670.223,39184.859
1834.755,106.100,25670.223,39184.859
1835.783,106.000,25670.223,39184.859
1836.811,107.000,25670.223,39184.859
1837.839,106.000,25670.223,39184.859
1838.867,105.100,25670.223,39184.859
1839.894,107.100,25670.223,39184.859
1840.922,107.000,25670.223,39184.859
1841.950,106.000,25670.223,39184.859
1842.977,106.100,25670.223,39184.859
1844.005,106.000,25670.223,39184.859
1845.033,106.100,25670.223,39184.859
1846.061,106.000,25670.223,39184.859
1847.087,107.200,25670.223,39184.859
1848.115,107.100,25670.223,39184.859
1849.143,105.100,25670.223,39184.859
1850.171,106.100,25670.223,39184.859
1851.198,107.100,25670.223,39184.859
1852.226,106.000,25670.223,39184.859
1853.254,106.000,25670.223,39184.859
1854.282,106.100,25670.223,39184.859
1855.310,107.000,25670.223,39184.859
1856.337,107.000,25670.223,39184.859
1857.366,105.000,25670.223,39184.859
1858.394,107.000,25670.223,39184.859
1859.421,107.100,25670.223,39184.859
1860.449,106.100,25670.223,39184.859
1861.476,106.100,25670.223,39184.859
1862.504,106.100,25670.223,39184.859
1863.532,107.000,25670.223,39184.859
1864.559,106.100,25670.223,39184.859
1865.587,106.000,25670.223,39184.859
1866.615,101.200,25670.223,39184.859
1867.643,100.200,25670.223,39184.859
1868.670,99.300,25670.223,39184.859
1869.698,100.200,25670.223,39184.859
1870.725,100.200,25670.223,39184.859
1871.753,99.300,25670.223,39184.859
1872.781,100.200,25670.223,39184.859
1873.808,101.200,25670.223,39184.859
1874.837,99.200,25670.223,39184.859
1875.864,99.300,25670.223,39184.859
1876.892,102.200,25670.223,39184.859
1877.919,106.100,25670.223,39184.859
1878.947,106.100,25670.223,39184.859
1879.974,105.100,25670.223,39184.859
1881.002,106.100,25670.223,39184.859
1882.030,106.000,25670.223,39184.859
1883.058,106.100,25670.223,39184.859
1884.084,106.200,25670.223,39184.859
1885.112,105.100,25670.223,39184.859
1886.140,106.100,25670.223,39184.859
1887.168,106.000,25670.223,39184.859
1888.196,107.000,25670.223,39184.859
1889.224,105.100,25670.223,39184.859
1890.252,106.000,25670.223,39184.859
1891.279,106.100,25670.223,39184.859
1892.307,105.100,25670.223,39184.859
1893.335,106.100,25670.223,39184.859
1894.362,107.000,25670.223,39184.859
1895.390,106.100,25670.223,39184.859
1896.418,106.000,25670.223,39184.859
1897.445,105.100,25670.223,39184.859
1898.473,106.100,25670.223,39184.859
1899.500,106.100,25670.223,39184.859
1900.528,105.100,25670.223,39184.859
1901.556,107.100,25670.223,39184.859
1902.583,105.100,25670.223,39184.859
1903.611,107.100,25670.223,39184.859
1904.639,106.100,25670.223,39184.859
1905.666,105.100,25670.223,39184.859
1906.694,107.000,25670.223,39184.859
1907.722,105.100,25670.223,39184.859
1908.749,107.100,25670.223,39184.859
1909.777,106.100,25670.223,39184.859
1910.804,106.100,25670.223,39184.859
1911.832,104.100,25670.223,39184.859
1912.861,107.000,25670.223,39184.859
1913.888,107.000,25670.223,39184.859
1914.916,105.100,25670.223,39184.859
1915.944,103.100,25670.223,39184.859
1916.972,99.200,25566.258,39080.895
1918.001,105.900,25566.258,39080.895
1919.029,106.000,25566.258,39080.895
1920.057,106.100,25566.258,39080.895
1921.084,106.100,25566.258,39080.895
1922.111,106.100,25566.258,39080.895
1923.139,106.100,25566.258,39080.895
1924.166,106.100,25566.258,39080.895
1925.194,105.100,25566.258,39080.895
1926.222,107.000,25566.258,39080.895
1927.249,107.000,25566.258,39080.895
1928.277,106.100,25566.258,39080.895
1929.305,105.100,25566.258,39080.895
1930.332,107.100,25566.258,39080.895
1931.360,106.100,25566.258,39080.895
1932.387,105.100,25566.258,39080.895
1933.415,106.100,25566.258,39080.895
1934.443,106.100,25566.258,39080.895
1935.470,106.100,25566.258,39080.895
1936.498,106.100,25566.258,39080.895
1937.525,106.100,25566.258,39080.895
1938.553,107.100,25566.258,39080.895
1939.581,106.000,25566.258,39080.895
1940.608,106.100,25566.258,39080.895
1941.636,106.100,25566.258,39080.895
1942.664,107.100,25566.258,39080.895
1943.691,106.100,25566.258,39080.895
1944.719,104.100,25566.258,39080.895
1945.747,107.000,25566.258,39080.895
1946.774,105.100,25566.258,39080.895
1947.803,107.000,25566.258,39080.895
1948.831,106.000,25566.258,39080.895
1949.858,105.100,25566.258,39080.895
1950.886,107.100,25566.258,39080.895
1951.914,105.100,25566.258,39080.895
1952.942,106.000,25566.258,39080.895
1953.969,106.100,25566.258,39080.895
1954.997,107.000,25566.258,39080.895
1956.024,105.100,25566.258,39080.895
1957.052,107.100,25566.258,39080.895
1958.080,105.100,25566.258,39080.895
1959.107,107.100,25566.258,39080.895
1960.135,105.100,25566.258,39080.895
1961.162,107.000,25566.258,39080.895
1962.190,106.100,25566.258,39080.895
1963.217,105.100,25566.258,39080.895
1964.245,107.100,25566.258,39080.895
1965.272,105.100,25566.258,39080.895
1966.300,107.100,25566.258,39080.895
1967.328,106.000,25566.258,39080.895
1968.356,106.000,25566.258,39080.895
1969.384,106.100,25566.258,39080.895
1970.411,106.100,25566.258,39080.895
1971.439,106.100,25566.258,39080.895
1972.467,107.000,25566.258,39080.895
1973.495,106.000,25566.258,39080.895
1974.523,106.100,25566.258,39080.895
1975.550,107.100,25566.258,39080.895
1976.578,105.100,25566.258,39080.895
1977.606,107.000,25566.258,39080.895
1978.634,106.000,25566.258,39080.895
1979.662,106.100,25566.258,39080.895
1980.689,106.100,25566.258,39080.895
1981.717,106.100,25566.258,39080.895
1982.744,106.100,25566.258,39080.895
1983.772,107.100,25566.258,39080.895
1984.799,106.100,25566.258,39080.895
1985.827,106.100,25566.258,39080.895
1986.855,105.100,25566.258,39080.895
1987.882,107.000,25566.258,39080.895
1988.910,107.000,25566.258,39080.895
1989.938,106.000,25566.258,39080.895
1990.966,105.100,25566.258,39080.895
1991.993,107.000,25566.258,39080.895
1993.021,106.100,25566.258,39080.895
1994.049,105.100,25566.258,39080.895
1995.076,106.100,25566.258,39080.895
1996.102,106.200,25566.258,39080.895
1997.130,107.000,25566.258,39080.895
1998.158,105.100,25566.258,39080.895
1999.185,106.100,25566.258,39080.895
2000.213,106.100,25566.258,39080.895
2001.240,107.000,25566.258,39080.895
2002.268,106.000,25566.258,39080.895
2003.296,106.100,25566.258,39080.895
2004.323,106.100,25566.258,39080.895
2005.351,105.100,25566.258,39080.895
2006.378,107.100,25566.258,39080.895
2007.407,106.000,25566.258,39080.895
2008.435,99.200,25566.258,39080.895
2009.462,100.200,25566.258,39080.895
2010.490,99.300,25566.258,39080.895
2011.517,101.200,25566.258,39080.895
2012.545,99.300,25566.258,39080.895
2013.573,100.200,25566.258,39080.895
2014.600,100.300,25566.258,39080.895
2015.628,100.200,25566.258,39080.895
2016.655,99.300,25566.258,39080.895
2017.683,101.200,25566.258,39080.895
2018.710,99.300,25566.258,39080.895
2019.738,100.200,25566.258,39080.895
2020.766,100.200,25566.258,39080.895
2021.793,99.300,25566.258,39080.895
2022.821,100.200,25566.258,39080.895
2023.849,99.300,25566.258,39080.895
2024.876,101.200,25566.258,39080.895
2025.904,99.200,25566.258,39080.895
2026.932,100.200,25566.258,39080.895
2027.959,100.200,25566.258,39080.895
2028.987,100.200,25566.258,39080.895
2030.015,99.200,25566.258,39080.895
2031.042,101.200,25566.258,39080.895
2032.070,99.300,25566.258,39080.895
2033.096,100.300,25566.258,39080.895
2034.124,99.200,25566.258,39080.895
2035.152,101.200,25566.258,39080.895
2036.179,99.300,25566.258,39080.895
2037.208,100.200,25566.258,39080.895
2038.235,99.200,25566.258,39080.895
2039.263,101.200,25566.258,39080.895
2040.290,99.300,25566.258,39080.895
2041.318,100.200,25573.582,39089.188
2042.346,100.200,25573.582,39089.188
2043.373,99.300,25573.688,39089.188
2044.401,101.200,25573.688,39089.188
2045.429,99.200,25573.688,39089.188
2046.457,100.200,25812.027,39366.039
2047.485,100.200,26578.457,40244.461
2048.513,100.200,27097.797,40837.723
2049.541,100.200,27294.520,41054.031
2050.569,99.200,27294.520,41054.031
2051.597,100.200,27294.520,41054.031
2052.624,100.200,27295.387,41054.031
2053.652,100.200,27295.480,41054.031
2054.680,100.200,27295.480,41054.031
2055.708,99.300,27295.480,41054.031
2056.735,100.200,27296.207,41054.031
2057.763,100.200,27296.207,41054.031
2058.791,99.200,27296.207,41054.031
2059.818,100.200,27339.355,41054.031
2060.846,100.200,27525.371,41260.414
2061.874,100.200,27538.316,41265.906
2062.902,100.200,27538.316,41265.906
2063.930,99.200,27538.316,41265.906
2064.957,101.200,27547.672,41265.906
2065.985,99.200,27547.832,41265.906
2067.014,100.200,27580.320,41276.918
2068.042,100.200,27930.441,41627.344
2069.070,99.200,27930.441,41627.344
2070.096,100.300,28707.922,42546.469
2071.124,100.200,28717.922,42546.469
2072.151,99.300,28729.922,42546.469
2073.178,100.300,28739.922,42546.469
2074.206,100.200,28749.922,42546.469
2075.233,100.300,28761.922,42546.469
2076.260,100.300,28771.922,42546.469
2077.287,99.300,28783.922,42546.469
2078.315,100.300,28793.922,42546.469
2079.342,100.200,28933.922,42739.969
2080.371,100.200,29437.906,43200.809
2081.398,99.200,28095.918,41757.195
2082.426,100.200,28274.156,41935.422
2083.454,100.200,28363.270,42024.535
2084.482,99.200,28726.090,42403.898
2085.511,100.100,28742.555,42403.898
2086.538,100.300,28742.555,42403.898
2087.563,100.500,28742.555,42403.898
2088.588,99.500,28742.633,42403.898
2089.613,100.500,28928.660,42597.398
2090.641,100.200,29523.879,43323.023
2091.669,99.200,29533.879,43323.023
2092.697,100.200,29543.879,43323.023
2093.724,100.300,29553.879,43323.023
2094.752,100.200,29566.035,43323.023
2095.780,100.200,29576.035,43323.023
2096.807,99.300,29586.035,43323.023
2097.835,100.200,29596.035,43323.023
2098.863,100.200,29608.035,43323.023
2099.891,100.200,29831.812,43564.898
2100.919,100.200,30221.070,43977.363
2101.947,100.200,28872.484,42533.750
2102.975,100.200,29137.672,42801.090
2104.002,99.200,29150.680,42801.090
2105.030,99.200,29286.812,43023.879
2106.058,101.200,29465.676,43157.551
2107.085,100.200,29690.465,43469.457
2108.114,99.200,29967.109,43870.480
2109.142,100.200,30243.223,44226.941
2110.170,100.200,30422.871,44601.832
2111.198,100.200,30704.832,44932.164
2112.226,100.200,29659.520,43324.836
2113.255,100.100,29679.668,43324.836
2114.283,99.200,30035.594,43814.105
2115.311,100.200,30555.586,44357.738
2116.339,100.200,30565.586,44357.738
2117.366,100.300,30577.586,44357.738
2118.394,100.200,30589.586,44357.738
2119.421,99.300,30601.586,44357.738
2120.449,100.200,30613.742,44357.738
2121.477,100.200,30625.742,44357.738
2122.504,100.200,30637.742,44357.738
2123.532,99.300,30649.742,44357.738
2124.559,101.200,30904.160,44629.555
2125.587,99.200,31370.832,45078.816
2126.615,99.200,29861.820,43461.254
2127.644,101.100,30054.070,43652.035
2128.672,100.200,30246.469,43842.816
2129.701,99.200,30370.512,44005.906
2130.728,100.200,30572.648,44168.996
2131.756,100.200,30572.648,44168.996
2132.783,100.300,30572.648,44168.996
2133.808,100.400,30572.648,44168.996
2134.834,99.400,30749.270,44386.449
2135.862,99.200,31446.895,45201.898
2136.890,101.200,31458.895,45201.898
2137.918,99.300,31470.895,45201.898
2138.946,100.200,31482.895,45201.898
2139.973,100.200,31494.895,45201.898
2141.001,99.300,31506.895,45201.898
2142.029,100.200,31516.895,45201.898
2143.056,101.200,31528.895,45201.898
2144.083,99.300,31540.895,45201.898
2145.111,100.200,31551.977,45201.898
2146.139,100.100,32132.410,45827.586
2147.167,99.200,32227.863,45922.977
2148.195,100.200,28891.941,42480.488
2149.223,100.200,29178.039,42766.660
2150.251,100.200,29178.176,42766.660
2151.278,99.300,29335.266,43100.527
2152.306,100.200,29513.629,43148.223
2153.334,100.200,29707.582,43434.395
2154.362,100.200,29950.305,43768.262
2155.391,100.200,30248.074,44172.938
2156.419,99.200,30494.566,44530.684
2157.448,100.100,30814.461,44965.117
2158.476,101.100,31083.910,45257.355
2159.504,100.200,29997.867,43804.883
2160.531,99.300,30434.645,44104.336
2161.559,100.200,30434.645,44104.336
2162.587,100.200,30434.645,44104.336
2163.615,99.200,31332.957,45077.559
2164.644,100.200,31641.535,45526.738
2165.672,100.200,31651.535,45526.738
2166.700,100.200,31663.535,45526.738
2167.728,100.200,31675.535,45526.738
2168.755,99.300,31687.535,45526.738
2169.782,100.200,31699.535,45526.738
2170.810,100.300,31711.664,45526.738
2171.837,100.300,31723.664,45526.738
2172.865,100.200,31733.664,45526.738
2173.892,99.300,31745.664,45526.738
2174.920,100.200,31757.664,45526.738
2175.948,99.300,31769.664,45526.738
2176.975,101.200,31781.664,45526.738
2178.003,100.200,32436.277,46253.504
2179.031,99.200,32692.328,46509.223
2180.059,100.200,30618.000,44285.191
2181.086,100.300,30873.719,44540.910
2182.115,100.200,31129.441,44796.629
2183.143,100.200,31001.582,44668.770
2184.171,99.200,31046.086,44796.629
2185.199,100.200,31578.445,45245.809
2186.227,100.200,31578.445,45245.809
2187.255,100.200,31578.445,45245.809
2188.282,99.300,31578.445,45245.809
2189.309,100.300,31578.445,45245.809
2190.336,100.300,31578.445,45245.809
2191.362,99.300,31578.445,45245.809
2192.391,101.100,32476.902,46219.031
2193.419,99.200,32784.422,46668.211
2194.447,100.200,32796.422,46668.211
2195.475,100.200,32808.422,46668.211
2196.502,100.200,32818.598,46668.211
2197.530,99.300,32830.598,46668.211
2198.557,100.200,32842.598,46668.211
2199.585,100.300,32854.598,46668.211
2200.612,100.200,32866.598,46668.211
2201.640,99.300,32876.598,46668.211
2202.667,100.300,32888.598,46668.211
2203.695,100.300,32900.598,46668.211
2204.722,100.200,32910.598,46668.211
2205.750,99.300,32922.598,46668.211
2206.777,101.200,33578.086,47394.977
2207.806,99.200,33833.605,47650.695
2208.833,100.200,31759.484,45426.664
2209.861,100.200,31860.562,45554.523
2210.890,100.100,32146.914,45810.242
2211.918,99.200,32147.156,45810.242
2212.946,100.200,32147.156,45810.242
2213.974,100.200,32413.938,46257.750
2215.003,100.100,32595.098,46321.680
2216.031,100.200,32757.945,46615.000
2217.059,100.200,32948.398,46742.859
2218.087,100.300,33217.887,47097.418
2219.115,100.200,33505.426,47567.473
2220.143,99.200,33645.137,47794.172
2221.170,99.200,33982.156,48148.730
2222.198,100.200,34148.812,48445.797
2223.227,101.100,34423.617,48864.285
2224.254,100.200,34629.273,49154.914
2225.283,99.200,34787.969,49346.703
2226.310,100.200,35492.566,50040.836
2227.339,99.200,35553.547,50101.598
2228.366,101.200,35585.547,50162.359
2229.395,100.100,36494.602,51134.547
2230.423,100.200,36540.418,51256.070
2231.451,99.200,36552.418,51256.070
2232.479,100.200,36564.625,51256.070
2233.507,99.200,36576.625,51256.070
2234.535,100.200,36588.625,51256.070
2235.563,101.200,36600.625,51256.070
2236.590,99.300,36612.625,51256.070
2237.618,100.200,36624.625,51256.070
2238.645,100.200,36636.625,51256.070
2239.673,99.300,36648.625,51256.070
2240.700,100.200,37196.934,51854.188
2241.729,100.200,37425.867,52078.234
2242.757,99.200,33662.430,47388.047
2243.784,101.200,33894.961,47612.094
2244.812,100.200,34006.984,47724.117
2245.840,99.200,34006.984,47724.117
2246.868,100.200,34483.383,48200.711
2247.897,100.200,34483.578,48200.711
2248.923,100.400,34483.578,48200.711
2249.948,99.500,34483.578,48200.711
2250.974,100.400,34483.578,48200.711
2251.999,99.500,34840.789,48626.043
2253.027,100.200,35460.793,49355.184
2254.055,100.200,35472.793,49355.184
2255.082,100.300,35484.793,49355.184
2256.110,99.300,35496.793,49355.184
2257.137,100.200,35508.793,49355.184
2258.165,100.300,35520.922,49355.184
2259.192,100.300,35532.922,49355.184
2260.219,99.300,35544.922,49355.184
2261.247,101.200,35556.922,49355.184
2262.275,99.300,35568.922,49355.184
2263.302,99.200,35881.012,49719.754
2264.330,101.200,36314.375,50177.348
2265.358,99.200,34655.934,48363.996
2266.386,101.200,34879.980,48588.043
2267.415,99.200,35000.879,48700.066
2268.443,100.200,35000.879,48700.066
2269.471,100.200,32414.125,46113.312
2270.499,99.200,32674.168,46505.395
2271.527,101.200,32808.641,46561.406
2272.555,99.200,33035.465,46897.477
2273.583,99.200,33318.215,47177.535
2274.611,100.200,33432.488,47513.605
2275.639,100.200,33603.879,47737.652
2276.668,101.100,33833.898,48017.711
2277.697,100.100,34060.379,48353.781
2278.725,99.200,34342.230,48633.840
2279.753,100.200,34554.660,49014.617
2280.781,100.200,34898.254,49283.371
2281.809,100.200,34898.254,49283.371
2282.837,99.200,34898.254,49283.371
2283.865,100.200,35787.258,50268.801
2284.893,100.100,36337.258,50985.473
2285.921,100.200,36347.258,50985.473
2286.948,100.300,36359.258,50985.473
2287.976,99.300,36371.258,50985.473
2289.004,100.200,36383.258,50985.473
2290.031,100.200,36395.258,50985.473
2291.059,100.300,36407.258,50985.473
2292.085,99.400,36419.258,50985.473
2293.113,100.200,36431.258,50985.473
2294.140,100.300,36441.258,50985.473
2295.167,100.300,36453.258,50985.473
2296.195,100.300,36465.258,50985.473
2297.222,99.300,36477.258,50985.473
2298.250,100.200,36489.258,50985.473
2299.277,100.300,36501.258,50985.473
2300.304,100.200,36565.234,51164.641
2301.333,99.200,37301.848,51862.426
2302.361,100.200,37622.660,52182.980
2303.389,100.200,33322.816,46993.812
2304.417,99.200,33322.816,46993.812
2305.445,101.200,33643.414,47314.367
2306.474,100.200,33964.141,47634.922
2307.502,100.100,33803.863,47474.645
2308.530,99.200,33803.863,47474.645
2309.558,99.200,34501.613,48172.430
2310.586,100.200,34501.613,48172.430
2311.613,100.300,34501.613,48172.430
2312.640,100.300,34501.613,48172.430
2313.666,99.400,34501.613,48172.430
2314.693,101.300,34501.613,48172.430
2315.719,99.400,34501.613,48172.430
2316.746,99.400,34501.613,48172.430
2317.773,101.300,34501.613,48172.430
2318.800,100.300,35174.348,48978.691
2319.828,99.200,35935.312,49874.531
2320.856,100.200,35948.078,49874.531
2321.884,100.200,35960.078,49874.531
2322.912,99.200,35972.078,49874.531
2323.939,100.200,35984.078,49874.531
2324.967,101.200,35996.078,49874.531
2325.995,99.200,36008.078,49874.531
2327.022,100.300,36020.078,49874.531
2328.050,100.200,36032.078,49874.531
2329.077,99.300,36044.078,49874.531
2330.103,100.400,36056.078,49874.531
2331.131,99.300,36068.078,49874.531
2332.158,101.200,36080.078,49874.531
2333.186,99.300,36092.078,49874.531
2334.214,100.200,36104.078,49874.531
2335.241,100.200,36132.039,50053.699
2336.270,100.100,36901.562,50751.484
2337.299,100.100,37222.293,51072.039
2338.327,99.200,34732.793,48403.398
2339.355,100.200,34732.793,48403.398
2340.383,100.200,35053.348,48723.953
2341.411,99.200,35373.848,49044.508
2342.439,100.200,35213.711,48884.230
2343.467,100.200,35213.711,48884.230
2344.495,100.200,35454.133,49284.930
2345.523,100.200,35615.945,49445.207
2346.550,99.300,35776.273,49525.348
2347.578,101.200,35975.359,50006.188
2348.606,99.200,36180.438,50006.188
2349.634,100.200,36502.746,50406.887
2350.662,100.200,36506.074,50567.168
2351.690,100.200,36748.492,51048.008
2352.718,99.200,36927.965,51048.008
2353.746,101.200,37259.066,51485.895
2354.774,100.200,37329.746,51714.285
2355.803,100.100,37655.160,52317.449
2356.831,99.200,37826.016,52317.449
2357.859,99.200,38160.367,52755.336
2358.887,101.200,38213.781,52983.727
2359.915,100.100,38790.805,53472.363
2360.943,100.200,38790.805,53472.363
2361.971,99.200,39170.738,53991.621
2362.999,100.200,39718.809,54568.574
2364.027,100.200,39728.809,54568.574
2365.054,99.300,39740.809,54568.574
2366.082,101.200,39752.809,54568.574
2367.110,99.200,39762.809,54568.574
2368.138,100.200,39774.809,54568.574
2369.165,99.300,39786.809,54568.574
2370.192,101.200,39796.809,54568.574
2371.220,99.300,39808.906,54568.574
2372.247,100.300,39818.906,54568.574
2373.275,100.200,39846.891,54683.965
2374.303,100.100,36258.742,49915.273
2375.331,99.200,36472.555,50129.086
2376.359,100.200,33546.504,47203.008
2377.387,100.200,33761.715,47416.820
2378.415,100.200,33975.527,47630.633
2379.443,99.200,33872.301,47630.633
2380.472,101.100,34321.641,47976.805
2381.500,99.300,34321.641,47976.805
2382.526,100.400,34321.699,47976.805
2383.552,100.400,34321.699,47976.805
2384.578,99.400,34321.699,47976.805
2385.604,99.400,34496.176,48207.586
2386.632,100.100,35247.277,49073.016
2387.660,100.200,35259.277,49073.016
2388.688,100.200,35271.277,49073.016
2389.715,100.200,35281.277,49073.016
2390.743,100.200,35293.277,49073.016
2391.771,99.200,35305.277,49073.016
2392.798,100.200,35317.277,49073.016
2393.826,100.200,35327.391,49073.016
2394.854,100.200,35339.391,49073.016
2395.881,99.300,35351.391,49073.016
2396.909,100.200,35466.152,49188.406
2397.939,101.000,35977.789,49748.391
2398.967,100.200,34477.863,48132.922
2399.995,99.200,34654.000,48346.734
2401.023,100.200,34905.492,48560.547
2402.051,100.200,34798.586,48453.641
2403.079,99.200,34798.586,48453.641
2404.106,101.300,34798.586,48453.641
2405.134,99.200,31342.062,44997.117
2406.161,100.200,31608.926,45371.289
2407.189,100.200,31749.379,45478.195
2408.217,100.100,31988.051,45745.461
2409.246,99.200,32204.445,46119.633
2410.274,101.200,32420.121,46440.352
2411.302,99.200,32690.012,46707.617
2412.329,100.200,32858.836,47135.242
2413.358,100.200,33177.898,47402.508
2414.386,100.200,33535.289,47864.043
2415.414,100.200,33890.375,48218.672
2416.442,99.200,34221.586,48549.883
2417.470,100.200,32493.316,46144.492
2418.498,100.200,32493.316,46144.492
2419.526,99.200,32824.637,46558.508
2420.555,100.100,32825.266,46558.508
2421.583,101.200,32825.266,46558.508
2422.611,99.200,32825.266,46558.508
2423.639,100.200,32988.336,46889.723
2424.667,99.200,33082.309,46889.723
2425.696,101.100,33084.672,46889.723
2426.723,100.200,33102.043,46889.723
2427.752,100.100,32856.387,46475.707
2428.780,99.200,33452.383,47303.586
2429.809,100.200,33592.555,47658.387
2430.837,100.200,33806.453,47658.387
2431.865,99.200,34040.594,48119.590
2432.893,100.200,34726.398,48824.812
2433.921,101.200,34727.172,48824.812
2434.949,99.200,34727.297,48824.812
2435.977,100.200,34759.301,48856.816
2437.004,100.200,34759.301,48856.816
2438.032,99.200,34759.301,48856.816
2439.060,100.200,34759.301,48856.816
2440.087,100.300,35300.637,49507.832
2441.115,100.200,36119.305,50357.188
2442.143,98.300,36869.711,51076.191
2443.172,76.800,0.000,0.000
