Elapsed_time,CPU,Real_MB,Virtual_MB
0.000,0.000,52.582,8485.742
1.011,40.600,71.664,8568.227
2.022,83.100,128.621,8629.039
3.041,81.500,212.539,8713.539
4.059,28.500,227.809,8728.605
5.078,47.100,239.086,8740.867
6.096,72.600,248.465,8749.395
7.107,15.800,251.488,8753.668
8.126,80.500,389.051,8891.699
9.145,66.700,404.375,8913.508
10.163,87.300,412.223,8921.488
11.182,78.500,494.574,9004.145
12.201,86.400,506.559,9017.238
13.220,34.400,581.082,9092.383
14.238,29.500,638.141,9149.613
15.257,26.500,683.457,9195.039
16.276,20.600,684.934,9196.641
17.286,21.800,686.113,9198.672
18.305,71.700,688.352,9201.125
19.323,49.100,688.672,9201.895
20.334,21.800,688.777,9202.109
21.352,62.800,702.148,9215.938
22.371,52.000,711.062,9225.328
23.390,16.700,711.414,9225.258
24.408,53.000,712.273,9230.953
25.425,40.300,712.484,9231.883
26.439,17.800,714.430,9234.434
27.455,25.600,714.680,9235.422
28.469,12.800,715.227,9236.176
29.484,17.700,715.473,9237.246
30.496,25.700,715.641,9238.047
31.511,26.600,744.863,9268.172
32.525,29.600,746.426,9269.836
33.542,40.300,746.574,9269.676
34.555,41.400,746.707,9269.992
35.572,14.800,748.949,9274.082
36.587,25.600,788.055,9312.797
37.602,33.500,808.469,9333.930
38.617,38.400,813.629,9339.430
39.631,18.700,814.047,9339.684
40.645,15.800,814.180,9339.883
41.662,25.600,814.348,9340.051
42.677,48.300,814.395,9340.160
43.692,49.300,814.527,9340.688
44.707,22.700,816.000,9344.152
45.723,91.500,818.645,9347.152
46.737,59.200,818.691,9347.227
47.751,28.600,818.879,9348.664
48.765,26.600,826.375,9362.938
49.781,57.100,890.605,9427.258
50.793,51.400,961.121,9504.961
51.811,45.200,966.395,9510.609
52.828,23.600,966.703,9510.148
53.846,30.500,968.262,9512.668
54.864,30.500,973.258,9518.180
55.880,30.500,973.305,9517.992
56.898,37.300,973.949,9518.746
57.916,62.900,973.949,9519.246
58.933,41.300,975.207,9520.703
59.950,100.300,975.207,9520.703
60.968,61.900,975.551,9559.699
61.985,63.900,999.250,9584.199
63.003,56.000,1013.145,9598.258
64.021,70.700,1044.578,9631.828
65.038,72.700,1052.129,9638.488
66.055,100.300,1052.125,9637.984
67.072,83.600,1175.934,9803.590
68.090,50.100,1217.719,9803.625
69.108,71.700,1294.582,9881.441
70.121,99.700,1304.125,9891.105
71.139,99.100,1313.480,9900.770
72.158,100.100,1390.012,9978.082
73.177,98.200,1390.012,9978.082
74.195,99.200,1390.012,9978.082
75.213,100.200,1390.012,9978.082
76.231,99.200,1390.012,9978.082
77.250,99.100,1390.012,9978.082
78.269,100.100,1485.398,10074.723
79.287,99.200,1494.930,10084.387
80.305,99.200,1494.930,10084.387
81.323,99.200,1494.984,10084.387
82.341,99.200,1494.984,10084.387
83.357,98.400,1494.984,10084.387
84.374,99.300,1494.984,10084.387
85.392,99.200,1494.984,10084.387
86.410,99.200,1494.984,10084.387
87.428,99.200,1494.984,10084.387
88.446,100.200,1494.984,10084.387
89.464,98.300,1494.984,10084.387
90.482,99.200,1494.984,10084.387
91.500,99.200,1494.984,10084.387
92.518,99.200,1494.984,10084.387
93.536,99.200,1494.984,10084.387
94.554,98.300,1494.984,10084.387
95.572,98.200,1529.820,15369.930
96.591,101.200,1540.160,15369.930
97.609,100.200,1809.832,15369.930
98.627,99.200,1906.277,15369.930
99.645,100.200,1909.469,15466.930
100.664,100.100,1915.656,15641.930
101.682,99.200,1923.133,15851.930
102.699,101.200,1931.898,16104.930
103.717,99.300,1942.727,16407.930
104.735,100.200,1955.359,16770.930
105.753,100.200,1970.828,17206.930
106.771,100.100,1989.133,17730.930
107.790,100.200,2011.305,18358.930
108.807,100.200,2037.602,19111.930
109.826,100.100,2069.570,20015.930
110.845,100.100,2107.727,21101.930
111.863,100.200,2153.359,22403.930
112.881,100.100,2208.273,23965.930
113.900,99.200,2274.273,25840.930
114.920,840.700,6803.090,37568.453
115.940,1203.100,14925.617,37568.453
116.960,951.400,12474.000,27023.930
117.978,99.100,9405.594,21739.891
118.996,100.300,10546.973,22876.891
120.014,100.100,11136.074,23465.891
121.034,100.100,12285.145,24614.891
122.051,100.200,13686.098,26015.891
123.068,100.300,14038.488,26368.891
124.086,100.200,15828.480,28157.891
125.103,99.300,16747.711,29077.891
126.120,100.300,17262.242,29594.020
127.137,83.600,17332.242,30057.613
128.155,99.200,17464.254,30057.613
129.173,98.300,17596.254,30057.613
130.191,100.200,17726.254,30057.613
131.208,99.200,18026.254,30515.578
132.227,100.100,18304.320,31432.504
133.245,99.200,18586.320,31432.504
134.263,99.200,18870.320,31432.504
135.281,100.200,19111.758,31435.133
136.299,100.200,20484.219,32809.484
137.317,100.200,20484.633,32809.484
138.334,100.200,20485.020,32809.484
139.352,99.300,20485.387,32809.484
140.368,100.300,20485.730,32809.484
141.386,100.200,20486.492,33267.449
142.404,100.200,20486.492,33267.449
143.422,99.200,21859.191,34183.375
144.440,101.100,21859.508,34183.375
145.458,99.200,21859.902,34183.375
146.476,101.200,21860.246,34183.375
147.494,99.200,21860.379,34183.375
148.512,81.600,21804.125,34126.723
149.530,89.400,22491.840,41262.305
150.548,100.200,25535.840,41262.305
151.565,100.200,28213.840,41262.305
152.583,100.200,28953.840,41262.305
153.601,99.200,28968.270,41262.309
154.619,100.200,27846.297,47024.500
155.637,99.200,29106.297,47024.500
156.654,100.200,30266.297,47024.500
157.672,100.200,30868.113,47024.500
158.690,100.200,31569.875,47024.500
159.708,100.200,32222.777,47024.500
160.726,99.200,32994.070,47024.500
161.744,100.200,33496.121,47024.500
162.762,100.200,34137.953,47024.500
163.780,100.200,34730.461,47024.500
164.798,121.800,34845.586,48357.562
165.816,100.200,35360.551,48891.570
166.834,100.200,35861.770,49437.086
167.851,100.200,36493.715,50194.500
168.868,100.300,37177.723,50718.566
169.886,100.200,37801.184,51352.824
170.904,100.200,38364.215,51873.832
171.921,100.200,39025.180,52558.922
172.939,99.200,39451.988,52963.172
173.957,99.200,35253.457,48778.875
174.975,100.200,35831.316,49374.543
175.993,100.200,36489.867,50008.406
177.011,99.200,37099.727,50623.648
178.029,101.200,37673.652,51183.883
179.046,99.200,38225.039,51793.230
180.065,101.200,38769.559,52320.266
181.083,99.200,39412.094,52939.578
182.101,100.100,36300.469,49838.172
183.120,100.100,36583.516,50083.219
184.139,100.100,36625.879,50083.219
185.158,100.100,36662.457,50083.219
186.177,100.100,35858.891,49279.652
187.196,100.100,35858.891,49279.652
188.215,99.100,35953.863,49381.934
189.234,100.100,35984.199,49433.074
190.253,100.100,35986.117,49433.074
191.270,100.300,37262.668,53773.621
192.287,100.300,38320.668,53773.621
193.304,100.300,39166.711,53773.621
194.321,99.300,40244.668,53773.621
195.340,100.100,41456.230,58114.258
196.358,99.300,42501.703,58114.258
197.375,100.300,43568.277,58114.258
198.391,100.300,44607.574,58114.258
199.410,100.100,44674.457,58114.258
200.429,100.100,44674.477,58114.258
201.445,98.300,45027.461,62454.805
202.464,99.100,45591.566,62454.805
203.483,100.100,46374.574,62454.805
204.502,99.100,47524.707,62454.805
205.521,99.100,48295.527,62454.805
206.540,99.100,48956.297,62454.805
207.559,125.600,49251.906,62690.945
208.577,98.200,49668.840,63135.047
209.596,101.100,50262.805,63725.168
210.615,98.200,50811.172,64270.258
211.634,101.100,51212.805,64647.305
212.653,99.200,51510.777,64911.574
213.671,101.100,52115.973,65515.270
214.690,99.100,52565.480,66075.898
215.709,100.100,53164.820,66576.555
216.728,100.100,53686.406,67087.395
217.747,100.100,54385.656,67812.828
218.766,99.100,54624.672,67999.617
219.785,99.100,54802.027,68204.727
220.804,99.100,50493.332,63880.855
221.822,101.100,50493.520,63880.855
222.840,99.300,50493.555,63880.855
223.858,99.200,50493.555,63880.855
224.874,101.300,51909.254,68221.402
225.891,94.400,52181.008,68221.402
226.911,99.100,52617.203,68221.402
227.929,100.100,53065.203,68221.402
228.948,100.100,54099.066,68221.402
229.967,99.100,54834.102,68221.402
230.986,99.200,54871.125,72561.949
232.004,99.100,55151.230,72561.949
233.022,98.300,55522.879,72561.949
234.041,100.100,55926.105,72561.949
235.060,100.100,56282.586,72561.949
236.079,100.100,56734.109,72561.949
237.098,99.100,57295.109,72561.949
238.117,100.100,57823.109,72561.949
239.136,100.100,58367.262,72561.949
240.155,101.100,58908.965,72561.949
241.174,99.100,59174.426,72561.949
242.193,100.100,59454.660,76902.496
243.212,99.100,59863.035,76902.496
244.231,101.100,60251.176,76902.496
245.250,90.300,60463.059,76902.496
246.269,100.100,60710.500,76902.496
247.288,82.400,60847.133,76902.496
248.307,100.100,61065.250,76902.496
249.326,100.100,61293.723,76902.496
250.345,100.100,61522.223,76902.496
251.363,100.200,61775.535,76902.496
252.382,97.200,61865.254,76902.496
253.401,85.400,62099.254,76902.496
254.419,99.200,62555.254,76902.496
255.439,100.100,63005.254,76902.496
256.458,100.100,63451.254,76902.496
257.477,100.100,59501.801,76902.496
258.496,101.100,60151.801,76902.496
259.515,100.100,60881.801,76902.496
260.534,99.100,61487.801,76902.496
261.553,100.100,62023.801,76902.496
262.572,88.300,62081.734,76902.496
263.592,94.100,62237.031,76902.496
264.611,101.100,62629.801,76902.496
265.630,96.200,62932.031,76902.496
266.648,100.200,63411.848,76902.496
267.665,100.300,63515.172,76902.496
268.681,99.300,63686.434,77073.730
269.698,99.300,63892.953,77363.578
270.717,99.100,64645.961,78033.141
271.737,101.100,65193.582,78578.367
272.755,100.100,65785.074,79187.590
273.775,100.100,66476.293,79861.078
274.794,99.100,66476.293,79861.078
275.813,101.100,63805.758,79861.078
276.832,99.100,55037.957,68422.742
277.851,100.100,55196.598,68576.285
278.869,100.200,55687.844,69072.555
279.885,99.300,56686.820,70056.406
280.902,100.300,57257.148,70652.965
281.919,100.300,58031.605,71441.402
282.938,100.100,58524.125,71889.750
283.957,99.100,58572.055,71889.750
284.975,100.200,58652.727,71889.750
285.994,100.100,57701.277,70995.758
287.014,100.000,55054.211,68221.402
288.033,100.100,55057.094,68221.402
289.052,100.100,55057.094,68221.402
290.071,100.100,55057.352,68221.402
291.089,100.100,55057.500,68221.402
292.108,99.100,55057.773,68221.402
293.127,100.100,55404.398,68609.562
294.146,100.100,55936.758,69207.664
295.165,100.100,57351.332,70621.172
296.184,100.100,57980.398,71323.625
297.203,99.100,58768.629,72035.121
298.222,97.200,57422.914,70687.832
299.239,96.400,57423.148,70687.832
300.256,99.300,57423.449,70688.543
301.272,87.500,57470.508,71059.883
302.289,99.300,57989.957,71252.352
303.308,100.100,57990.164,71252.352
304.327,100.100,57990.297,71252.352
305.346,99.100,57909.367,71171.422
306.363,100.200,57909.367,71171.422
307.383,100.100,57909.367,71171.422
308.402,100.100,57909.375,71171.422
309.421,100.100,58145.961,71408.008
310.440,99.100,57995.316,71257.359
311.456,99.300,57995.316,71257.359
312.473,101.300,58046.777,71308.820
313.492,99.100,58046.777,71308.820
314.511,100.100,58046.781,71308.820
315.530,99.100,58718.125,71980.164
316.547,100.300,59230.277,72492.387
317.565,99.200,59230.348,72492.387
318.582,88.400,59520.410,73666.547
319.600,100.200,60200.023,73666.547
320.619,99.100,60859.617,74124.285
321.638,99.100,61455.648,74717.688
322.657,101.100,59892.285,73154.324
323.676,99.200,59892.285,73154.324
324.695,101.100,60361.707,73623.828
325.714,99.100,60361.789,73623.828
326.731,99.300,60361.789,73623.828
327.750,100.100,60985.234,77964.375
328.769,100.100,62055.789,77964.375
329.788,100.100,63280.406,77964.375
330.807,100.100,64587.953,77964.375
331.826,100.100,64702.336,77964.375
332.845,17.700,64702.383,77964.375
333.862,100.300,59892.379,73154.324
334.882,100.100,59892.383,73154.324
335.901,99.100,59892.383,73154.324
336.918,100.300,59892.383,73154.324
337.936,100.200,59892.383,73154.324
338.955,100.100,59892.383,73154.324
339.974,100.100,59892.383,73154.324
340.993,99.100,59892.383,73154.324
342.012,101.100,59892.383,73154.324
343.031,100.100,59892.383,73154.324
344.050,99.100,59892.383,73154.324
345.069,101.100,59892.383,73154.324
346.088,99.100,59892.383,73154.324
347.108,101.000,59892.383,73154.324
348.127,100.100,59892.383,73154.324
349.147,100.000,59892.383,73154.324
350.167,100.000,59892.383,73154.324
351.187,100.000,59892.383,73154.324
352.202,100.500,56013.094,69275.035
353.221,99.100,56013.094,69275.035
354.240,100.100,56013.094,69275.035
355.260,100.100,56013.094,69275.035
356.279,100.100,56013.094,69275.035
357.298,100.100,56013.094,69275.035
358.317,100.100,56013.094,69275.035
359.336,100.100,56013.094,69275.035
360.355,100.100,56013.094,69275.035
361.373,99.200,56013.094,69275.035
362.392,101.100,56013.094,69275.035
363.411,100.100,56013.094,69275.035
364.430,99.100,56013.094,69275.035
365.449,101.100,56013.094,69275.035
366.468,99.100,56013.094,69275.035
367.487,101.100,56013.094,69275.035
368.506,99.100,56013.094,69275.035
369.525,100.100,56013.094,69275.035
370.544,100.100,56013.094,69275.035
371.563,101.100,56013.094,69275.035
372.582,99.100,56013.094,69275.035
373.601,100.100,56013.094,69275.035
374.618,100.300,56013.094,69275.035
375.636,100.100,56013.094,69275.035
376.655,100.100,56013.094,69275.035
377.674,100.100,56013.094,69275.035
378.690,99.400,56013.094,69275.035
379.709,100.100,56013.094,69275.035
380.728,100.100,56013.094,69275.035
381.746,100.200,56013.094,69275.035
382.765,100.100,56013.094,69275.035
383.784,99.100,56013.094,69275.035
384.804,100.100,56013.094,69275.035
385.823,100.100,56013.094,69275.035
386.842,100.100,56013.094,69275.035
387.861,100.100,56013.094,69275.035
388.878,100.300,56013.094,69275.035
389.896,100.200,56013.094,69275.035
390.913,100.200,56013.094,69275.035
391.930,99.300,56013.094,69275.035
392.948,100.200,56013.094,69275.035
393.965,100.200,56013.094,69275.035
394.983,100.300,56013.094,69275.035
396.001,99.200,56013.094,69275.035
397.020,101.100,56013.094,69275.035
398.039,100.100,56013.094,69275.035
399.058,100.100,56013.094,69275.035
400.077,100.100,56013.094,69275.035
401.096,99.100,56013.094,69275.035
402.113,100.300,56013.094,69275.035
403.130,100.300,56013.094,69275.035
404.148,99.200,56013.094,69275.035
405.166,100.200,56013.094,69275.035
406.183,100.300,56013.094,69275.035
407.201,100.200,56013.094,69275.035
408.218,99.300,56013.094,69275.035
409.236,100.300,56013.094,69275.035
410.254,100.100,56013.094,69275.035
411.274,100.000,56013.094,69275.035
412.294,100.100,56013.094,69275.035
413.311,100.300,56013.094,69275.035
414.330,100.100,56013.094,69275.035
415.348,99.300,56013.094,69275.035
416.367,100.100,56013.094,69275.035
417.386,100.000,56013.094,69275.035
418.406,101.000,56013.094,69275.035
419.426,100.000,56013.094,69275.035
420.446,100.000,56013.094,69275.035
421.465,100.000,56013.094,69275.035
422.483,99.200,56013.094,69275.035
423.503,101.000,56013.094,69275.035
424.523,100.000,56013.094,69275.035
425.542,100.100,56013.094,69275.035
426.562,100.000,56013.094,69275.035
427.576,99.600,56013.094,69275.035
428.589,100.600,56013.094,69275.035
429.609,100.000,56013.094,69275.035
430.629,100.000,56013.094,69275.035
431.649,100.000,56013.094,69275.035
432.669,100.000,56013.094,69275.035
433.689,100.000,56013.094,69275.035
434.708,100.100,56013.094,69275.035
435.727,100.100,56013.094,69275.035
436.747,100.000,56013.094,69275.035
437.767,101.000,56013.094,69275.035
438.786,100.100,56013.094,69275.035
439.805,99.100,56013.094,69275.035
440.825,101.000,56013.094,69275.035
441.844,100.000,56013.094,69275.035
442.864,99.100,56013.094,69275.035
443.884,101.000,56013.094,69275.035
444.903,99.100,56013.094,69275.035
445.923,101.000,56013.094,69275.035
446.942,99.100,56013.094,69275.035
447.961,101.000,56013.094,69275.035
448.981,99.100,56013.094,69275.035
450.000,101.000,56013.094,69275.035
451.022,99.800,56013.094,69275.035
452.043,99.900,56013.094,69275.035
453.064,101.000,56013.094,69275.035
454.082,99.100,56013.094,69275.035
455.105,99.800,56013.094,69275.035
456.125,99.900,56013.094,69275.035
457.145,101.000,56013.094,69275.035
458.167,99.800,56013.094,69275.035
459.189,99.900,56013.094,69275.035
460.209,100.000,56013.094,69275.035
461.229,101.000,56013.094,69275.035
462.246,99.400,56013.094,69275.035
463.265,101.000,56013.094,69275.035
464.285,100.000,56013.094,69275.035
465.306,98.900,56013.094,69275.035
466.328,100.800,56013.094,69275.035
467.348,100.000,56013.094,69275.035
468.368,100.000,56013.094,69275.035
469.386,99.200,56013.094,69275.035
470.406,100.000,56013.094,69275.035
471.426,101.000,56013.094,69275.035
472.446,100.000,56013.094,69275.035
473.466,100.100,56013.094,69275.035
474.486,100.000,56013.094,69275.035
475.506,100.000,56013.094,69275.035
476.526,100.000,56013.094,69275.035
477.546,100.000,56013.094,69275.035
478.564,100.200,56013.094,69275.035
479.584,100.000,56013.094,69275.035
480.604,100.000,56013.094,69275.035
481.624,100.000,56013.094,69275.035
482.644,100.000,56013.094,69275.035
483.664,100.000,56013.094,69275.035
484.685,100.900,56013.094,69275.035
485.704,100.000,56013.094,69275.035
486.724,100.000,56013.094,69275.035
487.744,100.000,56013.094,69275.035
488.764,100.000,56013.094,69275.035
489.785,100.000,56013.094,69275.035
490.809,100.500,56013.094,69275.035
491.823,99.600,56013.094,69275.035
492.837,100.600,56013.094,69275.035
493.856,99.100,56013.094,69275.035
494.877,100.900,56013.094,69275.035
495.897,100.000,56059.723,69321.664
496.917,99.000,56059.723,69321.664
497.936,100.000,56059.723,69321.664
498.957,99.900,56059.723,69321.664
499.977,101.000,56059.723,69321.664
500.997,100.000,56059.723,69321.664
502.016,99.100,56059.723,69321.664
503.036,100.000,56059.723,69321.664
504.056,101.000,56059.723,69321.664
505.076,100.000,56059.723,69321.664
506.096,100.000,56059.723,69321.664
507.115,100.100,56059.723,69321.664
508.135,100.100,56059.723,69321.664
509.154,100.100,56059.723,69321.664
510.173,100.100,56059.723,69321.664
511.192,100.100,56059.723,69321.664
512.211,100.100,56059.723,69321.664
513.231,100.100,56059.723,69321.664
514.250,100.100,56059.723,69321.664
515.268,100.100,56059.723,69321.664
516.288,100.000,56059.723,69321.664
517.307,100.100,56059.723,69321.664
518.327,100.100,56059.723,69321.664
519.345,100.200,56059.723,69321.664
520.364,100.100,56059.730,69321.664
521.383,100.000,56059.730,69321.664
522.404,100.000,56059.730,69321.664
523.424,100.000,56059.730,69321.664
524.442,100.100,56059.730,69321.664
525.463,100.000,56059.730,69321.664
526.482,100.100,56059.730,69321.664
527.502,100.000,56059.730,69321.664
528.522,100.000,56059.730,69321.664
529.536,100.600,56059.730,69321.664
530.555,100.100,56059.730,69321.664
531.575,99.000,56059.730,69321.664
532.595,100.000,56059.730,69321.664
533.610,100.400,56059.730,69321.664
534.630,101.000,56059.730,69321.664
535.654,98.600,56059.730,69321.664
536.672,101.200,56059.730,69321.664
537.692,100.000,56059.730,69321.664
538.712,100.000,56059.730,69321.664
539.730,100.100,56059.730,69321.664
540.744,99.700,56059.730,69321.664
541.764,101.000,56059.730,69321.664
542.782,100.200,56059.730,69321.664
543.802,99.000,56059.730,69321.664
544.821,101.000,56059.730,69321.664
545.841,100.000,56059.730,69321.664
546.860,99.100,56059.730,69321.664
547.880,100.000,56059.730,69321.664
548.898,101.200,56059.730,69321.664
549.918,99.000,56059.730,69321.664
550.938,100.000,56059.730,69321.664
551.958,101.000,56059.730,69321.664
552.981,99.700,56059.730,69321.664
553.992,99.900,56059.730,69321.664
555.012,101.000,56059.730,69321.664
556.032,99.000,56059.730,69321.664
557.052,101.000,56059.730,69321.664
558.070,99.200,56059.730,69321.664
559.090,101.000,56059.730,69321.664
560.110,99.000,56059.730,69321.664
561.130,100.000,56059.730,69321.664
562.150,101.000,56059.730,69321.664
563.170,99.000,56059.730,69321.664
564.190,100.000,56059.730,69321.664
565.210,100.000,56059.730,69321.664
566.223,100.600,56061.387,69321.664
567.248,100.500,56061.398,69321.664
568.267,99.100,56064.465,69321.664
569.287,101.000,56064.473,69321.664
570.307,100.000,56064.555,69321.664
571.328,100.000,56065.270,69321.664
572.347,100.000,56065.270,69321.664
573.366,100.200,51724.723,64981.117
574.386,100.000,51724.723,64981.117
575.406,100.000,51724.840,64981.117
576.426,100.000,51724.840,64981.117
577.446,100.000,51724.840,64981.117
578.466,101.000,51724.840,64981.117
579.486,99.000,51724.840,64981.117
580.506,101.100,51724.840,64981.117
581.524,100.100,51724.840,64981.117
582.544,99.000,51724.840,64981.117
583.564,100.100,51724.840,64981.117
584.584,101.000,51724.840,64981.117
585.604,100.000,51724.840,64981.117
586.624,100.000,51724.840,64981.117
587.644,99.900,51724.840,64981.117
588.664,100.000,51724.840,64981.117
589.684,100.000,51724.840,64981.117
590.704,100.000,51724.840,64981.117
591.720,100.400,51724.840,64981.117
592.738,100.200,51724.840,64981.117
593.749,99.900,51724.840,64981.117
594.769,100.000,51724.840,64981.117
595.789,100.000,51724.840,64981.117
596.809,100.000,51724.840,64981.117
597.829,100.000,51724.840,64981.117
598.849,101.000,51724.840,64981.117
599.869,99.000,51724.840,64981.117
600.887,100.200,51724.840,64981.117
601.906,100.100,51724.840,64981.117
602.926,100.000,51724.840,64981.117
603.946,100.000,51724.840,64981.117
604.965,101.000,51724.840,64981.117
605.985,99.000,51724.840,64981.117
607.006,101.000,51724.840,64981.117
608.026,99.000,51724.840,64981.117
609.045,100.100,51724.840,64981.117
610.064,101.100,51724.840,64981.117
611.084,100.000,51724.840,64981.117
612.103,99.000,51724.840,64981.117
613.124,101.000,51724.840,64981.117
614.144,100.000,51724.840,64981.117
615.157,100.700,51724.840,64981.117
616.168,99.900,51724.840,64981.117
617.180,99.900,51724.840,64981.117
618.200,100.000,51724.840,64981.117
619.219,100.000,51724.840,64981.117
620.239,100.000,51724.840,64981.117
621.259,100.000,51724.840,64981.117
622.276,100.300,51724.840,64981.117
623.295,100.100,51724.840,64981.117
624.315,100.000,51724.840,64981.117
625.335,100.000,51724.840,64981.117
626.355,100.000,51724.840,64981.117
627.374,100.100,51724.840,64981.117
628.394,100.000,51724.840,64981.117
629.408,100.500,51724.840,64981.117
630.428,99.000,51724.840,64981.117
631.447,100.100,51724.840,64981.117
632.466,100.000,51724.840,64981.117
633.486,101.000,51724.840,64981.117
634.506,100.000,51724.840,64981.117
635.526,100.000,51724.840,64981.117
636.546,100.000,51724.840,64981.117
637.566,100.000,51724.840,64981.117
638.585,100.000,51724.840,64981.117
639.605,100.000,51724.840,64981.117
640.625,100.000,51724.840,64981.117
641.645,101.000,51724.840,64981.117
642.669,98.600,51724.840,64981.117
643.689,101.000,51724.840,64981.117
644.708,100.000,51724.840,64981.117
645.728,100.000,51724.840,64981.117
646.747,99.200,51724.840,64981.117
647.767,100.900,51724.840,64981.117
648.787,100.000,51724.840,64981.117
649.806,100.100,51724.840,64981.117
650.825,100.100,51724.840,64981.117
651.844,100.100,51724.840,64981.117
652.864,100.000,51724.840,64981.117
653.884,100.000,51724.840,64981.117
654.904,100.000,51724.840,64981.117
655.924,100.000,51724.840,64981.117
656.935,100.800,51724.840,64981.117
657.955,99.000,51724.840,64981.117
658.975,100.000,51724.840,64981.117
659.995,100.000,51724.840,64981.117
661.015,101.000,51724.840,64981.117
662.035,99.000,51724.840,64981.117
663.046,101.800,51724.840,64981.117
664.065,99.100,51724.840,64981.117
665.077,99.800,51725.102,64981.117
666.097,101.000,51725.105,64981.117
667.116,99.100,51725.113,64981.117
668.129,99.700,51725.113,64981.117
669.142,100.700,51725.113,64981.117
670.162,100.000,51725.113,64981.117
671.174,100.800,51725.113,64981.117
672.185,99.800,51725.113,64981.117
673.205,100.000,51725.113,64981.117
674.224,99.100,51725.113,64981.117
675.244,100.000,51725.113,64981.117
676.264,101.000,51725.113,64981.117
677.276,99.800,51725.113,64981.117
678.287,99.800,51725.113,64981.117
679.307,101.000,51725.113,64981.117
680.327,100.000,51725.113,64981.117
681.347,99.000,51725.113,64981.117
682.367,101.000,51725.113,64981.117
683.386,100.100,51725.113,64981.117
684.406,100.000,51725.113,64981.117
685.426,99.000,51725.113,64981.117
686.446,101.000,51725.113,64981.117
687.466,100.000,51725.113,64981.117
688.485,100.000,51725.113,64981.117
689.505,99.000,51778.797,65034.801
690.525,101.000,51778.797,65034.801
691.545,99.000,51778.797,65034.801
692.565,101.000,51778.797,65034.801
693.584,99.000,51787.016,65034.801
694.604,101.000,51787.051,65034.801
695.624,100.000,51787.203,65034.801
696.644,100.000,51793.625,65034.801
697.664,100.000,51793.645,65034.801
698.677,100.700,51799.211,65034.801
699.695,99.100,51799.227,65034.801
700.716,101.000,51799.418,65034.801
701.736,99.000,51801.781,65034.801
702.755,101.000,51801.801,65034.801
703.774,100.100,51806.051,65034.801
704.794,100.000,51806.148,65034.801
705.814,100.000,51806.188,65034.801
706.834,100.000,51808.660,65034.801
707.855,100.000,51808.684,65034.801
708.874,100.000,51809.746,65034.801
709.894,100.000,51809.746,65034.801
710.914,100.000,51810.000,65034.801
711.934,101.000,51810.820,65034.801
712.954,99.000,51810.820,65034.801
713.973,100.100,51812.293,65034.801
714.993,101.000,51812.293,65034.801
716.013,99.000,51813.562,65034.801
717.033,100.000,51815.723,65034.801
718.052,101.000,51815.742,65034.801
719.072,100.000,51815.953,65034.801
720.092,100.000,51815.953,65034.801
721.112,100.000,51818.730,65034.801
722.132,100.000,51819.293,65034.801
723.151,100.000,51819.293,65034.801
724.171,100.000,51819.457,65034.801
725.190,100.000,51819.457,65034.801
726.210,100.000,51819.457,65034.801
727.230,100.000,51819.457,65034.801
728.250,101.000,51819.457,65034.801
729.270,100.000,51819.457,65034.801
730.290,100.000,51819.457,65034.801
731.310,99.100,51819.457,65034.801
732.330,100.000,51819.457,65034.801
733.349,101.100,51819.457,65034.801
734.369,99.000,51819.598,65034.801
735.389,101.000,51819.598,65034.801
736.406,99.200,51819.746,65034.801
737.426,101.000,51819.746,65034.801
738.446,100.000,51819.746,65034.801
739.466,99.000,51819.746,65034.801
740.486,100.000,51819.746,65034.801
741.504,101.200,51819.746,65034.801
742.524,100.000,51819.871,65034.801
743.542,100.200,51819.871,65034.801
744.562,99.000,51822.930,65034.801
745.582,101.000,51822.938,65034.801
746.602,100.000,51823.102,65034.801
747.618,100.400,51824.105,65034.801
748.638,100.000,51824.191,65034.801
749.658,100.000,51824.219,65034.801
750.678,99.000,51824.219,65034.801
751.697,101.000,51824.219,65034.801
752.717,100.000,51824.219,65034.801
753.737,100.000,51824.219,65034.801
754.756,100.000,51827.320,65034.801
755.776,100.000,51827.320,65034.801
756.795,100.100,51827.453,65034.801
757.813,100.200,51827.453,65034.801
758.833,100.100,51827.453,65034.801
759.851,100.200,51827.480,65034.801
760.871,100.000,51827.480,65034.801
761.890,100.000,51829.117,65034.801
762.911,100.000,51829.125,65034.801
763.930,100.000,51829.125,65034.801
764.950,100.000,51835.176,65034.801
765.970,100.000,51835.188,65034.801
766.989,100.100,51839.668,65034.801
768.010,100.000,51839.668,65034.801
769.030,100.000,51839.691,65034.801
770.050,101.000,51839.973,65034.801
771.070,100.000,51839.973,65034.801
772.089,100.000,51843.352,65034.801
773.109,100.000,51843.359,65034.801
774.129,100.000,51849.617,65034.801
775.149,100.000,51851.090,65034.801
776.169,100.000,51851.098,65034.801
777.188,100.000,51851.121,65034.801
778.208,100.000,51851.121,65034.801
779.228,100.000,51851.121,65034.801
780.248,100.000,51851.121,65034.801
781.268,100.000,51851.121,65034.801
782.288,100.000,51851.121,65034.801
783.306,100.200,51851.121,65034.801
784.326,100.000,51851.121,65034.801
785.345,100.000,51851.285,65034.801
786.364,100.100,51851.285,65034.801
787.383,100.100,51851.285,65034.801
788.403,100.000,51851.289,65034.801
789.423,100.000,51851.289,65034.801
790.442,100.200,51851.289,65034.801
791.462,100.000,51851.324,65034.801
792.481,100.000,51851.324,65034.801
793.501,101.000,51851.324,65034.801
794.521,100.000,51851.324,65034.801
795.541,99.000,51851.324,65034.801
796.554,100.600,51851.324,65034.801
797.574,100.000,51851.324,65034.801
798.594,100.000,51851.324,65034.801
799.615,99.900,51851.324,65034.801
800.635,100.000,51851.324,65034.801
801.655,101.000,51851.324,65034.801
802.675,100.000,51851.324,65034.801
803.695,100.000,51851.324,65034.801
804.715,99.000,51851.324,65034.801
805.734,100.100,51851.324,65034.801
806.754,101.000,51851.324,65034.801
807.774,100.000,51851.324,65034.801
808.794,100.000,51851.324,65034.801
809.814,100.000,51851.324,65034.801
810.834,100.000,51851.977,65034.801
811.854,100.100,51851.977,65034.801
812.874,100.000,51852.125,65034.801
813.893,101.000,51852.125,65034.801
814.914,100.000,51852.125,65034.801
815.934,100.000,51852.125,65034.801
816.954,99.000,51854.840,65034.801
817.973,101.100,51854.840,65034.801
818.993,99.000,51856.230,65034.801
820.013,100.900,51856.410,65034.801
821.033,100.000,51856.418,65034.801
822.048,99.600,51856.637,65034.801
823.068,101.000,51856.734,65034.801
824.088,99.000,51856.734,65034.801
825.104,100.400,51856.734,65034.801
826.123,100.000,51856.734,65034.801
827.142,100.100,51856.734,65034.801
828.163,100.000,51856.734,65034.801
829.183,100.000,51856.734,65034.801
830.202,101.100,51856.734,65034.801
831.222,100.000,51856.734,65034.801
832.242,100.000,51856.734,65034.801
833.262,99.000,51856.734,65034.801
834.282,101.000,51856.734,65034.801
835.302,100.000,51856.734,65034.801
836.321,100.000,51856.734,65034.801
837.341,100.000,51856.734,65034.801
838.361,100.000,51856.734,65034.801
839.380,100.100,51856.734,65034.801
840.399,100.100,51856.734,65034.801
841.419,100.000,51856.734,65034.801
842.439,100.000,51856.734,65034.801
843.459,100.000,51856.734,65034.801
844.479,100.000,51856.734,65034.801
845.499,100.000,51856.734,65034.801
846.519,101.000,51856.734,65034.801
847.539,100.000,51856.734,65034.801
848.559,100.000,51856.734,65034.801
849.579,100.000,51856.734,65034.801
850.599,99.000,51856.734,65034.801
851.618,101.000,51856.734,65034.801
852.639,100.000,51856.734,65034.801
853.658,100.000,51856.734,65034.801
854.678,100.000,51856.734,65034.801
855.697,100.100,51856.734,65034.801
856.717,100.000,51856.734,65034.801
857.737,100.000,51856.734,65034.801
858.757,101.000,51856.734,65034.801
859.775,99.100,51858.469,65034.801
860.795,101.100,51858.469,65034.801
861.809,99.500,51858.469,65034.801
862.829,99.100,51858.469,65034.801
863.848,101.100,51858.469,65034.801
864.867,100.000,51858.469,65034.801
865.887,99.100,51858.469,65034.801
866.906,101.000,51858.469,65034.801
867.925,100.100,51858.480,65034.801
868.945,100.000,51858.480,65034.801
869.965,100.000,51858.480,65034.801
870.984,100.100,51811.852,64988.172
872.003,100.100,51811.852,64988.172
873.022,99.200,51811.852,64988.172
874.041,100.100,51811.852,64988.172
875.061,101.000,51811.852,64988.172
876.081,100.000,51811.852,64988.172
877.101,100.000,51811.852,64988.172
878.117,100.300,51811.852,64988.172
879.137,99.100,51811.852,64988.172
880.155,100.100,51811.852,64988.172
881.175,101.000,51811.852,64988.172
882.187,99.700,51811.852,64988.172
883.204,99.300,51811.852,64988.172
884.220,101.400,51811.852,64988.172
885.237,99.300,51811.852,64988.172
886.249,99.900,51848.559,65024.879
887.268,100.100,51848.559,65024.879
888.287,100.100,51848.559,65024.879
889.305,100.200,51848.559,65024.879
890.324,100.100,51848.559,65024.879
891.342,100.100,51848.559,65024.879
892.361,100.100,51848.559,65024.879
893.380,101.100,51848.559,65024.879
894.394,98.600,51848.559,65024.879
895.414,100.000,51848.559,65024.879
896.433,100.100,51848.559,65024.879
897.453,101.100,51848.559,65024.879
898.470,99.300,51848.703,65024.879
899.488,100.200,51848.703,65024.879
900.505,100.400,51848.703,65024.879
901.523,100.200,51848.703,65024.879
902.540,99.200,51848.703,65024.879
903.553,100.700,51848.703,65024.879
904.571,100.200,51848.703,65024.879
905.590,100.200,51848.703,65024.879
906.607,100.200,51848.703,65024.879
907.625,99.200,51848.703,65024.879
908.643,100.200,51848.703,65024.879
909.661,100.200,51848.703,65024.879
910.681,100.000,51848.703,65024.879
911.700,100.100,51848.703,65024.879
912.719,100.100,51848.703,65024.879
913.739,100.100,51848.703,65024.879
914.756,100.300,51848.703,65024.879
915.773,100.300,51848.703,65024.879
916.790,100.300,51848.703,65024.879
917.806,100.300,51848.703,65024.879
918.823,100.300,51848.703,65024.879
919.840,99.300,51848.703,65024.879
920.857,100.300,51848.703,65024.879
921.875,100.200,51848.703,65024.879
922.892,99.300,51848.703,65024.879
923.909,100.300,51848.703,65024.879
924.926,100.300,51848.703,65024.879
925.942,100.300,51848.703,65024.879
926.960,100.200,51848.703,65024.879
927.977,99.300,51848.703,65024.879
928.994,100.300,51848.703,65024.879
930.011,100.300,51848.703,65024.879
931.028,99.300,51848.703,65024.879
932.044,100.300,51848.703,65024.879
933.061,100.300,51848.703,65024.879
934.078,100.300,51848.703,65024.879
935.095,100.300,51848.703,65024.879
936.112,99.300,51848.703,65024.879
937.128,100.300,51848.703,65024.879
938.145,101.300,51848.703,65024.879
939.162,99.300,51848.703,65024.879
940.179,100.300,51848.703,65024.879
941.196,100.300,51848.703,65024.879
942.213,99.300,51848.703,65024.879
943.229,99.300,51848.703,65024.879
944.246,101.300,51848.703,65024.879
945.263,99.300,51848.703,65024.879
946.280,100.300,51848.703,65024.879
947.297,100.300,51848.703,65024.879
948.314,100.200,51848.703,65024.879
949.331,99.300,51848.703,65024.879
950.348,100.300,51848.703,65024.879
951.364,100.400,51848.703,65024.879
952.380,99.400,51848.703,65024.879
953.397,101.300,51848.703,65024.879
954.413,99.300,51848.703,65024.879
955.430,99.300,51848.703,65024.879
956.448,101.200,51848.703,65024.879
957.465,99.300,51848.703,65024.879
958.482,100.300,51848.703,65024.879
959.499,100.300,51848.703,65024.879
960.515,100.300,51848.703,65024.879
961.533,100.300,51848.703,65024.879
962.549,100.300,51848.703,65024.879
963.566,99.300,51848.703,65024.879
964.583,100.300,51848.703,65024.879
965.600,99.300,51848.703,65024.879
966.617,101.300,51848.703,65024.879
967.633,99.300,51848.703,65024.879
968.650,100.300,51848.703,65024.879
969.667,100.300,51848.703,65024.879
970.684,99.300,51848.703,65024.879
971.703,100.100,51848.703,65024.879
972.722,100.100,51848.703,65024.879
973.741,101.100,51848.703,65024.879
974.761,100.100,51848.703,65024.879
975.780,99.100,51848.703,65024.879
976.799,100.100,51848.703,65024.879
977.818,100.100,51848.703,65024.879
978.837,100.100,51848.703,65024.879
979.856,101.100,51848.703,65024.879
980.875,99.100,51848.703,65024.879
981.895,100.100,51848.703,65024.879
982.914,100.100,51848.703,65024.879
983.933,100.100,51848.703,65024.879
984.952,100.100,51848.703,65024.879
985.971,100.100,51848.703,65024.879
986.990,100.100,51848.703,65024.879
988.009,101.100,51848.703,65024.879
989.028,100.100,51848.703,65024.879
990.047,99.100,51848.703,65024.879
991.067,100.100,51848.703,65024.879
992.086,100.100,51848.703,65024.879
993.105,100.100,51848.703,65024.879
994.124,101.100,51848.703,65024.879
995.143,99.100,51848.703,65024.879
996.163,100.100,51848.703,65024.879
997.182,100.100,51848.703,65024.879
998.201,100.100,51848.703,65024.879
999.220,101.000,51848.703,65024.879
1000.239,99.100,51848.703,65024.879
1001.258,100.100,51848.703,65024.879
1002.278,100.100,51848.703,65024.879
1003.297,100.100,51848.703,65024.879
1004.316,100.100,51848.703,65024.879
1005.335,100.100,51848.703,65024.879
1006.354,100.100,51848.703,65024.879
1007.372,100.200,51848.703,65024.879
1008.392,101.000,51848.703,65024.879
1009.411,99.100,51848.703,65024.879
1010.430,100.100,51848.703,65024.879
1011.449,100.100,51848.703,65024.879
1012.468,100.100,51848.703,65024.879
1013.487,100.100,51848.703,65024.879
1014.506,100.100,51848.703,65024.879
1015.526,100.100,51848.703,65024.879
1016.544,100.200,51848.703,65024.879
1017.561,100.300,51848.703,65024.879
1018.577,100.300,51848.703,65024.879
1019.594,99.300,51848.703,65024.879
1020.611,100.300,51848.703,65024.879
1021.628,100.300,51848.703,65024.879
1022.645,100.300,51848.703,65024.879
1023.662,100.300,51848.703,65024.879
1024.679,99.300,51848.703,65024.879
1025.696,100.300,51848.703,65024.879
1026.712,100.300,51848.703,65024.879
1027.729,99.300,51848.703,65024.879
1028.746,100.300,51848.703,65024.879
1029.763,100.300,51848.703,65024.879
1030.780,100.300,51848.703,65024.879
1031.799,100.100,51848.703,65024.879
1032.818,100.100,51848.703,65024.879
1033.837,100.100,51848.703,65024.879
1034.856,100.100,51848.703,65024.879
1035.876,100.100,51848.703,65024.879
1036.895,99.100,51848.703,65024.879
1037.914,101.100,51848.703,65024.879
1038.933,99.100,51848.703,65024.879
1039.950,100.300,51848.703,65024.879
1040.967,100.300,51848.703,65024.879
1041.984,100.300,51848.703,65024.879
1043.001,100.300,51848.703,65024.879
1044.018,100.300,51848.703,65024.879
1045.034,99.300,51848.703,65024.879
1046.051,99.300,51848.703,65024.879
1047.069,101.200,51848.703,65024.879
1048.086,100.300,51848.703,65024.879
1049.103,99.300,51848.703,65024.879
1050.120,100.300,51848.703,65024.879
1051.136,99.300,51848.703,65024.879
1052.153,100.300,51848.703,65024.879
1053.170,100.300,51848.703,65024.879
1054.187,99.300,51848.703,65024.879
1055.204,101.300,51848.703,65024.879
1056.221,100.300,51848.703,65024.879
1057.238,99.300,51848.703,65024.879
1058.255,100.300,51848.703,65024.879
1059.271,100.300,51848.703,65024.879
1060.288,100.300,51848.703,65024.879
1061.305,99.300,51848.703,65024.879
1062.322,99.300,51848.703,65024.879
1063.339,100.300,51848.703,65024.879
1064.356,101.300,51848.703,65024.879
1065.372,99.400,51848.703,65024.879
1066.389,99.300,51848.703,65024.879
1067.406,101.300,51848.703,65024.879
1068.423,100.200,51848.703,65024.879
1069.440,99.300,51848.703,65024.879
1070.457,100.300,51848.703,65024.879
1071.474,100.300,51848.703,65024.879
1072.491,99.300,51848.703,65024.879
1073.507,100.300,51848.703,65024.879
1074.524,100.300,51848.703,65024.879
1075.541,99.300,51848.703,65024.879
1076.559,101.200,51848.703,65024.879
1077.576,99.300,51848.703,65024.879
1078.592,100.300,51848.703,65024.879
1079.609,100.300,51848.703,65024.879
1080.626,99.300,51848.703,65024.879
1081.643,100.300,51848.703,65024.879
1082.660,100.300,51848.703,65024.879
1083.677,101.300,51848.703,65024.879
1084.694,99.300,51848.703,65024.879
1085.711,99.300,51848.703,65024.879
1086.728,100.300,51848.703,65024.879
1087.745,100.300,51848.703,65024.879
1088.762,100.300,51848.703,65024.879
1089.778,100.300,51848.703,65024.879
1090.796,99.300,51848.703,65024.879
1091.812,101.300,51848.703,65024.879
1092.832,100.100,51848.703,65024.879
1093.851,99.100,51848.703,65024.879
1094.870,100.100,51848.703,65024.879
1095.889,100.100,51848.703,65024.879
1096.908,100.100,51848.703,65024.879
1097.927,100.100,51848.703,65024.879
1098.946,100.100,51848.703,65024.879
1099.965,101.100,51848.703,65024.879
1100.985,99.100,51848.703,65024.879
1102.004,100.100,51848.703,65024.879
1103.023,101.000,51848.703,65024.879
1104.042,99.100,51848.703,65024.879
1105.061,100.100,51848.703,65024.879
1106.080,100.100,51848.703,65024.879
1107.099,100.100,51848.703,65024.879
1108.118,100.100,51848.703,65024.879
1109.137,100.100,51848.703,65024.879
1110.156,100.100,51848.703,65024.879
1111.175,100.100,51848.703,65024.879
1112.195,100.100,51848.703,65024.879
1113.214,100.100,51848.703,65024.879
1114.233,100.100,51848.703,65024.879
1115.252,100.100,51848.703,65024.879
1116.271,100.100,51848.703,65024.879
1117.290,100.100,51848.703,65024.879
1118.308,99.300,51848.703,65024.879
1119.324,100.300,51848.703,65024.879
1120.341,100.300,51758.312,64934.488
1121.358,100.300,51758.312,64934.488
1122.374,99.400,51758.312,64934.488
1123.391,100.300,51758.312,64934.488
1124.408,100.300,51758.312,64934.488
1125.424,100.300,51758.312,64934.488
1126.441,100.300,51758.312,64934.488
1127.458,100.300,51758.312,64934.488
1128.475,99.300,51758.312,64934.488
1129.492,100.300,51758.312,64934.488
1130.509,100.300,51758.312,64934.488
1131.526,100.300,51758.312,64934.488
1132.543,99.300,51758.312,64934.488
1133.560,100.300,51758.312,64934.488
1134.577,100.300,51758.312,64934.488
1135.593,100.300,51758.312,64934.488
1136.611,100.200,51758.312,64934.488
1137.628,99.300,51758.312,64934.488
1138.645,100.300,51758.312,64934.488
1139.662,100.300,51758.312,64934.488
1140.679,100.300,51758.312,64934.488
1141.695,99.300,51758.312,64934.488
1142.712,100.300,51758.312,64934.488
1143.729,100.300,51758.312,64934.488
1144.746,100.300,51758.312,64934.488
1145.763,99.300,51758.312,64934.488
1146.780,100.300,51758.312,64934.488
1147.797,100.300,51758.312,64934.488
1148.813,100.300,51758.312,64934.488
1149.830,100.300,51758.312,64934.488
1150.847,99.300,51758.312,64934.488
1151.864,100.300,51758.312,64934.488
1152.881,100.300,51758.312,64934.488
1153.898,99.300,51758.312,64934.488
1154.915,100.300,51758.312,64934.488
1155.934,101.000,51758.312,64934.488
1156.953,100.100,51758.312,64934.488
1157.972,99.100,51758.312,64934.488
1158.991,100.100,51758.312,64934.488
1160.010,100.100,51758.312,64934.488
1161.029,100.100,51758.312,64934.488
1162.048,100.100,51758.312,64934.488
1163.068,100.100,51758.312,64934.488
1164.087,100.100,51758.312,64934.488
1165.106,101.100,51758.312,64934.488
1166.125,99.100,51758.312,64934.488
1167.144,100.100,51758.312,64934.488
1168.163,101.100,51758.312,64934.488
1169.182,100.100,51758.312,64934.488
1170.201,99.100,51758.312,64934.488
1171.221,100.100,51758.312,64934.488
1172.240,100.100,51758.312,64934.488
1173.259,100.100,51758.312,64934.488
1174.278,100.100,51758.312,64934.488
1175.297,100.100,51758.312,64934.488
1176.316,101.100,51758.312,64934.488
1177.335,99.100,51758.312,64934.488
1178.355,100.100,51758.312,64934.488
1179.373,101.200,51758.312,64934.488
1180.392,99.100,51758.312,64934.488
1181.411,100.100,51758.312,64934.488
1182.430,100.100,51758.312,64934.488
1183.449,100.100,51758.312,64934.488
1184.468,100.100,51758.312,64934.488
1185.485,100.300,51758.312,64934.488
1186.502,99.300,51758.312,64934.488
1187.519,100.300,51758.312,64934.488
1188.536,99.300,51758.312,64934.488
1189.553,101.300,51758.312,64934.488
1190.570,100.300,51758.312,64934.488
1191.587,99.300,51758.312,64934.488
1192.604,100.300,51758.312,64934.488
1193.621,100.300,51758.312,64934.488
1194.637,99.300,51758.312,64934.488
1195.654,100.300,51758.312,64934.488
1196.672,100.200,51794.707,64970.883
1197.689,99.300,51794.707,64970.883
1198.706,100.300,51794.707,64970.883
1199.723,101.300,51794.707,64970.883
1200.740,99.300,51794.707,64970.883
1201.757,100.300,51794.707,64970.883
1202.774,100.300,51794.707,64970.883
1203.791,99.300,51794.707,64970.883
1204.808,100.300,51794.707,64970.883
1205.825,99.300,51794.707,64970.883
1206.842,101.300,51794.707,64970.883
1207.858,99.300,51794.707,64970.883
1208.875,100.300,51794.707,64970.883
1209.892,100.300,51794.707,64970.883
1210.909,100.300,51794.707,64970.883
1211.926,100.300,51794.707,64970.883
1212.943,99.300,51794.707,64970.883
1213.960,100.300,51794.707,64970.883
1214.976,100.300,51794.707,64970.883
1215.994,100.300,51794.707,64970.883
1217.010,99.300,51794.707,64970.883
1218.027,100.300,51794.707,64970.883
1219.044,100.300,51794.707,64970.883
1220.061,100.300,51794.707,64970.883
1221.078,99.300,51794.707,64970.883
1222.095,100.300,51794.707,64970.883
1223.112,100.300,51794.707,64970.883
1224.129,100.300,51794.707,64970.883
1225.146,99.300,51794.707,64970.883
1226.162,100.300,51794.707,64970.883
1227.180,100.200,51794.707,64970.883
1228.197,100.300,51794.707,64970.883
1229.214,100.300,51794.707,64970.883
1230.231,99.300,51794.707,64970.883
1231.248,100.300,51794.707,64970.883
1232.265,99.300,51794.707,64970.883
1233.281,101.300,51794.707,64970.883
1234.298,99.300,51794.707,64970.883
1235.315,100.300,51794.707,64970.883
1236.332,100.300,51794.707,64970.883
1237.349,100.300,51794.707,64970.883
1238.365,99.400,51794.707,64970.883
1239.381,100.400,51794.707,64970.883
1240.398,100.300,51794.707,64970.883
1241.415,100.300,51794.707,64970.883
1242.432,99.300,51794.707,64970.883
1243.449,100.300,51794.707,64970.883
1244.465,100.300,51794.707,64970.883
1245.482,100.300,51794.707,64970.883
1246.499,100.300,51794.707,64970.883
1247.516,100.300,51794.707,64970.883
1248.533,99.300,51794.707,64970.883
1249.550,100.300,51794.707,64970.883
1250.567,100.300,51794.707,64970.883
1251.584,100.300,51794.707,64970.883
1252.601,100.300,51794.707,64970.883
1253.618,99.300,51794.707,64970.883
1254.635,100.300,51794.707,64970.883
1255.652,99.300,51794.707,64970.883
1256.670,101.200,51794.707,64970.883
1257.687,99.300,51794.707,64970.883
1258.704,100.300,51794.707,64970.883
1259.721,100.300,51794.707,64970.883
1260.738,99.300,51794.707,64970.883
1261.755,100.300,51794.707,64970.883
1262.772,100.300,51794.707,64970.883
1263.789,100.300,51794.707,64970.883
1264.805,100.300,51794.707,64970.883
1265.822,99.300,51794.707,64970.883
1266.839,100.300,51794.707,64970.883
1267.856,100.300,51794.707,64970.883
1268.873,99.300,51794.707,64970.883
1269.890,100.300,51794.707,64970.883
1270.907,100.300,51794.707,64970.883
1271.924,100.300,51794.707,64970.883
1272.941,100.300,51794.707,64970.883
1273.958,99.300,51794.707,64970.883
1274.975,100.300,51794.707,64970.883
1275.992,100.300,51794.707,64970.883
1277.009,100.300,51794.707,64970.883
1278.026,99.300,51794.707,64970.883
1279.043,101.300,51794.707,64970.883
1280.059,99.300,51794.707,64970.883
1281.076,100.300,51794.707,64970.883
1282.094,100.300,51794.707,64970.883
1283.111,99.300,51794.707,64970.883
1284.128,101.300,51794.707,64970.883
1285.144,99.300,51794.707,64970.883
1286.162,100.200,51794.707,64970.883
1287.179,100.300,51794.707,64970.883
1288.196,100.300,51794.707,64970.883
1289.213,99.300,51794.707,64970.883
1290.230,100.300,51794.707,64970.883
1291.247,99.300,51794.707,64970.883
1292.264,100.300,51794.707,64970.883
1293.281,100.300,51794.707,64970.883
1294.298,100.300,51794.707,64970.883
1295.315,100.300,51794.707,64970.883
1296.332,99.300,51794.707,64970.883
1297.349,100.300,51794.707,64970.883
1298.365,100.400,51794.707,64970.883
1299.381,100.400,51794.707,64970.883
1300.398,100.300,51794.707,64970.883
1301.414,99.300,51794.707,64970.883
1302.431,100.300,51794.707,64970.883
1303.448,100.300,51794.707,64970.883
1304.465,99.300,51794.707,64970.883
1305.482,100.300,51794.707,64970.883
1306.500,101.300,51794.707,64970.883
1307.516,99.300,51794.707,64970.883
1308.534,100.300,51794.707,64970.883
1309.551,99.300,51794.707,64970.883
1310.568,101.300,51794.707,64970.883
1311.585,99.300,51794.707,64970.883
1312.602,100.300,51794.707,64970.883
1313.619,100.300,51794.707,64970.883
1314.636,99.300,51794.707,64970.883
1315.653,101.200,51794.707,64970.883
1316.670,99.300,51794.707,64970.883
1317.687,99.300,51794.707,64970.883
1318.704,101.300,51794.707,64970.883
1319.721,99.300,51794.707,64970.883
1320.738,100.300,51794.707,64970.883
1321.755,100.300,51794.707,64970.883
1322.772,100.300,51794.707,64970.883
1323.789,99.300,51794.707,64970.883
1324.806,100.300,51794.707,64970.883
1325.823,100.300,51794.707,64970.883
1326.840,99.300,51794.707,64970.883
1327.856,101.300,51794.707,64970.883
1328.873,100.300,51794.707,64970.883
1329.890,99.300,51794.707,64970.883
1330.907,100.300,51794.707,64970.883
1331.924,100.300,51794.707,64970.883
1332.941,99.300,51794.707,64970.883
1333.958,100.300,51794.707,64970.883
1334.975,99.300,51794.707,64970.883
1335.992,101.300,51794.707,64970.883
1337.009,99.300,51794.707,64970.883
1338.026,100.300,51794.707,64970.883
1339.043,99.300,51794.707,64970.883
1340.060,100.300,51794.707,64970.883
1341.077,101.300,51794.707,64970.883
1342.094,99.300,51794.707,64970.883
1343.111,100.300,51794.707,64970.883
1344.128,100.300,51794.707,64970.883
1345.145,99.300,51794.707,64970.883
1346.163,100.200,51794.707,64970.883
1347.179,100.300,51794.707,64970.883
1348.196,100.300,51794.707,64970.883
1349.213,100.300,51794.707,64970.883
1350.230,100.300,51794.707,64970.883
1351.247,99.300,51794.707,64970.883
1352.264,100.300,51794.707,64970.883
1353.281,99.300,51794.707,64970.883
1354.298,100.300,51794.707,64970.883
1355.315,100.300,51758.312,64934.488
1356.332,100.300,51758.312,64934.488
1357.349,100.300,51758.312,64934.488
1358.365,100.400,51758.312,64934.488
1359.381,99.400,51758.312,64934.488
1360.398,100.300,51758.312,64934.488
1361.415,99.300,51758.312,64934.488
1362.432,100.300,51758.312,64934.488
1363.449,101.300,51758.312,64934.488
1364.466,99.300,51758.312,64934.488
1365.482,100.300,51758.312,64934.488
1366.499,99.300,51758.312,64934.488
1367.516,101.300,51758.312,64934.488
1368.534,99.300,51758.312,64934.488
1369.551,99.300,51758.312,64934.488
1370.567,101.300,51758.312,64934.488
1371.584,100.300,51758.312,64934.488
1372.601,99.300,51758.312,64934.488
1373.618,100.300,51758.312,64934.488
1374.635,99.300,51758.312,64934.488
1375.653,101.200,51758.312,64934.488
1376.670,100.300,51758.312,64934.488
1377.687,99.300,51758.312,64934.488
1378.704,100.300,51758.312,64934.488
1379.721,99.300,51758.312,64934.488
1380.738,100.300,51758.312,64934.488
1381.755,101.300,51758.312,64934.488
1382.772,99.300,51758.312,64934.488
1383.789,99.300,51758.312,64934.488
1384.806,101.300,51758.312,64934.488
1385.823,100.300,51758.312,64934.488
1386.839,99.300,51758.312,64934.488
1387.857,100.300,51758.312,64934.488
1388.873,99.300,51758.312,64934.488
1389.890,101.300,51758.312,64934.488
1390.907,99.300,51758.312,64934.488
1391.924,100.300,51758.312,64934.488
1392.941,100.300,51758.312,64934.488
1393.958,99.300,51758.312,64934.488
1394.975,101.300,51758.312,64934.488
1395.992,99.300,51758.312,64934.488
1397.009,100.300,51758.312,64934.488
1398.026,100.300,51758.312,64934.488
1399.043,99.300,51758.312,64934.488
1400.060,100.300,51758.312,64934.488
1401.077,100.300,51758.312,64934.488
1402.093,100.300,51758.312,64934.488
1403.110,99.300,51758.312,64934.488
1404.127,100.300,51758.312,64934.488
1405.144,100.300,51758.312,64934.488
1406.162,100.200,51758.312,64934.488
1407.179,99.300,51758.312,64934.488
1408.196,101.300,51758.312,64934.488
1409.213,99.300,51758.312,64934.488
1410.230,100.300,51758.312,64934.488
1411.247,100.300,51758.312,64934.488
1412.264,99.300,51758.312,64934.488
1413.280,101.300,51758.312,64934.488
1414.297,99.300,51758.312,64934.488
1415.314,100.300,51758.312,64934.488
1416.331,100.300,51758.312,64934.488
1417.348,99.300,51758.312,64934.488
1418.364,100.400,51758.312,64934.488
1419.380,100.400,51758.312,64934.488
1420.397,99.300,51758.312,64934.488
1421.414,100.300,51758.312,64934.488
1422.431,100.300,51758.312,64934.488
1423.448,100.300,51758.312,64934.488
1424.464,100.300,51758.312,64934.488
1425.481,99.300,51758.312,64934.488
1426.498,100.300,51758.312,64934.488
1427.515,100.300,51758.312,64934.488
1428.533,100.200,51758.312,64934.488
1429.550,100.300,51758.312,64934.488
1430.567,100.300,51758.312,64934.488
1431.584,99.300,51758.312,64934.488
1432.601,100.300,51758.312,64934.488
1433.618,99.300,51758.312,64934.488
1434.635,101.300,51758.312,64934.488
1435.652,99.200,51758.312,64934.488
1436.669,100.300,51758.312,64934.488
1437.686,99.300,51758.312,64934.488
1438.703,101.300,51758.312,64934.488
1439.720,100.300,51758.312,64934.488
1440.737,99.300,51758.312,64934.488
1441.754,100.300,51758.312,64934.488
1442.771,99.300,51758.312,64934.488
1443.788,101.300,51758.312,64934.488
1444.805,99.300,51758.312,64934.488
1445.822,100.300,51758.312,64934.488
1446.839,99.300,51758.312,64934.488
1447.856,101.300,51758.312,64934.488
1448.872,99.300,51758.312,64934.488
1449.889,100.300,51758.312,64934.488
1450.906,99.300,51758.312,64934.488
1451.923,101.300,51758.312,64934.488
1452.940,99.300,51758.312,64934.488
1453.957,100.300,51758.312,64934.488
1454.974,100.300,51758.312,64934.488
1455.991,99.300,51758.312,64934.488
1457.008,101.300,51758.312,64934.488
1458.024,99.300,51758.312,64934.488
1459.041,100.300,51758.312,64934.488
1460.058,100.300,51758.312,64934.488
1461.075,99.300,51758.312,64934.488
1462.092,101.300,51758.312,64934.488
1463.109,99.300,51758.312,64934.488
1464.126,100.300,51758.312,64934.488
1465.143,100.300,51758.312,64934.488
1466.161,99.200,51758.312,64934.488
1467.178,101.300,51758.312,64934.488
1468.195,99.300,51758.312,64934.488
1469.211,100.300,51758.312,64934.488
1470.228,99.300,51758.312,64934.488
1471.245,101.300,51758.312,64934.488
1472.262,99.300,51758.312,64934.488
1473.279,100.300,51758.312,64934.488
1474.296,99.300,51758.312,64934.488
1475.313,100.300,51758.312,64934.488
1476.330,100.300,51758.312,64934.488
1477.347,100.300,51758.312,64934.488
1478.363,99.400,51758.312,64934.488
1479.379,101.400,51758.312,64934.488
1480.396,99.300,51758.312,64934.488
1481.413,100.300,51758.312,64934.488
1482.430,99.300,51758.312,64934.488
1483.447,100.300,51758.312,64934.488
1484.464,100.300,51758.312,64934.488
1485.481,99.300,51758.312,64934.488
1486.497,101.300,51758.312,64934.488
1487.514,100.300,51758.312,64934.488
1488.532,99.300,51758.312,64934.488
1489.549,100.300,51758.312,64934.488
1490.566,99.300,51758.312,64934.488
1491.583,101.300,51758.312,64934.488
1492.599,99.300,51758.312,64934.488
1493.616,100.300,51758.312,64934.488
1494.633,100.300,51758.312,64934.488
1495.651,100.200,51758.312,64934.488
1496.668,99.300,51758.312,64934.488
1497.685,100.300,51758.312,64934.488
1498.702,99.300,51758.312,64934.488
1499.719,100.300,51758.312,64934.488
1500.736,100.300,51758.312,64934.488
1501.753,100.300,51758.312,64934.488
1502.769,99.300,51758.312,64934.488
1503.786,100.300,51758.312,64934.488
1504.803,101.300,51758.312,64934.488
1505.820,99.300,51758.312,64934.488
1506.837,100.300,51758.312,64934.488
1507.854,99.300,51758.312,64934.488
1508.871,101.300,51758.312,64934.488
1509.888,99.300,51758.312,64934.488
1510.905,100.300,51758.312,64934.488
1511.922,100.300,51758.312,64934.488
1512.939,100.300,51758.312,64934.488
1513.956,99.300,51758.312,64934.488
1514.973,101.300,51758.312,64934.488
1515.990,99.300,51758.312,64934.488
1517.006,100.300,51758.312,64934.488
1518.023,99.300,51758.312,64934.488
1519.040,100.300,51758.312,64934.488
1520.057,100.300,51758.312,64934.488
1521.074,100.300,51758.312,64934.488
1522.091,99.300,51758.312,64934.488
1523.108,100.300,51758.312,64934.488
1524.125,100.300,51758.312,64934.488
1525.142,100.300,51758.312,64934.488
1526.160,100.200,51758.312,64934.488
1527.177,100.300,51758.312,64934.488
1528.194,99.300,51758.312,64934.488
1529.210,100.300,51758.312,64934.488
1530.227,100.300,51758.312,64934.488
1531.245,100.300,51758.312,64934.488
1532.261,99.300,51758.312,64934.488
1533.278,100.300,51758.312,64934.488
1534.295,100.300,51758.312,64934.488
1535.312,99.300,51758.312,64934.488
1536.329,101.300,51758.312,64934.488
1537.346,100.300,51758.312,64934.488
1538.362,99.400,51758.312,64934.488
1539.378,100.400,51758.312,64934.488
1540.395,99.300,51758.312,64934.488
1541.412,100.300,51758.312,64934.488
1542.429,100.300,51758.312,64934.488
1543.446,99.300,51758.312,64934.488
1544.463,100.300,51758.312,64934.488
1545.479,100.300,51758.312,64934.488
1546.496,100.300,51758.312,64934.488
1547.513,99.300,51758.312,64934.488
1548.531,100.200,51758.312,64934.488
1549.548,100.300,51758.312,64934.488
1550.565,100.300,51758.312,64934.488
1551.582,100.300,51758.312,64934.488
1552.599,100.300,51758.312,64934.488
1553.615,100.300,51758.312,64934.488
1554.632,99.300,51758.312,64934.488
1555.650,100.200,51758.312,64934.488
1556.667,100.300,51758.312,64934.488
1557.684,100.300,51758.312,64934.488
1558.701,99.300,51758.312,64934.488
1559.718,100.300,51758.312,64934.488
1560.735,100.300,51758.312,64934.488
1561.752,100.300,51758.312,64934.488
1562.769,100.300,51758.312,64934.488
1563.786,99.300,51758.312,64934.488
1564.803,100.300,51758.312,64934.488
1565.819,100.300,51758.312,64934.488
1566.836,100.300,51758.312,64934.488
1567.853,99.300,51758.312,64934.488
1568.870,100.300,51758.312,64934.488
1569.887,100.300,51758.312,64934.488
1570.904,100.300,51758.312,64934.488
1571.921,99.300,51758.312,64934.488
1572.938,100.300,51758.312,64934.488
1573.955,100.300,51758.312,64934.488
1574.971,100.300,51758.312,64934.488
1575.988,100.300,51758.312,64934.488
1577.005,100.300,51758.312,64934.488
1578.022,99.300,51758.312,64934.488
1579.039,100.300,51758.312,64934.488
1580.056,100.300,51758.312,64934.488
1581.073,99.300,51758.312,64934.488
1582.090,100.300,51758.312,64934.488
1583.107,100.300,51758.312,64934.488
1584.124,100.300,51758.312,64934.488
1585.141,99.300,51758.312,64934.488
1586.158,100.200,51758.312,64934.488
1587.175,101.300,51758.312,64934.488
1588.192,99.300,51758.312,64934.488
1589.209,100.300,51758.312,64934.488
1590.226,99.300,51758.312,64934.488
1591.243,101.300,51758.312,64934.488
1592.260,100.300,51758.312,64934.488
1593.277,99.300,51758.312,64934.488
1594.294,100.300,51758.312,64934.488
1595.311,99.300,51758.312,64934.488
1596.328,100.300,51758.312,64934.488
1597.344,100.300,51758.312,64934.488
1598.361,99.400,51758.312,64934.488
1599.377,101.400,51758.312,64934.488
1600.394,99.300,51758.312,64934.488
1601.410,100.300,51758.312,64934.488
1602.427,100.300,51758.312,64934.488
1603.444,99.300,51758.312,64934.488
1604.461,100.300,51758.312,64934.488
1605.478,100.300,51758.312,64934.488
1606.495,99.300,51758.312,64934.488
1607.512,101.300,51758.312,64934.488
1608.529,99.300,51758.312,64934.488
1609.546,100.300,51758.312,64934.488
1610.563,100.300,51758.312,64934.488
1611.580,99.300,51758.312,64934.488
1612.597,101.300,51758.312,64934.488
1613.614,99.300,51758.312,64934.488
1614.631,100.300,51758.312,64934.488
1615.648,99.200,51758.312,64934.488
1616.665,100.300,51758.312,64934.488
1617.682,100.300,51758.312,64934.488
1618.699,100.300,51758.312,64934.488
1619.716,100.300,51758.312,64934.488
1620.733,100.300,51758.312,64934.488
1621.750,99.300,51758.312,64934.488
1622.767,100.300,51758.312,64934.488
1623.784,100.300,51760.312,64934.488
1624.800,100.300,51760.312,64934.488
1625.817,99.300,51763.637,64934.488
1626.834,100.300,51789.188,64934.488
1627.851,100.300,51789.188,64934.488
1628.868,100.300,51789.797,64934.488
1629.885,99.300,51789.809,64934.488
1630.902,100.300,51837.332,64934.488
1631.919,100.300,51889.586,64934.488
1632.936,100.300,51891.867,64934.488
1633.953,99.300,51891.969,64934.488
1634.969,100.300,51894.316,64934.488
1635.986,100.300,51895.316,64934.488
1637.003,100.300,51895.316,64934.488
1638.020,99.300,51895.316,64934.488
1639.037,100.300,51895.316,64934.488
1640.054,100.300,51895.316,64934.488
1641.073,100.100,51895.316,64934.488
1642.092,100.100,51895.316,64934.488
1643.111,100.100,51895.316,64934.488
1644.131,100.100,51895.316,64934.488
1645.150,100.100,51895.316,64934.488
1646.169,100.100,51895.316,64934.488
1647.188,100.100,51895.316,64934.488
1648.208,100.100,51895.316,64934.488
1649.227,100.100,51906.277,64934.488
1650.247,100.100,51906.277,64934.488
1651.263,100.300,51906.277,64934.488
1652.280,100.300,51906.465,64934.488
1653.297,99.300,51980.609,65008.961
1654.314,100.300,52011.391,65039.984
1655.331,100.300,52229.422,65278.297
1656.348,100.300,52525.211,65606.750
1657.364,99.400,52539.953,65621.645
1658.380,96.400,52910.855,65995.625
1659.397,99.300,53023.660,66109.750
1660.414,101.300,53023.660,66109.750
1661.431,99.300,53023.664,66109.750
1662.448,100.300,53024.359,66109.750
1663.465,99.300,53033.750,66109.750
1664.482,100.300,53039.125,66109.750
1665.499,100.300,53040.387,66109.750
1666.516,100.300,53040.391,66109.750
1667.532,99.300,53041.180,66109.750
1668.550,100.200,53041.230,66109.750
1669.567,100.300,53041.848,66109.750
1670.584,100.300,53365.359,66275.355
1671.601,99.300,53534.047,66440.961
1672.618,101.300,53534.055,66440.961
1673.635,100.300,53866.566,66854.977
1674.652,99.300,53866.566,66854.977
1675.670,100.200,53896.645,66854.977
1676.687,99.300,53972.605,66854.977
1677.704,100.300,54232.391,67186.191
1678.720,101.300,54319.785,67186.191
1679.737,99.300,54422.816,67186.191
1680.754,100.300,54531.770,67268.996
1681.771,100.300,55023.836,67848.625
1682.788,99.300,55271.836,68097.035
1683.805,101.300,55364.352,68345.449
1684.822,98.300,55388.195,68345.449
1685.839,96.400,55388.469,68343.465
1686.857,26.500,0.000,0.000
1687.877,101.000,0.000,0.000
1688.894,99.300,0.000,0.000
