Elapsed_time,CPU,Real_MB,Virtual_MB
0.000,0.000,35.301,8547.688
1.012,93.900,123.383,8623.594
2.028,99.300,212.234,8713.039
3.046,95.300,248.805,8749.895
4.065,98.100,357.359,8859.504
5.083,99.200,403.758,8913.508
6.100,99.300,411.605,8921.488
7.117,99.300,502.855,9012.738
8.134,98.300,610.672,9122.090
9.151,92.400,685.793,9198.668
10.169,100.200,687.969,9201.125
11.186,92.400,703.203,9217.531
12.203,96.400,712.637,9232.062
13.220,82.600,715.980,9238.949
14.237,75.700,745.969,9270.277
15.254,76.700,809.492,9335.531
16.271,77.700,813.875,9341.262
17.288,83.600,817.934,9346.754
18.305,96.400,818.254,9346.828
19.322,76.700,898.617,9437.859
20.339,79.700,965.859,9511.770
21.356,80.600,971.547,9518.348
22.373,75.700,972.598,9520.305
23.390,95.400,974.863,9559.301
24.407,71.800,995.352,9580.301
25.424,80.600,1030.613,9617.910
26.441,97.300,1053.152,9639.227
27.458,99.300,1122.656,9804.328
28.475,76.700,1247.609,9833.734
29.492,94.400,1304.883,9891.844
30.509,99.300,1304.898,9891.844
31.526,99.300,1390.785,9978.820
32.543,99.300,1390.785,9978.820
33.560,99.300,1390.785,9978.820
34.577,100.300,1390.785,9978.820
35.595,99.200,1390.785,9978.820
36.612,99.300,1454.711,11500.172
37.629,101.300,1513.008,11562.172
38.646,99.300,1519.094,11712.172
39.663,100.300,1526.129,11892.172
40.680,99.300,1534.359,12108.172
41.697,100.300,1556.785,12679.172
42.714,100.300,1571.219,13052.172
43.731,99.300,1588.809,13500.172
44.748,100.300,1609.945,14038.172
45.765,624.400,4812.820,18403.512
46.785,559.100,4048.023,13921.320
47.802,100.300,4341.871,14215.320
48.819,99.300,4759.605,14632.320
49.835,100.300,5613.996,15487.320
50.852,100.300,6505.770,16379.320
51.869,93.400,6629.422,16502.820
52.886,100.300,6714.414,16960.785
53.903,99.300,6862.438,16960.785
54.920,99.300,7020.438,16960.785
55.937,100.300,7296.438,17418.750
56.954,99.300,7626.438,18334.676
57.971,99.300,7954.438,18334.676
58.988,98.300,8280.438,18334.676
60.005,100.300,8882.957,19708.527
61.021,100.400,9833.371,19708.527
62.037,100.400,9833.887,19708.527
63.054,99.300,9834.402,19708.527
64.071,100.300,9834.660,19708.527
65.090,100.100,9834.918,19708.527
66.109,100.100,9835.176,20166.492
67.129,100.100,10241.195,21082.418
68.148,100.000,11208.070,21082.418
69.167,100.100,11208.586,21082.418
70.187,100.100,11208.844,21082.418
71.206,100.100,11208.844,21082.418
72.226,82.400,10219.117,20092.410
73.245,98.100,10219.473,20091.910
74.262,100.300,10536.941,20666.379
75.279,99.300,10796.441,20666.387
76.296,100.300,11385.406,22614.746
77.313,99.300,12744.824,22614.746
78.330,106.200,13399.938,23319.238
79.347,99.300,14277.676,24142.266
80.364,100.300,13588.227,23510.051
81.381,100.300,13980.527,23824.895
82.398,99.300,12945.266,22746.270
83.415,100.300,12945.266,22746.270
84.432,100.300,12945.457,22746.270
85.449,99.300,12949.902,22746.270
86.466,100.300,13717.145,24005.727
87.483,100.300,15469.156,25265.273
88.500,105.200,16780.672,26611.062
89.517,100.300,16759.859,26556.098
90.534,100.300,17528.355,27334.863
91.551,99.300,18177.660,27974.359
92.568,100.300,16911.812,26707.684
93.585,100.300,16911.969,26707.684
94.602,99.300,16911.969,26707.684
95.620,100.200,17935.016,27967.141
96.637,99.300,18567.016,29226.598
97.654,100.300,19351.016,29226.598
98.670,99.300,20191.016,30486.055
99.687,100.300,21131.016,31745.512
100.704,100.300,21873.016,31745.512
101.721,99.300,22544.352,32373.145
102.738,100.300,19983.016,29852.316
103.755,98.300,20853.840,30649.555
104.772,101.300,20888.957,30649.555
105.789,100.300,16950.895,26707.684
106.806,99.300,16950.895,26707.684
107.823,100.300,16950.895,26707.684
108.840,100.300,17281.266,27054.945
109.857,99.300,18243.859,28028.383
110.874,98.300,18046.316,27827.535
111.891,99.300,18046.941,27828.246
112.910,99.100,18155.340,27935.918
113.928,100.200,18172.426,27935.918
114.945,99.300,18065.914,27828.246
115.962,100.300,18135.531,27897.703
116.980,99.300,18177.965,27939.270
117.997,99.300,18076.992,27828.246
119.014,100.300,18559.926,28311.648
120.030,99.400,18697.719,28449.164
121.047,99.300,18741.430,28492.574
122.064,100.300,18438.188,28189.258
123.081,99.300,19697.559,29448.715
124.099,79.600,19697.688,29448.715
125.118,101.100,18442.926,28189.258
126.135,99.300,18443.098,28189.258
127.152,100.300,18443.098,28189.258
128.169,100.300,18443.098,28189.258
129.186,99.300,18443.098,28189.258
130.204,100.200,18443.098,28189.258
131.221,100.300,18443.098,28189.258
132.238,100.300,18443.098,28189.258
133.255,100.300,18443.098,28189.258
134.272,99.300,18443.098,28189.258
135.289,101.300,18443.098,28189.258
136.306,99.300,18443.098,28189.258
137.323,100.300,18443.098,28189.258
138.340,100.300,18443.098,28189.258
139.357,99.300,17579.914,27326.074
140.375,100.200,17579.914,27326.074
141.392,99.300,17579.914,27326.074
142.409,100.300,17579.914,27326.074
143.426,100.300,17579.914,27326.074
144.443,100.300,17579.914,27326.074
145.460,100.300,17579.914,27326.074
146.477,100.300,17579.914,27326.074
147.494,100.300,17579.914,27326.074
148.511,100.300,17579.914,27326.074
149.528,99.300,17579.914,27326.074
150.545,100.300,17579.914,27326.074
151.562,99.300,17579.914,27326.074
152.579,100.300,17579.914,27326.074
153.596,100.300,17579.914,27326.074
154.613,100.300,17579.914,27326.074
155.631,100.200,17579.914,27326.074
156.649,100.200,17579.914,27326.074
157.666,99.300,17579.914,27326.074
158.683,100.300,17579.914,27326.074
159.700,100.300,17580.637,27326.074
160.717,100.300,17580.637,27326.074
161.734,100.300,17580.930,27326.074
162.751,100.300,17580.930,27326.074
163.768,100.300,17581.000,27326.074
164.785,99.300,17581.121,27326.074
165.802,100.300,17581.168,27326.074
166.819,100.300,17582.617,27326.074
167.836,99.300,17583.984,27326.074
168.853,100.300,17584.004,27326.074
169.870,101.300,17585.094,27326.074
170.887,99.300,17586.324,27326.074
171.904,100.300,17586.324,27326.074
172.921,99.300,17588.441,27326.074
173.938,100.300,17588.441,27326.074
174.955,100.300,17588.441,27326.074
175.972,99.300,17588.441,27326.074
176.989,100.300,17588.441,27326.074
178.007,100.300,17588.441,27326.074
179.023,100.400,17588.457,27326.074
180.039,100.400,17588.457,27326.074
181.056,100.300,17588.457,27326.074
182.073,100.200,17588.457,27326.074
183.091,99.300,17588.457,27326.074
184.108,100.300,17588.457,27326.074
185.125,100.200,17588.457,27326.074
186.142,100.300,17588.457,27326.074
187.159,99.300,17588.457,27326.074
188.176,99.300,17588.457,27326.074
189.193,100.300,17588.457,27326.074
190.210,100.300,17588.457,27326.074
191.227,100.300,17588.457,27326.074
192.244,100.300,17588.457,27326.074
193.261,99.300,17588.457,27326.074
194.278,100.300,17588.457,27326.074
195.295,100.300,17588.457,27326.074
196.312,100.300,17588.457,27326.074
197.329,100.300,17588.457,27326.074
198.346,100.300,17588.457,27326.074
199.363,99.300,17588.492,27326.074
200.380,100.300,17588.492,27326.074
201.397,100.300,17588.527,27326.074
202.414,100.300,17588.527,27326.074
203.431,100.300,17588.527,27326.074
204.448,99.300,17588.684,27326.074
205.465,100.300,17589.145,27326.074
206.482,100.300,17589.148,27326.074
207.499,99.300,17589.148,27326.074
208.516,100.300,17589.148,27326.074
209.533,101.300,17589.148,27326.074
210.550,99.300,17589.148,27326.074
211.568,100.300,17589.148,27326.074
212.584,100.300,17589.148,27326.074
213.601,100.300,17589.148,27326.074
214.619,100.300,17589.148,27326.074
215.637,99.200,17589.148,27326.074
216.654,100.300,17589.148,27326.074
217.671,100.300,17589.148,27326.074
218.688,100.300,17589.148,27326.074
219.705,99.300,17589.148,27326.074
220.722,100.300,17589.148,27326.074
221.739,100.300,17589.289,27326.074
222.756,100.300,17589.289,27326.074
223.773,100.300,17589.289,27326.074
224.790,99.300,17589.289,27326.074
225.807,100.300,17589.289,27326.074
226.824,100.300,17589.289,27326.074
227.841,100.300,17589.289,27326.074
228.858,99.300,17589.289,27326.074
229.875,100.300,17589.289,27326.074
230.892,100.300,17589.289,27326.074
231.909,100.300,17589.477,27326.074
232.926,99.300,17589.477,27326.074
233.943,100.300,17590.137,27326.074
234.960,100.300,17591.445,27326.074
235.977,100.300,17591.445,27326.074
236.994,100.300,17592.203,27326.074
238.011,99.300,17593.336,27326.074
239.027,100.400,17593.348,27326.074
240.043,100.400,17593.348,27326.074
241.060,99.300,17593.348,27326.074
242.077,100.300,17593.348,27326.074
243.095,100.300,17593.348,27326.074
244.112,100.300,17593.348,27326.074
245.129,100.200,17593.348,27326.074
246.146,99.300,17593.348,27326.074
247.163,100.300,17593.391,27326.074
248.180,100.300,17593.477,27326.074
249.197,99.300,17593.477,27326.074
250.214,100.300,17593.477,27326.074
251.231,100.300,17593.477,27326.074
252.248,100.300,17593.477,27326.074
253.265,99.300,17593.477,27326.074
254.282,100.300,17593.477,27326.074
255.299,100.300,17593.477,27326.074
256.316,100.300,17593.477,27326.074
257.333,100.300,17593.477,27326.074
258.350,99.300,17593.477,27326.074
259.367,100.300,17641.441,27373.664
260.384,101.300,17667.379,27373.664
261.401,99.300,17673.766,27373.664
262.418,100.300,17693.418,27373.664
263.435,100.300,17701.004,27373.664
264.452,99.300,17712.887,27373.664
265.469,100.300,17721.648,27373.664
266.486,100.300,17727.969,27373.664
267.503,99.300,17736.652,27373.664
268.521,101.300,17739.270,27373.664
269.538,99.300,17747.336,27373.664
270.555,100.300,17748.102,27373.664
271.572,100.300,17755.551,27373.664
272.588,100.300,17755.684,27373.664
273.606,100.300,17762.312,27373.664
274.622,99.300,17762.492,27373.664
275.640,100.200,17765.926,27373.664
276.657,100.300,17766.078,27373.664
277.675,100.300,17776.062,27373.664
278.692,99.300,17776.109,27373.664
279.709,100.300,17777.398,27373.664
280.726,99.300,17777.418,27373.664
281.743,100.300,17778.434,27373.664
282.760,100.300,17778.434,27373.664
283.777,100.300,17779.547,27373.664
284.794,100.300,17779.602,27373.664
285.811,100.300,17779.949,27373.664
286.828,100.300,17779.949,27373.664
287.845,99.300,17780.496,27373.664
288.862,100.300,17781.797,27373.664
289.879,100.300,17782.191,27373.664
290.897,99.300,17783.758,27373.664
291.914,100.300,17783.758,27373.664
292.931,101.300,17785.609,27373.664
293.948,99.300,17785.609,27373.664
294.965,100.300,17785.777,27373.664
295.982,99.300,17785.777,27373.664
296.999,101.300,17789.117,27373.664
298.016,99.300,17789.117,27373.664
299.032,100.400,17791.590,27373.664
300.049,100.300,17791.590,27373.664
301.066,99.300,17793.746,27373.664
302.083,100.300,17793.746,27373.664
303.100,100.300,17794.645,27373.664
304.117,100.300,17794.645,27373.664
305.135,99.200,17796.348,27373.664
306.152,100.300,17796.348,27373.664
307.169,100.300,17797.004,27373.664
308.186,100.300,17797.004,27373.664
309.203,100.300,17797.375,27373.664
310.220,100.300,17797.375,27373.664
311.237,100.300,17797.457,27373.664
312.254,99.300,17797.457,27373.664
313.271,100.300,17798.828,27373.664
314.288,99.300,17798.828,27373.664
315.305,100.300,17800.184,27373.664
316.322,100.300,17800.258,27373.664
317.339,100.300,17800.801,27373.664
318.356,100.300,17800.801,27373.664
319.373,99.300,17800.809,27373.664
320.390,100.300,17800.828,27373.664
321.407,100.300,17800.828,27373.664
322.424,100.300,17800.984,27373.664
323.441,100.300,17800.984,27373.664
324.458,100.300,17800.984,27373.664
325.475,99.300,17800.984,27373.664
326.492,100.300,17800.984,27373.664
327.509,100.300,17800.984,27373.664
328.526,99.300,17800.984,27373.664
329.543,101.300,17800.984,27373.664
330.560,99.300,17804.633,27373.664
331.577,100.300,17804.633,27373.664
332.594,100.300,17804.633,27373.664
333.611,100.300,17804.633,27373.664
334.628,100.300,17804.633,27373.664
335.646,100.200,17804.633,27373.664
336.663,99.300,17804.633,27373.664
337.680,100.300,17804.633,27373.664
338.697,100.300,17804.633,27373.664
339.714,99.300,17804.633,27373.664
340.731,101.300,17808.152,27373.664
341.749,99.300,17808.152,27373.664
342.766,100.300,17811.289,27373.664
343.783,100.300,17811.305,27373.664
344.800,99.300,17814.742,27373.664
345.817,100.300,17814.742,27373.664
346.834,100.300,17816.895,27373.664
347.851,99.300,17816.898,27373.664
348.868,101.300,17817.922,27373.664
349.885,99.300,17817.922,27373.664
350.902,100.300,17819.348,27373.664
351.919,100.300,17819.348,27373.664
352.936,100.300,17819.980,27373.664
353.953,99.300,17819.980,27373.664
354.970,100.300,17820.508,27373.664
355.987,99.300,17820.512,27373.664
357.004,101.300,17821.945,27373.664
358.020,99.400,17821.957,27373.664
359.036,100.400,17823.598,27373.664
360.053,100.300,17823.992,27373.664
361.070,99.300,17824.008,27373.664
362.087,101.300,17824.551,27373.664
363.104,99.300,17824.613,27373.664
364.121,100.300,17824.621,27373.664
365.139,100.200,17824.648,27373.664
366.156,100.300,17824.648,27373.664
367.173,100.300,17824.648,27373.664
368.190,100.300,17824.656,27373.664
369.207,99.300,17824.656,27373.664
370.224,100.300,17824.656,27373.664
371.241,100.300,17824.656,27373.664
372.258,99.300,17824.656,27373.664
373.275,101.300,17824.656,27373.664
374.292,98.300,17824.656,27373.664
375.309,101.300,17824.656,27373.664
376.326,99.300,17824.656,27373.664
377.343,100.300,17824.656,27373.664
378.360,101.300,17824.656,27373.664
379.377,99.300,17824.656,27373.664
380.394,99.300,17824.656,27373.664
381.411,101.300,17824.656,27373.664
382.428,99.300,17824.656,27373.664
383.445,100.300,17824.656,27373.664
384.462,100.300,17824.656,27373.664
385.479,100.300,17824.656,27373.664
386.496,99.300,17824.656,27373.664
387.513,100.300,17824.656,27373.664
388.530,100.300,17824.656,27373.664
389.547,99.300,17824.656,27373.664
390.564,100.300,17824.656,27373.664
391.581,100.300,17824.656,27373.664
392.598,99.300,17824.656,27373.664
393.615,100.300,17824.656,27373.664
394.632,100.300,17824.656,27373.664
395.650,101.200,17824.656,27373.664
396.667,100.300,17825.320,27373.664
397.684,99.300,17825.328,27373.664
398.701,100.300,17827.184,27373.664
399.718,99.300,17827.184,27373.664
400.735,101.300,17829.020,27373.664
401.753,99.300,17829.020,27373.664
402.770,99.300,17829.223,27373.664
403.787,101.300,17829.223,27373.664
404.804,100.300,17831.102,27373.664
405.821,99.300,17831.109,27373.664
406.838,100.300,17831.109,27373.664
407.855,100.300,17831.109,27373.664
408.872,99.300,17831.109,27373.664
409.889,101.300,17831.109,27373.664
410.906,99.300,17831.109,27373.664
411.923,100.300,17831.109,27373.664
412.940,100.300,17831.109,27373.664
413.957,99.300,17831.109,27373.664
414.974,101.300,17831.109,27373.664
415.991,99.300,17831.109,27373.664
417.008,100.300,17831.109,27373.664
418.024,99.400,17831.109,27373.664
419.040,100.400,17831.109,27373.664
420.057,100.300,17831.109,27373.664
421.075,99.300,17831.109,27373.664
422.092,100.300,17831.109,27373.664
423.109,100.300,17831.109,27373.664
424.126,100.300,17831.109,27373.664
425.144,100.200,17831.109,27373.664
426.161,100.300,17831.109,27373.664
427.178,99.300,17888.957,27431.512
428.195,100.300,17888.957,27431.512
429.212,100.300,17889.098,27431.512
430.229,99.300,17897.125,27431.512
431.246,100.300,17897.141,27431.512
432.263,101.300,17902.820,27431.512
433.281,100.300,17902.820,27431.512
434.298,98.300,17907.973,27431.512
435.315,101.300,17907.977,27431.512
436.332,100.300,17908.152,27431.512
437.349,99.300,17911.645,27431.512
438.366,100.300,17911.645,27431.512
439.383,100.300,17913.996,27431.512
440.400,100.300,17913.996,27431.512
441.417,99.300,17916.930,27431.512
442.434,101.300,17916.930,27431.512
443.452,99.300,17918.961,27431.512
444.469,99.300,17918.961,27431.512
445.486,101.300,17919.082,27431.512
446.503,99.300,17919.340,27431.512
447.520,100.300,17919.340,27431.512
448.537,100.300,17919.766,27431.512
449.554,100.300,17919.766,27431.512
450.571,99.300,17921.133,27431.512
451.588,100.300,17921.133,27431.512
452.605,100.300,17921.133,27431.512
453.623,100.300,17922.504,27431.512
454.640,100.300,17922.512,27431.512
455.658,99.200,17922.617,27431.512
456.675,100.300,17922.617,27431.512
457.692,100.300,17923.008,27431.512
458.709,100.300,17923.008,27431.512
459.726,100.300,17924.309,27431.512
460.743,100.300,17924.312,27431.512
461.761,100.200,17924.441,27431.512
462.778,99.300,17924.465,27431.512
463.795,100.300,17924.465,27431.512
464.812,100.300,17926.137,27431.512
465.829,100.300,17926.137,27431.512
466.846,99.300,17926.270,27431.512
467.864,100.300,17926.270,27431.512
468.880,100.300,17931.141,27431.512
469.898,100.300,17931.141,27431.512
470.915,100.300,17931.180,27431.512
471.932,99.300,17931.395,27431.512
472.949,100.300,17931.395,27431.512
473.966,100.300,17932.871,27431.512
474.983,100.300,17932.871,27431.512
476.000,100.300,17933.398,27431.512
477.017,99.300,17933.398,27431.512
478.033,100.400,17935.328,27431.512
479.050,99.300,17935.328,27431.512
480.067,100.300,17935.328,27431.512
481.084,100.300,17935.398,27431.512
482.101,100.300,17935.398,27431.512
483.118,100.300,17935.398,27431.512
484.135,99.300,17935.398,27431.512
485.153,100.200,17935.398,27431.512
486.170,100.300,17935.398,27431.512
487.187,100.300,17935.793,27431.512
488.204,100.300,17935.793,27431.512
489.221,100.300,17936.641,27431.512
490.238,99.300,17936.691,27431.512
491.256,101.300,17936.691,27431.512
492.273,99.300,17938.234,27431.512
493.290,99.300,17938.242,27431.512
494.307,100.300,17940.160,27431.512
495.324,100.300,17940.164,27431.512
496.341,100.300,17942.836,27431.512
497.358,100.300,17942.836,27431.512
498.375,99.300,17942.836,27431.512
499.392,101.300,17942.836,27431.512
500.410,99.300,17942.836,27431.512
501.427,100.300,17942.836,27431.512
502.444,100.300,17942.836,27431.512
503.461,100.300,17942.859,27431.512
504.478,99.300,17942.859,27431.512
505.495,100.300,17942.859,27431.512
506.512,100.300,17942.859,27431.512
507.529,100.300,17942.859,27431.512
508.547,100.300,17942.859,27431.512
509.564,100.300,17942.859,27431.512
510.581,99.300,17942.859,27431.512
511.598,100.300,17942.859,27431.512
512.615,100.300,17942.859,27431.512
513.632,99.300,17942.871,27431.512
514.649,100.300,17942.871,27431.512
515.667,100.200,17943.008,27431.512
516.684,100.300,17943.008,27431.512
517.701,100.300,17943.008,27431.512
518.719,99.300,17943.008,27431.512
519.736,101.300,17943.008,27431.512
520.753,99.300,17943.023,27431.512
521.770,100.200,17943.023,27431.512
522.788,100.300,17943.023,27431.512
523.805,100.300,17943.023,27431.512
524.822,100.300,17943.387,27431.512
525.839,99.300,17943.387,27431.512
526.856,100.300,17944.039,27431.512
527.873,99.300,17944.039,27431.512
528.890,101.300,17944.051,27431.512
529.907,99.300,17944.188,27431.512
530.925,100.300,17944.188,27431.512
531.942,100.300,17945.156,27431.512
532.959,100.300,17945.156,27431.512
533.976,100.300,17946.516,27431.512
534.993,99.300,17946.520,27431.512
536.010,100.300,17948.090,27431.512
537.026,100.400,17948.090,27431.512
538.042,99.400,17948.109,27431.512
539.059,100.300,17948.129,27431.512
540.076,100.300,17948.129,27431.512
541.093,100.300,17948.875,27431.512
542.110,100.300,17948.883,27431.512
543.128,99.300,17949.195,27431.512
544.145,100.300,17949.195,27431.512
545.162,100.200,17949.195,27431.512
546.179,100.300,17949.195,27431.512
547.196,100.300,17949.195,27431.512
548.214,99.300,17949.195,27431.512
549.231,100.300,17949.195,27431.512
550.248,100.300,17949.195,27431.512
551.265,100.300,17949.195,27431.512
552.282,99.300,17949.195,27431.512
553.299,100.300,17949.195,27431.512
554.316,101.300,17949.195,27431.512
555.333,99.300,17949.195,27431.512
556.350,100.300,17949.195,27431.512
557.367,99.300,17949.195,27431.512
558.384,100.300,17949.195,27431.512
559.401,100.300,17949.195,27431.512
560.419,100.300,17949.195,27431.512
561.436,99.300,17949.348,27431.512
562.453,100.300,17949.348,27431.512
563.470,101.300,17949.355,27431.512
564.487,99.300,17949.355,27431.512
565.504,100.300,17949.355,27431.512
566.521,100.300,17949.355,27431.512
567.538,100.300,17949.355,27431.512
568.555,99.300,17949.355,27431.512
569.573,100.300,17949.355,27431.512
570.590,100.300,17949.355,27431.512
571.607,100.300,17949.355,27431.512
572.624,100.300,17949.387,27431.512
573.641,100.300,17949.387,27431.512
574.658,99.300,17950.152,27431.512
575.676,100.200,17950.160,27431.512
576.693,99.300,17951.430,27431.512
577.710,100.300,17951.430,27431.512
578.727,100.300,17953.660,27431.512
579.745,101.300,17953.684,27431.512
580.762,99.300,17953.832,27431.512
581.779,100.200,17953.832,27431.512
582.797,99.300,17953.832,27431.512
583.814,100.300,17955.180,27431.512
584.831,100.300,17955.184,27431.512
585.848,99.300,17958.355,27431.512
586.865,101.300,17958.367,27431.512
587.882,99.300,17958.371,27431.512
588.900,100.300,17958.371,27431.512
589.917,100.300,17958.371,27431.512
590.934,100.300,17910.781,27383.922
591.951,99.300,17910.781,27383.922
592.968,101.300,17910.781,27383.922
593.985,99.300,17910.781,27383.922
595.002,100.300,17910.781,27383.922
596.019,100.300,17910.781,27383.922
597.035,100.400,17910.781,27383.922
598.052,99.300,17910.781,27383.922
599.069,100.300,17910.781,27383.922
600.086,100.300,17910.781,27383.922
601.103,100.300,17910.781,27383.922
602.120,99.300,17910.781,27383.922
603.137,100.300,17910.781,27383.922
604.154,100.300,17910.781,27383.922
605.172,100.200,17910.781,27383.922
606.190,99.300,17910.781,27383.922
607.207,100.300,17910.781,27383.922
608.224,100.300,17910.781,27383.922
609.241,100.300,17948.730,27421.871
610.258,99.300,17948.730,27421.871
611.275,100.300,17948.730,27421.871
612.292,100.300,17948.730,27421.871
613.309,100.300,17948.730,27421.871
614.326,100.300,17948.730,27421.871
615.344,99.300,17948.730,27421.871
616.361,100.300,17948.730,27421.871
617.378,100.300,17948.730,27421.871
618.395,100.300,17948.730,27421.871
619.412,100.300,17948.730,27421.871
620.429,99.300,17948.730,27421.871
621.446,100.300,17948.730,27421.871
622.463,100.300,17948.730,27421.871
623.480,100.300,17948.730,27421.871
624.497,99.300,17948.730,27421.871
625.514,100.300,17948.730,27421.871
626.531,101.300,17948.730,27421.871
627.549,99.300,17948.730,27421.871
628.566,100.300,17948.730,27421.871
629.583,100.300,17948.730,27421.871
630.600,99.300,17948.730,27421.871
631.617,100.300,17948.730,27421.871
632.634,99.300,17948.730,27421.871
633.651,100.300,17948.730,27421.871
634.668,100.300,17948.730,27421.871
635.686,101.200,17948.730,27421.871
636.703,100.300,17948.730,27421.871
637.720,99.300,17948.730,27421.871
638.738,100.300,17948.730,27421.871
639.755,100.300,17948.730,27421.871
640.772,99.300,17948.730,27421.871
641.789,100.200,17948.730,27421.871
642.807,100.300,17948.730,27421.871
643.824,100.300,17948.730,27421.871
644.841,99.300,17948.730,27421.871
645.858,100.300,17948.730,27421.871
646.875,100.300,17948.730,27421.871
647.892,100.300,17948.730,27421.871
648.909,99.300,17948.730,27421.871
649.926,100.300,17948.730,27421.871
650.943,101.300,17948.730,27421.871
651.960,99.300,17948.730,27421.871
652.977,100.300,17948.730,27421.871
653.994,100.300,17948.730,27421.871
655.011,100.300,17948.730,27421.871
656.027,99.400,17948.730,27421.871
657.044,100.400,17948.730,27421.871
658.061,100.300,17948.730,27421.871
659.078,99.300,17948.730,27421.871
660.095,101.300,17948.730,27421.871
661.112,99.300,17948.730,27421.871
662.129,100.300,17948.730,27421.871
663.146,100.300,17948.730,27421.871
664.163,99.300,17948.730,27421.871
665.181,100.200,17948.730,27421.871
666.198,100.300,17948.730,27421.871
667.215,99.300,17948.730,27421.871
668.232,101.300,17948.730,27421.871
669.249,100.300,17948.730,27421.871
670.266,99.300,17948.730,27421.871
671.284,100.300,17948.730,27421.871
672.300,99.300,17948.730,27421.871
673.318,101.300,17948.730,27421.871
674.335,100.300,17948.730,27421.871
675.352,100.300,17948.730,27421.871
676.369,99.300,17948.730,27421.871
677.386,100.300,17948.730,27421.871
678.403,99.300,17948.730,27421.871
679.420,100.300,17948.730,27421.871
680.437,100.300,17948.730,27421.871
681.454,100.300,17948.730,27421.871
682.471,99.300,17948.730,27421.871
683.488,101.300,17948.730,27421.871
684.505,99.300,17948.730,27421.871
685.523,100.300,17948.730,27421.871
686.540,100.300,17948.730,27421.871
687.557,99.300,17948.730,27421.871
688.574,100.300,17948.730,27421.871
689.591,100.300,17948.730,27421.871
690.608,100.300,17948.730,27421.871
691.625,100.300,17948.730,27421.871
692.642,100.300,17948.730,27421.871
693.659,100.300,17948.730,27421.871
694.676,99.300,17948.730,27421.871
695.695,100.200,17948.730,27421.871
696.712,100.300,17948.730,27421.871
697.729,100.300,17948.730,27421.871
698.746,100.300,17948.730,27421.871
699.763,99.300,17948.730,27421.871
700.781,100.300,17948.730,27421.871
701.798,100.200,17948.730,27421.871
702.815,99.300,17948.730,27421.871
703.832,100.300,17948.730,27421.871
704.850,100.300,17948.730,27421.871
705.867,100.300,17948.730,27421.871
706.884,100.300,17948.730,27421.871
707.901,100.300,17948.730,27421.871
708.918,99.300,17948.730,27421.871
709.935,100.300,17948.730,27421.871
710.952,100.300,17948.730,27421.871
711.970,100.300,17948.730,27421.871
712.987,100.300,17948.730,27421.871
714.004,99.300,17948.730,27421.871
715.020,100.300,17948.730,27421.871
716.036,100.400,17948.730,27421.871
717.053,99.300,17948.730,27421.871
718.071,100.300,17948.730,27421.871
719.088,100.300,17948.730,27421.871
720.105,99.300,17948.730,27421.871
721.122,101.300,17948.730,27421.871
722.139,100.300,17948.730,27421.871
723.156,99.300,17948.730,27421.871
724.173,100.300,17948.730,27421.871
725.191,100.200,17948.730,27421.871
726.208,100.300,17948.730,27421.871
727.225,100.300,17948.730,27421.871
728.243,99.300,17948.730,27421.871
729.260,100.300,17948.730,27421.871
730.277,100.300,17948.730,27421.871
731.294,100.300,17948.730,27421.871
732.311,99.300,17948.730,27421.871
733.328,101.300,17948.730,27421.871
734.345,99.300,17948.730,27421.871
735.362,100.300,17948.730,27421.871
736.380,99.300,17948.730,27421.871
737.397,100.300,17948.730,27421.871
738.414,100.300,17948.730,27421.871
739.431,100.300,17948.730,27421.871
740.448,99.300,17948.730,27421.871
741.465,101.300,17948.730,27421.871
742.482,99.300,17948.730,27421.871
743.500,100.300,17948.730,27421.871
744.517,100.300,17948.730,27421.871
745.534,99.300,17948.730,27421.871
746.551,101.300,17948.730,27421.871
747.568,99.300,17948.730,27421.871
748.585,101.300,17948.730,27421.871
749.602,99.300,17948.730,27421.871
750.619,99.300,17948.730,27421.871
751.637,100.300,17948.730,27421.871
752.654,100.300,17948.730,27421.871
753.671,100.300,17948.730,27421.871
754.688,100.300,17948.730,27421.871
755.706,100.200,17948.730,27421.871
756.723,99.300,17948.730,27421.871
757.740,101.300,17948.730,27421.871
758.757,99.300,17948.730,27421.871
759.775,100.300,17948.730,27421.871
760.792,100.300,17948.730,27421.871
761.809,100.300,17948.730,27421.871
762.826,99.300,17948.730,27421.871
763.843,100.300,17948.730,27421.871
764.861,100.300,17948.730,27421.871
765.878,100.300,17948.730,27421.871
766.895,99.300,17948.730,27421.871
767.912,100.300,17948.730,27421.871
768.929,100.300,17948.730,27421.871
769.946,99.300,17948.730,27421.871
770.963,101.300,17948.730,27421.871
771.981,99.300,17948.730,27421.871
772.998,100.300,17948.730,27421.871
774.015,100.300,17948.730,27421.871
775.031,100.400,17948.730,27421.871
776.048,99.300,17948.730,27421.871
777.065,101.300,17948.730,27421.871
778.082,99.300,17948.730,27421.871
779.100,99.300,17948.730,27421.871
780.117,100.300,17948.730,27421.871
781.134,100.300,17948.730,27421.871
782.151,100.300,17948.730,27421.871
783.169,100.300,17948.730,27421.871
784.186,100.300,17948.730,27421.871
785.204,100.200,17948.730,27421.871
786.221,99.300,17948.730,27421.871
787.238,100.300,17948.730,27421.871
788.255,100.300,17948.730,27421.871
789.272,100.300,17948.730,27421.871
790.289,100.300,17948.730,27421.871
791.307,100.300,17948.730,27421.871
792.324,99.300,17948.730,27421.871
793.341,100.300,17948.730,27421.871
794.358,100.300,17948.730,27421.871
795.375,100.300,17948.730,27421.871
796.393,99.300,17948.730,27421.871
797.410,100.300,17948.730,27421.871
798.427,100.300,17948.730,27421.871
799.444,100.300,17948.730,27421.871
800.461,99.300,17948.730,27421.871
801.479,100.300,17948.730,27421.871
802.496,101.300,17948.730,27421.871
803.513,99.300,17948.730,27421.871
804.530,100.300,17948.730,27421.871
805.547,100.300,17948.730,27421.871
806.564,99.300,17948.730,27421.871
807.582,101.300,17948.730,27421.871
808.599,99.300,17948.730,27421.871
809.616,100.300,17948.730,27421.871
810.633,100.300,17948.730,27421.871
811.650,100.300,17948.730,27421.871
812.667,99.300,17948.730,27421.871
813.684,100.300,17948.730,27421.871
814.702,100.300,17948.730,27421.871
815.720,100.200,17948.730,27421.871
816.737,100.300,17948.730,27421.871
817.754,100.300,17948.730,27421.871
818.771,99.300,17948.730,27421.871
819.789,100.300,17948.730,27421.871
820.806,100.300,17948.730,27421.871
821.823,99.300,17852.934,27326.074
822.841,101.300,17852.934,27326.074
823.858,100.300,17852.934,27326.074
824.875,99.300,17852.934,27326.074
825.892,99.300,17852.934,27326.074
826.909,101.300,17852.934,27326.074
827.926,99.300,17852.934,27326.074
828.944,100.300,17852.934,27326.074
829.961,100.300,17852.934,27326.074
830.978,99.300,17852.934,27326.074
831.995,101.300,17852.934,27326.074
833.012,99.300,17852.934,27326.074
834.028,100.400,17852.934,27326.074
835.044,100.400,17852.934,27326.074
836.062,100.300,17852.934,27326.074
837.079,99.300,17852.934,27326.074
838.096,100.300,17852.934,27326.074
839.113,100.300,17852.934,27326.074
840.130,100.300,17852.934,27326.074
841.148,99.300,17852.934,27326.074
842.165,100.300,17852.934,27326.074
843.182,100.300,17852.934,27326.074
844.199,100.300,17852.934,27326.074
845.217,99.200,17852.934,27326.074
846.234,100.300,17852.934,27326.074
847.251,100.300,17852.934,27326.074
848.269,100.300,17852.934,27326.074
849.286,100.300,17852.934,27326.074
850.303,99.300,17852.934,27326.074
851.320,101.300,17852.934,27326.074
852.337,100.300,17852.934,27326.074
853.354,99.300,17852.934,27326.074
854.371,100.300,17852.934,27326.074
855.389,100.300,17852.934,27326.074
856.406,99.300,17852.934,27326.074
857.423,101.300,17852.934,27326.074
858.440,99.300,17852.934,27326.074
859.458,100.300,17852.934,27326.074
860.475,100.300,17852.934,27326.074
861.492,100.300,17852.934,27326.074
862.509,100.300,17852.934,27326.074
863.526,99.300,17852.934,27326.074
864.543,100.300,17852.934,27326.074
865.561,99.300,17852.934,27326.074
866.578,101.300,17852.934,27326.074
867.595,99.300,17852.934,27326.074
868.612,100.300,17852.934,27326.074
869.629,100.300,17852.934,27326.074
870.646,100.300,17852.934,27326.074
871.664,99.300,17852.934,27326.074
872.681,100.300,17852.934,27326.074
873.698,100.300,17852.934,27326.074
874.715,100.300,17852.934,27326.074
875.733,100.200,17852.934,27326.074
876.750,99.300,17852.934,27326.074
877.768,100.300,17852.934,27326.074
878.785,101.300,17852.934,27326.074
879.802,99.300,17852.934,27326.074
880.819,100.300,17852.934,27326.074
881.836,100.200,17852.934,27326.074
882.854,100.300,17852.934,27326.074
883.871,99.300,17852.934,27326.074
884.888,100.300,17852.934,27326.074
885.905,99.300,17852.934,27326.074
886.922,100.300,17852.934,27326.074
887.939,100.300,17852.934,27326.074
888.956,100.300,17852.934,27326.074
889.974,100.300,17852.934,27326.074
890.991,100.300,17852.934,27326.074
892.008,99.300,17852.934,27326.074
893.024,100.400,17852.934,27326.074
894.040,99.400,17852.934,27326.074
895.057,101.300,17852.934,27326.074
896.074,100.300,17852.934,27326.074
897.091,99.300,17889.500,27362.641
898.109,100.300,17889.500,27362.641
899.126,99.300,17889.500,27362.641
900.143,101.300,17889.500,27362.641
901.160,99.300,17889.500,27362.641
902.177,100.300,17889.500,27362.641
903.194,99.300,17889.500,27362.641
904.211,101.300,17889.500,27362.641
905.229,99.200,17889.500,27362.641
906.246,100.300,17889.500,27362.641
907.264,100.300,17889.500,27362.641
908.281,100.300,17889.500,27362.641
909.298,99.300,17889.500,27362.641
910.315,101.300,17889.500,27362.641
911.332,99.300,17889.500,27362.641
912.349,100.300,17889.500,27362.641
913.366,100.300,17889.500,27362.641
914.383,100.300,17889.500,27362.641
915.401,99.300,17889.500,27362.641
916.418,100.300,17889.500,27362.641
917.435,100.300,17889.500,27362.641
918.452,99.300,17889.500,27362.641
919.469,100.300,17889.500,27362.641
920.486,100.300,17889.500,27362.641
921.503,100.300,17889.500,27362.641
922.520,100.300,17889.500,27362.641
923.538,100.300,17889.500,27362.641
924.555,100.300,17889.500,27362.641
925.572,99.300,17889.500,27362.641
926.589,101.300,17889.500,27362.641
927.606,99.300,17889.500,27362.641
928.623,100.300,17889.500,27362.641
929.640,100.300,17889.500,27362.641
930.657,99.300,17889.500,27362.641
931.675,100.300,17889.500,27362.641
932.692,99.300,17889.500,27362.641
933.709,101.300,17889.500,27362.641
934.726,99.300,17889.500,27362.641
935.744,101.200,17889.500,27362.641
936.761,99.300,17889.500,27362.641
937.778,100.300,17889.500,27362.641
938.796,100.300,17889.500,27362.641
939.813,100.300,17889.500,27362.641
940.830,100.300,17889.500,27362.641
941.847,99.200,17889.500,27362.641
942.865,100.300,17889.500,27362.641
943.882,100.300,17889.500,27362.641
944.899,100.300,17889.500,27362.641
945.916,99.300,17889.500,27362.641
946.934,100.300,17889.500,27362.641
947.951,100.300,17889.500,27362.641
948.968,100.300,17889.500,27362.641
949.985,99.300,17889.500,27362.641
951.002,100.300,17889.500,27362.641
952.019,100.300,17889.500,27362.641
953.035,100.400,17889.500,27362.641
954.052,99.300,17889.500,27362.641
955.070,101.300,17889.500,27362.641
956.087,99.300,17889.500,27362.641
957.104,100.300,17889.500,27362.641
958.121,99.300,17889.500,27362.641
959.138,101.300,17889.500,27362.641
960.155,100.300,17889.500,27362.641
961.172,99.300,17889.500,27362.641
962.189,100.300,17889.500,27362.641
963.206,99.300,17889.500,27362.641
964.224,100.300,17889.500,27362.641
965.242,100.200,17889.500,27362.641
966.259,100.300,17889.500,27362.641
967.276,100.300,17889.500,27362.641
968.293,100.300,17889.500,27362.641
969.310,100.300,17889.500,27362.641
970.327,99.300,17889.500,27362.641
971.344,100.300,17889.500,27362.641
972.362,100.300,17889.500,27362.641
973.379,100.300,17889.500,27362.641
974.396,100.300,17889.500,27362.641
975.413,100.300,17889.500,27362.641
976.430,99.300,17889.500,27362.641
977.447,100.300,17889.500,27362.641
978.465,100.300,17889.500,27362.641
979.482,100.300,17889.500,27362.641
980.499,99.300,17889.500,27362.641
981.516,100.300,17889.500,27362.641
982.533,100.300,17889.500,27362.641
983.550,99.300,17889.500,27362.641
984.568,101.300,17889.500,27362.641
985.585,99.300,17889.500,27362.641
986.602,100.300,17889.500,27362.641
987.619,100.300,17889.500,27362.641
988.636,100.300,17889.500,27362.641
989.653,99.300,17889.500,27362.641
990.670,100.300,17889.500,27362.641
991.688,100.300,17889.500,27362.641
992.706,100.200,17889.500,27362.641
993.723,100.300,17889.500,27362.641
994.740,99.300,17889.500,27362.641
995.758,101.200,17889.500,27362.641
996.775,99.300,17889.500,27362.641
997.793,100.300,17889.500,27362.641
998.810,100.300,17889.500,27362.641
999.827,99.300,17889.500,27362.641
1000.844,101.300,17889.500,27362.641
1001.862,99.200,17889.500,27362.641
1002.879,101.200,17889.500,27362.641
1003.896,99.300,17889.500,27362.641
1004.913,100.300,17889.500,27362.641
1005.931,99.300,17889.500,27362.641
1006.948,100.300,17889.500,27362.641
1007.965,100.300,17889.500,27362.641
1008.982,100.300,17889.500,27362.641
1009.999,100.300,17889.500,27362.641
1011.016,100.300,17889.500,27362.641
1012.033,99.400,17889.500,27362.641
1013.050,100.200,17889.500,27362.641
1014.067,100.300,17889.500,27362.641
1015.084,100.300,17889.500,27362.641
1016.101,99.300,17889.500,27362.641
1017.118,100.300,17889.500,27362.641
1018.136,100.300,17889.500,27362.641
1019.153,99.300,17889.500,27362.641
1020.170,100.300,17889.500,27362.641
1021.187,101.300,17889.500,27362.641
1022.204,100.300,17889.500,27362.641
1023.222,99.300,17889.500,27362.641
1024.239,100.300,17889.500,27362.641
1025.257,99.200,17889.500,27362.641
1026.274,101.300,17889.500,27362.641
1027.291,99.300,17889.500,27362.641
1028.308,100.300,17889.500,27362.641
1029.325,100.300,17889.500,27362.641
1030.343,100.300,17889.500,27362.641
1031.360,99.300,17889.500,27362.641
1032.377,101.300,17889.500,27362.641
1033.394,99.300,17889.500,27362.641
1034.411,100.300,17889.500,27362.641
1035.428,99.300,17889.500,27362.641
1036.445,100.300,17889.500,27362.641
1037.462,100.300,17889.500,27362.641
1038.479,100.300,17889.500,27362.641
1039.496,99.300,17889.500,27362.641
1040.513,100.300,17889.500,27362.641
1041.530,100.300,17889.500,27362.641
1042.547,100.300,17889.500,27362.641
1043.564,100.300,17889.500,27362.641
1044.581,100.300,17889.500,27362.641
1045.598,99.300,17889.500,27362.641
1046.615,99.300,17889.500,27362.641
1047.632,100.300,17889.500,27362.641
1048.649,101.300,17889.500,27362.641
1049.666,100.300,17852.934,27326.074
1050.683,99.300,17852.934,27326.074
1051.700,100.300,17852.934,27326.074
1052.717,99.300,17852.934,27326.074
1053.734,101.300,17852.934,27326.074
1054.751,100.300,17852.934,27326.074
1055.769,99.200,17852.934,27326.074
1056.786,100.300,17852.934,27326.074
1057.803,100.300,17852.934,27326.074
1058.820,99.300,17852.934,27326.074
1059.837,101.300,17852.934,27326.074
1060.854,99.300,17852.934,27326.074
1061.872,99.200,17852.934,27326.074
1062.889,101.300,17852.934,27326.074
1063.906,100.300,17852.934,27326.074
1064.923,99.300,17852.934,27326.074
1065.940,100.300,17852.934,27326.074
1066.957,99.300,17852.934,27326.074
1067.974,101.300,17852.934,27326.074
1068.991,100.300,17852.934,27326.074
1070.008,99.300,17852.934,27326.074
1071.024,100.400,17852.934,27326.074
1072.040,100.400,17852.934,27326.074
1073.057,99.300,17852.934,27326.074
1074.074,100.300,17852.934,27326.074
1075.091,100.300,17852.934,27326.074
1076.108,100.300,17852.934,27326.074
1077.125,99.300,17852.934,27326.074
1078.142,100.300,17852.934,27326.074
1079.159,100.300,17852.934,27326.074
1080.176,99.300,17852.934,27326.074
1081.193,101.300,17852.934,27326.074
1082.210,99.300,17852.934,27326.074
1083.227,100.300,17852.934,27326.074
1084.244,100.300,17852.934,27326.074
1085.262,100.200,17852.934,27326.074
1086.279,100.300,17852.934,27326.074
1087.296,99.300,17852.934,27326.074
1088.313,101.300,17852.934,27326.074
1089.330,99.300,17852.934,27326.074
1090.347,100.300,17852.934,27326.074
1091.364,100.300,17852.934,27326.074
1092.381,99.300,17852.934,27326.074
1093.398,100.300,17852.934,27326.074
1094.415,99.300,17852.934,27326.074
1095.432,101.300,17852.934,27326.074
1096.450,99.300,17852.934,27326.074
1097.466,100.300,17852.934,27326.074
1098.483,100.300,17852.934,27326.074
1099.500,99.300,17852.934,27326.074
1100.516,100.400,17852.934,27326.074
1101.533,100.300,17852.934,27326.074
1102.550,100.300,17852.934,27326.074
1103.567,99.300,17852.934,27326.074
1104.584,101.300,17852.934,27326.074
1105.601,99.300,17852.934,27326.074
1106.618,100.300,17852.934,27326.074
1107.635,99.300,17852.934,27326.074
1108.652,101.300,17852.934,27326.074
1109.669,100.300,17852.934,27326.074
1110.686,99.300,17852.934,27326.074
1111.703,100.300,17852.934,27326.074
1112.720,100.300,17852.934,27326.074
1113.737,99.300,17852.934,27326.074
1114.754,100.300,17852.934,27326.074
1115.772,100.200,17852.934,27326.074
1116.789,100.300,17852.934,27326.074
1117.806,100.300,17852.934,27326.074
1118.823,99.300,17852.934,27326.074
1119.840,100.300,17852.934,27326.074
1120.857,100.300,17852.934,27326.074
1121.875,100.300,17852.934,27326.074
1122.892,100.300,17852.934,27326.074
1123.909,99.300,17852.934,27326.074
1124.926,100.300,17852.934,27326.074
1125.943,100.300,17852.934,27326.074
1126.960,100.300,17852.934,27326.074
1127.977,99.300,17852.934,27326.074
1128.994,100.300,17852.934,27326.074
1130.011,100.300,17852.934,27326.074
1131.027,100.400,17852.934,27326.074
1132.043,100.400,17852.934,27326.074
1133.060,99.300,17852.934,27326.074
1134.077,100.300,17852.934,27326.074
1135.094,99.300,17852.934,27326.074
1136.111,101.300,17852.934,27326.074
1137.128,100.300,17852.934,27326.074
1138.145,99.300,17852.934,27326.074
1139.162,100.300,17852.934,27326.074
1140.179,100.300,17852.934,27326.074
1141.196,100.300,17852.934,27326.074
1142.213,99.300,17852.934,27326.074
1143.230,100.300,17852.934,27326.074
1144.247,100.300,17852.934,27326.074
1145.265,99.200,17852.934,27326.074
1146.282,101.300,17852.934,27326.074
1147.299,100.300,17852.934,27326.074
1148.316,99.300,17852.934,27326.074
1149.333,100.300,17852.934,27326.074
1150.350,99.300,17852.934,27326.074
1151.367,101.300,17852.934,27326.074
1152.384,99.300,17852.934,27326.074
1153.401,100.300,17852.934,27326.074
1154.418,100.300,17852.934,27326.074
1155.435,99.300,17852.934,27326.074
1156.452,101.300,17852.934,27326.074
1157.469,100.300,17852.934,27326.074
1158.486,98.300,17852.934,27326.074
1159.503,101.300,17852.934,27326.074
1160.520,99.300,17852.934,27326.074
1161.537,100.300,17852.934,27326.074
1162.554,100.300,17852.934,27326.074
1163.571,99.300,17852.934,27326.074
1164.588,101.300,17852.934,27326.074
1165.605,99.300,17852.934,27326.074
1166.622,100.300,17852.934,27326.074
1167.639,100.300,17852.934,27326.074
1168.656,100.300,17852.934,27326.074
1169.673,100.300,17852.934,27326.074
1170.690,100.300,17852.934,27326.074
1171.707,99.300,17852.934,27326.074
1172.724,100.300,17852.934,27326.074
1173.741,100.300,17852.934,27326.074
1174.758,99.300,17852.934,27326.074
1175.776,100.200,17852.934,27326.074
1176.793,100.300,17852.934,27326.074
1177.810,100.300,17852.934,27326.074
1178.827,99.300,17852.934,27326.074
1179.844,100.300,17852.934,27326.074
1180.861,100.300,17852.934,27326.074
1181.878,100.300,17852.934,27326.074
1182.896,99.300,17852.934,27326.074
1183.913,100.300,17852.934,27326.074
1184.930,100.300,17852.934,27326.074
1185.947,100.300,17852.934,27326.074
1186.964,100.300,17852.934,27326.074
1187.981,99.300,17852.934,27326.074
1188.998,100.300,17852.934,27326.074
1190.015,100.300,17852.934,27326.074
1191.031,99.400,17852.934,27326.074
1192.048,100.300,17852.934,27326.074
1193.065,100.300,17852.934,27326.074
1194.082,100.300,17852.934,27326.074
1195.099,100.300,17852.934,27326.074
1196.116,100.300,17852.934,27326.074
1197.133,100.300,17852.934,27326.074
1198.150,99.300,17852.934,27326.074
1199.167,100.300,17852.934,27326.074
1200.184,100.300,17852.934,27326.074
1201.201,100.300,17852.934,27326.074
1202.218,99.300,17852.934,27326.074
1203.235,100.300,17852.934,27326.074
1204.252,100.300,17852.934,27326.074
1205.270,100.200,17852.934,27326.074
1206.287,100.300,17852.934,27326.074
1207.304,99.300,17852.934,27326.074
1208.321,100.300,17852.934,27326.074
1209.338,100.300,17852.934,27326.074
1210.355,100.300,17852.934,27326.074
1211.372,100.300,17852.934,27326.074
1212.389,100.300,17852.934,27326.074
1213.406,99.300,17852.934,27326.074
1214.423,99.300,17852.934,27326.074
1215.440,100.300,17852.934,27326.074
1216.457,101.300,17852.934,27326.074
1217.474,99.300,17852.934,27326.074
1218.491,100.300,17852.934,27326.074
1219.508,100.300,17852.934,27326.074
1220.525,100.300,17852.934,27326.074
1221.542,99.300,17852.934,27326.074
1222.559,100.300,17852.934,27326.074
1223.576,100.300,17852.934,27326.074
1224.593,99.300,17852.934,27326.074
1225.610,100.300,17852.934,27326.074
1226.627,100.300,17852.934,27326.074
1227.644,100.300,17852.934,27326.074
1228.661,100.300,17852.934,27326.074
1229.678,99.300,17852.934,27326.074
1230.695,100.300,17852.934,27326.074
1231.712,100.300,17852.934,27326.074
1232.729,99.300,17852.934,27326.074
1233.746,101.300,17852.934,27326.074
1234.763,100.300,17852.934,27326.074
1235.781,99.200,17852.934,27326.074
1236.799,100.300,17852.934,27326.074
1237.816,100.300,17852.934,27326.074
1238.833,99.300,17852.934,27326.074
1239.850,101.300,17852.934,27326.074
1240.867,99.300,17852.934,27326.074
1241.884,100.300,17852.934,27326.074
1242.901,99.300,17852.934,27326.074
1243.918,101.300,17852.934,27326.074
1244.935,99.300,17852.934,27326.074
1245.951,100.300,17852.934,27326.074
1246.969,100.300,17852.934,27326.074
1247.985,100.300,17852.934,27326.074
1249.002,100.300,17852.934,27326.074
1250.019,99.300,17852.934,27326.074
1251.035,99.400,17852.934,27326.074
1252.052,101.300,17852.934,27326.074
1253.069,99.300,17852.934,27326.074
1254.086,100.300,17852.934,27326.074
1255.103,100.300,17852.934,27326.074
1256.120,99.300,17852.934,27326.074
1257.137,100.300,17852.934,27326.074
1258.154,101.300,17852.934,27326.074
1259.171,99.300,17852.934,27326.074
1260.188,100.300,17852.934,27326.074
1261.205,100.300,17852.934,27326.074
1262.222,99.300,17852.934,27326.074
1263.239,100.300,17852.934,27326.074
1264.256,100.300,17852.934,27326.074
1265.274,100.200,17852.934,27326.074
1266.291,100.300,17852.934,27326.074
1267.308,99.300,17852.934,27326.074
1268.325,100.300,17852.934,27326.074
1269.342,100.300,17852.934,27326.074
1270.359,100.300,17852.934,27326.074
1271.376,99.300,17852.934,27326.074
1272.393,100.300,17852.934,27326.074
1273.410,101.300,17852.934,27326.074
1274.427,99.300,17852.934,27326.074
1275.444,99.300,17852.934,27326.074
1276.461,100.300,17852.934,27326.074
1277.478,100.300,17852.934,27326.074
1278.495,100.300,17852.934,27326.074
1279.512,100.300,17852.934,27326.074
1280.529,99.300,17852.934,27326.074
1281.546,100.300,17852.934,27326.074
1282.563,100.300,17852.934,27326.074
1283.580,100.300,17852.934,27326.074
1284.597,100.300,17852.934,27326.074
1285.614,100.300,17852.934,27326.074
1286.631,99.300,17852.934,27326.074
1287.648,100.300,17852.934,27326.074
1288.665,100.300,17852.934,27326.074
1289.682,100.300,17852.934,27326.074
1290.699,99.300,17852.934,27326.074
1291.716,100.300,17852.934,27326.074
1292.733,100.300,17852.934,27326.074
1293.750,99.300,17852.934,27326.074
1294.767,100.300,17852.934,27326.074
1295.785,101.200,17852.934,27326.074
1296.802,100.300,17852.934,27326.074
1297.819,99.300,17852.934,27326.074
1298.836,100.300,17852.934,27326.074
1299.853,100.300,17852.934,27326.074
1300.870,99.300,17852.934,27326.074
1301.887,100.300,17852.934,27326.074
1302.904,100.300,17852.934,27326.074
1303.921,100.300,17852.934,27326.074
1304.938,99.300,17852.934,27326.074
1305.955,100.300,17852.934,27326.074
1306.972,100.300,17852.934,27326.074
1307.989,100.300,17852.934,27326.074
1309.006,100.300,17852.934,27326.074
1310.022,99.400,17858.020,27326.074
1311.038,99.400,17858.020,27326.074
1312.055,101.300,17862.711,27326.074
1313.072,100.300,17862.977,27326.074
1314.089,99.300,17862.977,27326.074
1315.106,100.300,17862.977,27326.074
1316.123,100.300,17870.172,27326.074
1317.140,99.300,17887.383,27326.074
1318.157,100.300,17888.336,27326.074
1319.174,100.300,17888.336,27326.074
1320.191,100.300,17888.336,27326.074
1321.208,99.300,17888.336,27326.074
1322.225,100.300,17888.336,27326.074
1323.242,100.300,17888.336,27326.074
1324.259,100.300,17888.336,27326.074
1325.277,99.200,17888.336,27326.074
1326.294,101.300,17888.336,27326.074
1327.311,99.300,17888.336,27326.074
1328.328,100.300,17888.336,27326.074
1329.345,100.300,17888.336,27326.074
1330.362,100.300,17891.773,27326.074
1331.379,99.300,17970.812,27407.945
1332.396,100.300,18279.445,27736.359
1333.413,99.300,18354.598,27800.855
1334.430,101.300,18362.418,27800.855
1335.447,99.300,18403.379,27840.543
1336.464,100.300,18417.570,27840.543
1337.481,100.300,18512.582,27887.066
1338.498,99.300,18846.988,28218.277
1339.515,100.300,18846.988,28218.277
1340.532,100.300,18846.988,28218.277
1341.549,100.300,19178.625,28632.293
1342.566,99.300,19178.633,28632.293
1343.583,101.300,19179.215,28632.293
1344.600,99.300,19429.020,28963.508
1345.617,100.300,19433.051,28963.508
1346.634,100.300,19443.020,28963.508
1347.651,99.300,19530.855,29046.312
1348.668,101.300,20037.715,29916.008
1349.685,99.300,20283.715,30164.422
1350.702,100.300,19200.230,28591.148
