Elapsed_time,CPU,Real_MB,Virtual_MB
0.000,0.000,133.848,12730.039
1.030,98.100,225.871,12822.105
2.060,97.100,248.926,12845.895
3.090,99.000,357.480,12955.504
4.119,99.100,404.648,13009.508
5.149,100.100,412.375,13017.488
6.179,99.000,497.848,13104.770
7.208,98.100,518.754,13124.148
8.237,95.200,683.750,13291.039
9.266,97.200,687.941,13296.668
10.295,93.300,689.051,13297.609
11.323,98.200,711.312,13320.746
12.352,95.200,712.543,13326.953
13.380,90.500,715.430,13332.676
14.409,83.600,746.578,13365.180
15.437,76.800,746.941,13365.965
16.467,78.700,811.574,13432.926
17.496,81.600,814.691,13436.656
18.525,85.500,816.258,13440.148
19.553,98.200,818.910,13443.148
20.583,88.400,830.570,13462.934
21.612,81.600,961.516,13600.250
22.641,80.700,968.887,13608.238
23.668,84.700,974.531,13615.242
24.697,77.700,974.762,13616.699
25.726,95.200,975.789,13616.699
26.756,80.600,978.008,13655.758
27.785,76.700,987.078,13664.758
28.814,78.700,1016.980,13694.797
29.844,97.100,1055.742,13735.047
30.872,82.700,1056.586,13735.547
31.902,100.100,1056.082,13735.043
32.931,99.100,1221.188,13900.148
33.959,90.400,1308.047,13987.547
34.988,99.100,1308.086,13987.672
36.017,100.100,1308.086,13987.672
37.046,100.100,1324.004,14007.000
38.075,99.100,1393.973,14074.648
39.104,99.200,1393.973,14074.648
40.133,100.100,1393.973,14074.648
41.162,100.200,1393.973,14074.648
42.191,98.100,1393.973,14074.648
43.219,100.100,1478.809,15082.523
44.249,100.100,1481.871,15157.523
45.278,100.100,1481.871,15157.523
46.308,100.000,1488.059,15300.523
47.337,100.100,1495.535,15472.523
48.366,632.500,1926.289,15356.148
49.395,100.100,1943.043,15373.148
50.424,99.100,2186.926,15628.148
51.453,101.000,2479.285,15934.148
52.483,99.100,2526.930,15984.148
53.513,100.000,2812.254,16280.648
54.541,100.100,2831.285,16300.648
55.571,99.100,2845.520,16300.648
56.600,101.100,2865.371,16300.648
57.629,100.100,2885.324,16319.648
58.658,100.100,2907.238,16342.648
59.688,100.000,3199.340,16647.648
60.717,99.100,3306.930,16759.648
61.746,100.100,3437.996,16896.648
62.775,99.100,3728.293,17200.648
63.803,100.100,3812.340,17288.648
64.833,100.100,3963.160,17445.648
65.861,100.100,4250.363,17745.648
66.890,100.100,4419.230,17922.648
67.920,100.100,4485.230,17991.648
68.949,100.000,4774.496,18293.648
69.978,100.100,5064.789,18596.648
71.007,100.100,5147.395,18682.648
72.036,100.100,5298.105,18840.648
73.065,100.100,5588.402,19143.648
74.094,100.100,5878.699,19447.648
75.123,99.200,6021.012,19595.648
76.152,100.100,6109.441,19688.648
77.180,100.100,6399.223,19991.648
78.209,100.100,6689.004,20293.648
79.238,100.100,6978.785,20596.648
80.267,99.100,7069.500,20691.648
81.296,100.100,7205.488,20833.648
82.325,100.100,7493.980,21135.648
83.354,100.100,7781.957,21435.648
84.382,100.100,8073.027,21739.648
85.411,99.100,8327.488,22005.648
86.441,100.100,8327.488,22005.648
87.470,101.000,8589.906,22280.648
88.499,99.200,8879.152,22582.648
89.529,100.000,9395.715,23411.445
90.558,99.100,9732.496,23419.578
91.587,101.100,9732.496,23419.578
92.617,99.100,10411.078,24097.875
93.646,102.000,10960.059,24651.672
94.675,101.100,11527.156,25190.391
95.704,99.100,11950.188,25429.105
96.733,100.100,11146.277,24568.816
97.762,100.100,11173.156,24568.816
98.791,100.100,11175.605,24568.816
99.821,100.100,11175.605,24568.816
100.849,99.200,12287.930,25924.207
101.877,100.200,13208.871,26601.855
102.906,103.000,13802.957,27232.742
103.935,99.100,14079.402,27463.688
104.964,101.100,13555.793,26944.414
105.993,99.100,13561.902,26944.414
107.022,100.100,13561.902,26944.414
108.051,100.100,13561.902,26944.414
109.080,100.100,14239.551,27622.062
110.108,99.200,14767.004,28299.711
111.138,100.100,15255.004,28977.359
112.167,100.100,15945.004,29655.008
113.196,99.100,16398.902,29781.480
114.225,100.100,14918.715,28299.711
115.255,99.000,15299.059,28679.699
116.284,101.100,15335.953,28720.352
117.313,99.100,14279.641,27662.715
118.342,100.100,14280.410,27662.715
119.372,100.000,14282.246,27662.715
120.401,100.100,14426.168,27821.172
121.429,97.200,14497.660,27890.406
122.459,101.100,14502.121,27890.406
123.487,99.100,14506.414,27890.992
124.516,4484.000,14519.305,28175.297
125.545,100.100,14652.613,28306.621
126.573,100.100,14652.613,28306.621
127.602,99.200,14652.711,28306.621
128.630,2953.200,14652.711,28306.621
129.659,100.100,14550.699,28204.609
130.687,100.100,14550.699,28204.723
131.716,1638.000,14550.723,28204.723
132.745,99.200,14626.867,28280.855
133.773,100.200,14626.867,28280.855
134.802,99.100,14626.867,28280.855
135.831,2737.200,14627.219,28280.855
136.860,99.100,14924.605,28578.238
137.884,100.600,14924.605,28578.238
138.913,100.100,14924.605,28578.238
139.941,2736.700,14954.410,28824.234
140.971,100.100,15087.246,28740.875
141.999,99.200,15087.246,28740.875
143.028,100.100,15087.246,28740.875
144.057,2737.900,15087.246,28740.875
145.086,95.300,15753.914,29266.242
146.116,93.300,15850.289,29362.566
147.144,100.100,14958.617,28470.895
148.173,99.100,14958.617,28470.895
149.203,100.000,14958.617,28470.895
150.232,101.100,15018.023,28531.895
151.261,99.200,15019.441,28531.895
152.289,100.100,15019.445,28531.895
153.318,100.100,15019.445,28531.895
154.347,100.100,15024.594,28536.895
155.376,100.100,15024.664,28536.895
156.405,100.100,15024.664,28536.895
157.434,100.100,15029.180,28541.895
158.463,99.100,15029.297,28541.895
159.492,100.100,15029.324,28541.895
160.520,100.100,15039.797,28552.895
161.550,100.000,15040.523,28552.895
162.579,100.100,15040.605,28552.895
163.607,100.100,15040.770,28552.895
164.636,100.100,15040.770,28552.895
165.665,100.100,15040.770,28552.895
166.694,99.200,15040.770,28552.895
167.722,101.100,15045.871,28557.895
168.751,100.100,15045.914,28557.895
169.780,100.100,15045.914,28557.895
170.809,100.100,15045.996,28557.895
171.838,99.200,15046.219,28558.895
172.866,100.200,15046.219,28558.895
173.895,100.100,15046.266,28558.895
174.924,100.100,15046.266,28558.895
175.953,100.100,15046.266,28558.895
176.982,100.100,15046.266,28558.895
178.011,100.100,15049.160,28561.895
179.040,100.100,15049.160,28561.895
180.069,100.100,15049.223,28561.895
181.098,99.100,15049.293,28561.895
182.127,100.100,15049.293,28561.895
183.156,100.100,15049.293,28561.895
184.184,100.100,15049.293,28561.895
185.213,100.100,15064.496,28576.895
186.241,100.100,15064.496,28576.895
187.271,100.000,15064.621,28576.895
188.300,100.100,15064.828,28576.895
189.329,100.100,15064.828,28576.895
190.358,99.100,15064.828,28576.895
191.387,100.100,15064.836,28576.895
192.416,100.100,15064.836,28576.895
193.445,100.100,15064.836,28576.895
194.473,100.100,15064.836,28576.895
195.502,100.100,15064.836,28576.895
196.531,100.100,15064.836,28576.895
197.560,99.100,15064.836,28576.895
198.589,101.100,15068.820,28580.895
199.618,100.100,15068.820,28580.895
200.647,100.000,13976.285,27488.328
201.677,100.100,13976.418,27488.328
202.706,100.100,13976.418,27488.328
203.734,100.100,13976.418,27488.328
204.763,99.100,13976.418,27488.328
205.792,100.100,13976.418,27488.328
206.821,100.100,13976.418,27488.328
207.850,100.100,13976.418,27488.328
208.877,100.300,13976.418,27488.328
209.906,100.000,13976.418,27488.328
210.935,100.100,13976.418,27488.328
211.964,99.100,13976.418,27488.328
212.993,100.100,13976.418,27488.328
214.021,100.100,13976.418,27488.328
215.050,100.100,13997.398,27510.328
216.079,100.100,13997.398,27510.328
217.108,100.100,13997.648,27510.328
218.136,100.100,13998.152,27510.328
219.165,99.100,13998.152,27510.328
220.194,100.100,13998.152,27510.328
221.223,100.100,13998.152,27510.328
222.252,100.100,13998.152,27510.328
223.281,100.100,13998.152,27510.328
224.309,100.100,13998.152,27510.328
225.338,100.100,13998.152,27510.328
226.367,100.100,13998.152,27510.328
227.395,100.100,13998.152,27510.328
228.424,100.100,13998.152,27510.328
229.453,100.100,13998.152,27510.328
230.482,100.100,13998.379,27510.328
231.511,100.100,13998.379,27510.328
232.540,100.100,13998.379,27510.328
233.569,100.100,13998.379,27510.328
234.597,99.200,13998.410,27510.328
235.626,100.100,13998.410,27510.328
236.655,100.100,13998.410,27510.328
237.684,100.100,13998.410,27510.328
238.712,100.100,13998.410,27510.328
239.742,100.100,13998.410,27510.328
240.771,100.100,13998.410,27510.328
241.799,100.100,13998.410,27510.328
242.828,99.100,13998.410,27510.328
243.857,100.100,13998.410,27510.328
244.885,100.300,13998.410,27510.328
245.913,100.100,13998.410,27510.328
246.942,100.100,13998.410,27510.328
247.972,100.000,13998.480,27510.328
249.001,100.100,13998.480,27510.328
250.030,100.100,13998.480,27510.328
251.059,99.200,13998.480,27510.328
252.088,100.100,14002.891,27515.328
253.116,100.100,14002.891,27515.328
254.145,100.100,14002.891,27515.328
255.174,100.100,14011.703,27524.328
256.203,100.100,14011.805,27524.328
257.232,100.100,14011.805,27524.328
258.261,100.100,14011.996,27524.328
259.289,99.100,14036.668,27549.328
260.318,100.100,14036.668,27549.328
261.347,100.100,14036.789,27549.328
262.376,100.100,14037.191,27549.328
263.405,100.100,14037.191,27549.328
264.434,100.100,14037.191,27549.328
265.462,100.100,14037.191,27549.328
266.491,100.100,14037.191,27549.328
267.520,100.100,14037.191,27549.328
268.549,99.100,14037.191,27549.328
269.578,100.100,14064.125,27577.328
270.607,101.100,14064.164,27577.328
271.636,100.100,14064.191,27577.328
272.665,100.100,14064.309,27577.328
273.693,100.100,14064.309,27577.328
274.722,100.100,14064.309,27577.328
275.751,100.100,14064.312,27577.328
276.780,99.200,14064.312,27577.328
277.809,100.100,14064.535,27577.328
278.837,100.100,14064.824,27577.328
279.866,100.200,14064.824,27577.328
280.894,100.100,14064.824,27577.328
281.923,99.100,14064.824,27577.328
282.952,100.100,14064.824,27577.328
283.981,100.100,14064.824,27577.328
285.009,100.100,14064.824,27577.328
286.038,100.100,14064.824,27577.328
287.067,100.100,14064.824,27577.328
288.095,99.100,14064.824,27577.328
289.124,101.100,14064.824,27577.328
290.153,100.100,14064.824,27577.328
291.182,100.100,14064.824,27577.328
292.211,100.100,14064.824,27577.328
293.240,100.100,14064.824,27577.328
294.269,100.100,14064.824,27577.328
295.297,99.200,14064.824,27577.328
296.326,100.100,14064.824,27577.328
297.355,100.100,14064.824,27577.328
298.384,100.100,14064.824,27577.328
299.413,100.000,14064.824,27577.328
300.442,100.100,14064.824,27577.328
301.471,100.100,14064.824,27577.328
302.499,100.100,14064.824,27577.328
303.528,99.200,14064.824,27577.328
304.557,100.100,14064.824,27577.328
305.586,100.100,14064.824,27577.328
306.615,100.100,14064.824,27577.328
307.643,99.200,14064.824,27577.328
308.673,100.100,14064.824,27577.328
309.702,100.100,14064.824,27577.328
310.731,100.100,14064.824,27577.328
311.759,100.100,14064.824,27577.328
312.788,100.100,14064.824,27577.328
313.817,100.100,14064.824,27577.328
314.845,100.100,14064.824,27577.328
315.873,100.300,14064.824,27577.328
316.901,100.100,14064.824,27577.328
317.930,100.100,14064.824,27577.328
318.959,100.100,14064.824,27577.328
319.988,100.100,14064.824,27577.328
321.017,99.100,14064.824,27577.328
322.046,100.100,14064.824,27577.328
323.075,100.100,14064.824,27577.328
324.104,100.100,14064.824,27577.328
325.132,100.100,14064.824,27577.328
326.161,100.100,14064.824,27577.328
327.190,100.100,14064.824,27577.328
328.219,99.100,14064.824,27577.328
329.249,100.100,14064.824,27577.328
330.278,100.100,14064.824,27577.328
331.307,100.100,14064.824,27577.328
332.335,100.100,14064.824,27577.328
333.364,101.100,14064.824,27577.328
334.393,100.100,14064.824,27577.328
335.422,99.100,14064.824,27577.328
336.450,100.100,14064.824,27577.328
337.479,100.100,14064.824,27577.328
338.508,100.100,14064.824,27577.328
339.537,100.100,14064.824,27577.328
340.565,100.100,14064.824,27577.328
341.594,100.100,14064.824,27577.328
342.623,100.100,14064.824,27577.328
343.652,100.100,14064.824,27577.328
344.681,99.100,14064.824,27577.328
345.710,100.100,14064.824,27577.328
346.739,100.100,14064.824,27577.328
347.768,100.100,14064.824,27577.328
348.797,100.100,14064.824,27577.328
349.826,100.100,14064.824,27577.328
350.855,100.100,14064.824,27577.328
351.882,100.300,14064.824,27577.328
352.911,100.100,14064.824,27577.328
353.940,99.100,14064.824,27577.328
354.969,100.100,14064.824,27577.328
355.997,100.100,14064.824,27577.328
357.026,100.100,14064.824,27577.328
358.055,100.100,14064.824,27577.328
359.084,100.100,14064.824,27577.328
360.114,100.000,14064.824,27577.328
361.143,100.100,14064.824,27577.328
362.172,100.100,14064.824,27577.328
363.201,100.100,14064.824,27577.328
364.229,99.100,14064.824,27577.328
365.258,100.100,14064.824,27577.328
366.287,100.100,14064.824,27577.328
367.316,100.100,14064.824,27577.328
368.344,100.100,14064.824,27577.328
369.374,100.000,14064.824,27577.328
370.403,100.100,14064.824,27577.328
371.432,100.100,14064.824,27577.328
372.460,100.100,14064.824,27577.328
373.489,100.100,14064.824,27577.328
374.518,99.100,14064.824,27577.328
375.547,100.100,14064.824,27577.328
376.575,100.100,14064.824,27577.328
377.604,100.100,14064.824,27577.328
378.633,100.100,14064.824,27577.328
379.662,100.000,14064.824,27577.328
380.691,100.100,14064.824,27577.328
381.720,100.100,14064.824,27577.328
382.749,100.100,14064.824,27577.328
383.778,99.200,14064.824,27577.328
384.806,101.100,14064.824,27577.328
385.835,99.100,14064.824,27577.328
386.864,100.100,14064.824,27577.328
387.893,100.100,14064.824,27577.328
388.921,100.100,14064.824,27577.328
389.951,100.000,14064.824,27577.328
390.980,100.100,14064.824,27577.328
392.009,100.100,14064.824,27577.328
393.037,100.100,14064.824,27577.328
394.066,100.100,14064.824,27577.328
395.095,99.200,14064.824,27577.328
396.123,100.100,14064.824,27577.328
397.152,100.100,14064.824,27577.328
398.181,100.100,14064.824,27577.328
399.210,100.100,14064.824,27577.328
400.239,99.200,14064.824,27577.328
401.267,101.100,14064.824,27577.328
402.296,99.100,14064.824,27577.328
403.325,101.100,14064.824,27577.328
404.354,100.100,14064.824,27577.328
405.383,100.100,14064.824,27577.328
406.412,100.100,14064.824,27577.328
407.441,99.100,14064.824,27577.328
408.469,100.100,14064.824,27577.328
409.498,100.100,14064.824,27577.328
410.527,100.100,14064.824,27577.328
411.556,100.100,14064.824,27577.328
412.585,99.100,14064.824,27577.328
413.614,100.100,14064.824,27577.328
414.644,100.100,14064.824,27577.328
415.672,100.100,14064.824,27577.328
416.701,101.100,14064.824,27577.328
417.730,99.100,14064.824,27577.328
418.759,100.100,14064.824,27577.328
419.788,100.100,14064.824,27577.328
420.818,100.100,14064.824,27577.328
421.847,100.100,14064.824,27577.328
422.874,99.300,14064.824,27577.328
423.903,101.100,14064.824,27577.328
424.932,99.100,14064.824,27577.328
425.961,100.100,14064.824,27577.328
426.990,100.100,14064.824,27577.328
428.018,100.100,14064.824,27577.328
429.048,100.100,14064.824,27577.328
430.077,100.000,14064.824,27577.328
431.106,101.100,14064.824,27577.328
432.135,99.100,14064.824,27577.328
433.164,100.100,14064.824,27577.328
434.193,100.100,14064.824,27577.328
435.221,100.100,14157.582,27670.129
436.250,99.100,14157.625,27670.129
437.279,101.100,14157.625,27670.129
438.308,100.100,14157.625,27670.129
439.337,100.100,14157.625,27670.129
440.365,99.200,14157.625,27670.129
441.394,100.100,14157.625,27670.129
442.423,100.100,14157.625,27670.129
443.452,100.100,14157.625,27670.129
444.481,100.100,14157.625,27670.129
445.510,100.100,14157.625,27670.129
446.538,100.100,14157.625,27670.129
447.567,100.100,14157.625,27670.129
448.596,99.100,14157.625,27670.129
449.625,100.100,14157.625,27670.129
450.655,100.100,14157.625,27670.129
451.684,100.100,14157.625,27670.129
452.713,100.100,14157.625,27670.129
453.741,100.100,14157.625,27670.129
454.770,100.100,14157.625,27670.129
455.799,100.100,14157.625,27670.129
456.828,100.100,14157.625,27670.129
457.857,100.100,14157.625,27670.129
458.884,99.200,14157.625,27670.129
459.913,100.100,14157.625,27670.129
460.942,100.100,14157.625,27670.129
461.971,100.100,14157.625,27670.129
462.999,100.100,14157.625,27670.129
464.028,100.100,14157.625,27670.129
465.057,100.100,14157.625,27670.129
466.086,100.100,14157.625,27670.129
467.115,99.100,14157.625,27670.129
468.143,100.100,14157.625,27670.129
469.172,100.100,14157.625,27670.129
470.201,100.100,14157.625,27670.129
471.230,100.100,14157.625,27670.129
472.259,100.100,14157.625,27670.129
473.288,100.100,14157.625,27670.129
474.316,100.100,14157.625,27670.129
475.345,100.100,14157.625,27670.129
476.374,99.200,14157.625,27670.129
477.402,100.100,14157.625,27670.129
478.431,100.100,14157.625,27670.129
479.461,100.000,14157.625,27670.129
480.490,100.100,14157.625,27670.129
481.519,100.100,14157.625,27670.129
482.547,100.100,14157.625,27670.129
483.576,100.100,14157.625,27670.129
484.605,100.100,14157.625,27670.129
485.634,100.100,14157.625,27670.129
486.663,99.100,14157.625,27670.129
487.693,100.000,14157.625,27670.129
488.721,100.100,14157.625,27670.129
489.750,100.100,14157.625,27670.129
490.780,100.000,14157.625,27670.129
491.809,100.100,14157.625,27670.129
492.839,100.100,14157.625,27670.129
493.867,100.200,14157.625,27670.129
494.896,100.100,14157.625,27670.129
495.925,100.100,14157.625,27670.129
496.954,100.100,14157.625,27670.129
497.982,100.100,14157.625,27670.129
499.011,99.100,14157.625,27670.129
500.040,100.100,14157.625,27670.129
501.069,100.100,14157.625,27670.129
502.098,100.100,14157.625,27670.129
503.127,100.100,14157.625,27670.129
504.156,100.100,14157.625,27670.129
505.185,100.100,14157.625,27670.129
506.214,100.100,14157.625,27670.129
507.243,100.100,14157.625,27670.129
508.272,100.100,14157.625,27670.129
509.301,100.000,14157.625,27670.129
510.330,100.100,14157.625,27670.129
511.359,99.100,14157.625,27670.129
512.387,101.100,14157.625,27670.129
513.416,100.100,14157.625,27670.129
514.445,100.100,14157.625,27670.129
515.474,99.100,14157.625,27670.129
516.503,101.100,14157.625,27670.129
517.532,99.100,14157.625,27670.129
518.560,100.100,14157.625,27670.129
519.589,100.100,14157.625,27670.129
520.618,100.100,14157.625,27670.129
521.647,99.100,14157.625,27670.129
522.676,101.100,14157.625,27670.129
523.705,99.100,14157.625,27670.129
524.734,100.100,14157.625,27670.129
525.763,100.100,14157.625,27670.129
526.792,101.100,14157.625,27670.129
527.821,99.100,14157.625,27670.129
528.849,100.100,14157.625,27670.129
529.877,99.300,14157.625,27670.129
530.906,101.100,14157.625,27670.129
531.935,99.100,14157.625,27670.129
532.964,101.100,14157.625,27670.129
533.993,100.100,14157.625,27670.129
535.022,99.100,14157.625,27670.129
536.051,101.100,14157.625,27670.129
537.080,100.100,14157.625,27670.129
538.109,99.100,14157.625,27670.129
539.138,100.100,14157.625,27670.129
540.167,100.000,14157.625,27670.129
541.196,100.100,14157.625,27670.129
542.225,100.100,14157.625,27670.129
543.254,100.100,14157.625,27670.129
544.283,99.100,14157.625,27670.129
545.313,101.000,14157.625,27670.129
546.342,100.100,14157.625,27670.129
547.370,99.100,14157.625,27670.129
548.399,100.100,14157.625,27670.129
549.428,100.100,14157.625,27670.129
550.457,101.100,14157.625,27670.129
551.487,99.100,14157.625,27670.129
552.516,100.100,14157.625,27670.129
553.545,100.100,14157.625,27670.129
554.574,100.100,14157.625,27670.129
555.603,100.100,14157.625,27670.129
556.631,100.100,14157.625,27670.129
557.660,100.100,14157.625,27670.129
558.689,100.100,14157.625,27670.129
559.718,99.100,14157.625,27670.129
560.747,101.100,14157.625,27670.129
561.776,99.100,14157.625,27670.129
562.805,101.100,14157.625,27670.129
563.834,99.200,14157.625,27670.129
564.863,100.100,14157.625,27670.129
565.890,100.200,14157.625,27670.129
566.919,100.100,14157.625,27670.129
567.948,99.200,14157.625,27670.129
568.977,101.100,14157.625,27670.129
570.006,100.000,14157.625,27670.129
571.035,99.100,14157.625,27670.129
572.064,100.100,14157.625,27670.129
573.093,100.100,14157.625,27670.129
574.121,100.100,14157.625,27670.129
575.150,100.100,14157.625,27670.129
576.179,100.100,14157.625,27670.129
577.208,99.100,14157.625,27670.129
578.237,101.100,14157.625,27670.129
579.266,100.000,14157.625,27670.129
580.296,99.100,14157.625,27670.129
581.324,100.100,14157.625,27670.129
582.354,101.000,14157.625,27670.129
583.383,99.100,14157.625,27670.129
584.412,100.100,14157.625,27670.129
585.441,100.100,14157.625,27670.129
586.469,100.100,14157.625,27670.129
587.498,100.100,14157.625,27670.129
588.527,100.100,14157.625,27670.129
589.557,100.000,14157.625,27670.129
590.586,100.100,14157.625,27670.129
591.615,100.100,14157.625,27670.129
592.643,99.100,14157.625,27670.129
593.672,100.100,14157.625,27670.129
594.701,100.100,14157.625,27670.129
595.730,100.100,14157.625,27670.129
596.760,100.100,14157.625,27670.129
597.788,100.100,14157.625,27670.129
598.817,100.100,14157.625,27670.129
599.847,100.000,14157.625,27670.129
600.875,100.200,14157.625,27670.129
601.903,99.200,14157.625,27670.129
602.932,101.100,14157.625,27670.129
603.962,99.100,14157.625,27670.129
604.990,100.100,14157.625,27670.129
606.019,100.100,14157.625,27670.129
607.048,100.100,14157.625,27670.129
608.077,100.100,14157.625,27670.129
609.106,100.100,14157.625,27670.129
610.135,100.100,14157.625,27670.129
611.164,100.100,14157.625,27670.129
612.193,100.000,14157.625,27670.129
613.222,100.100,14157.625,27670.129
614.251,100.100,14157.625,27670.129
615.280,100.100,14157.625,27670.129
616.309,100.100,14157.625,27670.129
617.338,100.100,14157.625,27670.129
618.367,99.100,14157.625,27670.129
619.396,100.100,14157.625,27670.129
620.425,100.100,14157.625,27670.129
621.454,100.100,14157.625,27670.129
622.483,100.100,14157.625,27670.129
623.511,100.100,14157.625,27670.129
624.540,100.100,14157.625,27670.129
625.569,100.100,14157.625,27670.129
626.598,99.100,14157.625,27670.129
627.627,100.100,14157.625,27670.129
628.656,101.100,14157.625,27670.129
629.685,100.000,14157.625,27670.129
630.715,99.100,14157.625,27670.129
631.744,100.100,14157.625,27670.129
632.772,101.100,14157.625,27670.129
633.801,99.100,14157.625,27670.129
634.830,100.100,14157.625,27670.129
635.859,100.100,14157.625,27670.129
636.887,99.300,14157.625,27670.129
637.915,100.100,14157.625,27670.129
638.944,101.100,14157.625,27670.129
639.973,99.100,14157.625,27670.129
641.002,100.100,14157.625,27670.129
642.031,100.100,14157.625,27670.129
643.060,100.100,14157.625,27670.129
644.090,100.100,14061.285,27573.789
645.118,100.100,14061.285,27573.789
646.148,99.100,14061.285,27573.789
647.176,101.100,14061.285,27573.789
648.205,99.100,14061.285,27573.789
649.234,101.100,14061.285,27573.789
650.263,99.100,14061.285,27573.789
651.292,101.100,14061.285,27573.789
652.321,99.100,14061.285,27573.789
653.350,100.100,14061.285,27573.789
654.379,100.100,14061.285,27573.789
655.408,100.100,14061.285,27573.789
656.437,100.100,14061.285,27573.789
657.466,100.100,14061.285,27573.789
658.495,99.200,14061.285,27573.789
659.524,101.000,14061.285,27573.789
660.554,100.100,14061.285,27573.789
661.583,100.100,14061.285,27573.789
662.611,99.100,14061.285,27573.789
663.641,100.100,14061.285,27573.789
664.670,100.100,14061.285,27573.789
665.699,101.100,14061.285,27573.789
666.727,99.100,14061.285,27573.789
667.756,100.100,14061.285,27573.789
668.785,100.100,14061.285,27573.789
669.814,100.100,14061.285,27573.789
670.843,100.100,14061.285,27573.789
671.870,100.200,14061.285,27573.789
672.900,100.000,14061.285,27573.789
673.929,100.100,14061.285,27573.789
674.958,99.100,14061.285,27573.789
675.987,101.100,14061.285,27573.789
677.016,99.100,14061.285,27573.789
678.045,100.100,14061.285,27573.789
679.073,100.100,14061.285,27573.789
680.102,100.100,14061.285,27573.789
681.131,100.100,14061.285,27573.789
682.160,100.100,14061.285,27573.789
683.189,100.100,14061.285,27573.789
684.218,100.100,14061.285,27573.789
685.247,99.100,14061.285,27573.789
686.276,100.100,14061.285,27573.789
687.305,100.100,14061.285,27573.789
688.334,100.100,14061.285,27573.789
689.364,101.000,14061.285,27573.789
690.393,99.100,14061.285,27573.789
691.422,100.100,14061.285,27573.789
692.450,100.100,14061.285,27573.789
693.479,100.100,14061.285,27573.789
694.508,99.100,14061.285,27573.789
695.537,100.100,14061.285,27573.789
696.566,101.000,14061.285,27573.789
697.595,100.100,14061.285,27573.789
698.624,100.100,14061.285,27573.789
699.653,99.100,14061.285,27573.789
700.682,100.100,14061.285,27573.789
701.711,100.100,14061.285,27573.789
702.740,100.100,14061.285,27573.789
703.769,100.100,14061.285,27573.789
704.797,100.100,14061.285,27573.789
705.826,100.100,14061.285,27573.789
706.855,99.100,14061.285,27573.789
707.883,101.200,14061.285,27573.789
708.911,100.100,14061.285,27573.789
709.940,99.100,14061.285,27573.789
710.969,100.100,14061.285,27573.789
711.998,100.100,14061.285,27573.789
713.027,100.100,14061.285,27573.789
714.056,100.100,14061.285,27573.789
715.085,100.100,14061.285,27573.789
716.115,100.100,14061.285,27573.789
717.144,100.100,14061.285,27573.789
718.173,100.100,14061.285,27573.789
719.202,99.100,14061.285,27573.789
720.231,101.000,14061.285,27573.789
721.260,100.100,14160.934,27673.438
722.289,99.100,14160.934,27673.438
723.318,100.100,14160.934,27673.438
724.346,100.100,14160.934,27673.438
725.375,100.100,14160.934,27673.438
726.404,100.100,14160.934,27673.438
727.433,100.100,14160.934,27673.438
728.462,99.200,14160.934,27673.438
729.491,101.100,14160.934,27673.438
730.519,100.100,14160.934,27673.438
731.549,100.100,14160.934,27673.438
732.577,99.200,14160.934,27673.438
733.607,100.000,14160.934,27673.438
734.636,100.100,14160.934,27673.438
735.665,100.100,14160.934,27673.438
736.693,100.100,14160.934,27673.438
737.722,100.100,14160.934,27673.438
738.751,100.100,14160.934,27673.438
739.780,100.100,14160.934,27673.438
740.809,99.100,14160.934,27673.438
741.838,101.100,14160.934,27673.438
742.867,100.100,14160.934,27673.438
743.895,100.100,14160.934,27673.438
744.924,100.100,14160.934,27673.438
745.953,99.100,14160.934,27673.438
746.982,100.100,14160.934,27673.438
748.011,100.100,14160.934,27673.438
749.039,100.100,14160.934,27673.438
750.069,99.100,14160.934,27673.438
751.098,100.100,14160.934,27673.438
752.126,101.100,14160.934,27673.438
753.155,99.200,14160.934,27673.438
754.184,100.100,14160.934,27673.438
755.212,101.100,14160.934,27673.438
756.241,99.200,14160.934,27673.438
757.270,99.200,14160.934,27673.438
758.299,101.100,14160.934,27673.438
759.328,99.100,14160.934,27673.438
760.357,101.100,14160.934,27673.438
761.386,100.100,14160.934,27673.438
762.415,100.100,14160.934,27673.438
763.444,99.100,14160.934,27673.438
764.472,100.100,14160.934,27673.438
765.501,100.100,14160.934,27673.438
766.530,101.100,14160.934,27673.438
767.559,99.100,14160.934,27673.438
768.587,100.100,14160.934,27673.438
769.616,100.100,14160.934,27673.438
770.645,99.100,14160.934,27673.438
771.674,101.100,14160.934,27673.438
772.703,100.100,14160.934,27673.438
773.732,99.100,14160.934,27673.438
774.761,100.100,14160.934,27673.438
775.789,101.100,14160.934,27673.438
776.818,100.100,14160.934,27673.438
777.847,99.100,14160.934,27673.438
778.874,100.300,14160.934,27673.438
779.904,100.100,14160.934,27673.438
780.933,100.100,14160.934,27673.438
781.961,99.200,14160.934,27673.438
782.990,101.100,14162.598,27674.438
784.019,99.200,14162.598,27674.438
785.048,100.100,14162.633,27674.438
786.077,101.100,14162.664,27674.438
787.106,99.100,14162.664,27674.438
788.134,100.100,14162.664,27674.438
789.163,100.100,14162.664,27674.438
790.192,99.100,14191.004,27704.438
791.221,100.100,14191.074,27704.438
792.250,100.100,14191.285,27704.438
793.279,101.100,14191.938,27704.438
794.308,99.100,14191.938,27704.438
795.337,101.100,14191.938,27704.438
796.365,99.200,14191.938,27704.438
797.394,100.100,14191.945,27704.438
798.423,100.100,14191.945,27704.438
799.452,100.100,14191.945,27704.438
800.481,99.100,14191.945,27704.438
801.510,101.100,14191.945,27704.438
802.539,100.100,14191.945,27704.438
803.568,99.100,14191.945,27704.438
804.596,100.100,14191.945,27704.438
805.625,100.100,14191.945,27704.438
806.654,100.100,14191.945,27704.438
807.683,100.100,14191.945,27704.438
808.712,100.100,14191.945,27704.438
809.741,100.100,14191.945,27704.438
810.770,100.100,14191.945,27704.438
811.799,99.100,14191.945,27704.438
812.828,101.100,14191.945,27704.438
813.857,99.100,14191.945,27704.438
814.884,100.200,14191.945,27704.438
815.913,101.100,14191.945,27704.438
816.942,99.200,14191.945,27704.438
817.971,100.100,14191.945,27704.438
819.000,100.100,14191.945,27704.438
820.028,100.100,14191.945,27704.438
821.057,99.200,14191.945,27704.438
822.086,100.100,14191.945,27704.438
823.115,101.100,14191.945,27704.438
824.144,99.200,14191.945,27704.438
825.172,101.100,14191.945,27704.438
826.201,100.100,14191.945,27704.438
827.230,99.200,14191.945,27704.438
828.259,100.100,14191.945,27704.438
829.287,99.200,14191.945,27704.438
830.316,101.100,14191.945,27704.438
831.345,100.100,14191.945,27704.438
832.374,99.100,14191.945,27704.438
833.403,100.100,14191.945,27704.438
834.431,100.100,14191.945,27704.438
835.460,100.100,14191.945,27704.438
836.489,100.100,14191.945,27704.438
837.518,100.100,14191.945,27704.438
838.547,100.100,14191.945,27704.438
839.576,100.000,14191.945,27704.438
840.605,100.100,14191.945,27704.438
841.634,100.100,14191.945,27704.438
842.663,100.100,14191.945,27704.438
843.692,99.100,14191.945,27704.438
844.721,100.100,14191.945,27704.438
845.750,100.100,14191.945,27704.438
846.779,101.100,14191.945,27704.438
847.808,99.100,14191.945,27704.438
848.838,100.100,14191.945,27704.438
849.866,100.100,14191.945,27704.438
850.895,100.100,14191.945,27704.438
851.924,100.100,14191.945,27704.438
852.952,100.100,14191.945,27704.438
853.982,99.100,14191.945,27704.438
855.011,101.000,14191.945,27704.438
856.040,100.100,14191.945,27704.438
857.069,100.100,14191.945,27704.438
858.098,100.100,14191.945,27704.438
859.127,99.100,14191.945,27704.438
860.156,100.100,14191.945,27704.438
861.186,101.000,14191.945,27704.438
862.215,99.100,14191.945,27704.438
863.244,100.100,14191.945,27704.438
864.273,100.100,14191.945,27704.438
865.302,99.100,14191.945,27704.438
866.331,101.100,14191.945,27704.438
867.360,99.100,14191.945,27704.438
868.389,100.100,14191.945,27704.438
869.418,101.000,14191.945,27704.438
870.448,99.100,14191.945,27704.438
871.476,100.100,14191.945,27704.438
872.505,101.100,14191.945,27704.438
873.534,99.100,14191.945,27704.438
874.563,100.100,14191.945,27704.438
875.592,100.100,14191.945,27704.438
876.621,100.100,14191.945,27704.438
877.650,100.100,14191.945,27704.438
878.679,99.200,14191.945,27704.438
879.708,100.100,14191.945,27704.438
880.736,101.100,14191.945,27704.438
881.765,99.100,14191.945,27704.438
882.794,100.100,14191.945,27704.438
883.823,100.100,14191.945,27704.438
884.852,100.100,14191.945,27704.438
885.880,100.200,14191.945,27704.438
886.909,100.100,14191.945,27704.438
887.938,99.100,14191.945,27704.438
888.967,101.100,14191.945,27704.438
889.995,100.100,14191.945,27704.438
891.024,100.100,14191.945,27704.438
892.053,99.100,14191.945,27704.438
893.082,100.100,14191.945,27704.438
894.111,101.100,14191.945,27704.438
895.140,99.200,14191.945,27704.438
896.169,100.100,14191.945,27704.438
897.198,100.100,14191.945,27704.438
898.227,100.100,14191.945,27704.438
899.255,100.100,14191.945,27704.438
900.285,100.100,14191.945,27704.438
901.314,99.100,14191.945,27704.438
902.343,101.100,14191.945,27704.438
903.372,100.100,14191.945,27704.438
904.401,99.100,14191.945,27704.438
905.429,101.100,14191.945,27704.438
906.458,99.100,14191.945,27704.438
907.487,100.100,14191.945,27704.438
908.516,100.100,14191.945,27704.438
909.545,100.100,14191.945,27704.438
910.574,100.100,14191.945,27704.438
911.603,100.100,14191.945,27704.438
912.631,99.100,14191.945,27704.438
913.660,100.100,14191.945,27704.438
914.689,101.100,14191.945,27704.438
915.718,100.100,14191.945,27704.438
916.747,99.100,14191.945,27704.438
917.776,100.100,14191.945,27704.438
918.805,100.100,14191.945,27704.438
919.834,100.100,14191.945,27704.438
920.862,100.100,14191.945,27704.438
921.890,100.200,14191.945,27704.438
922.918,99.200,14191.945,27704.438
923.947,100.100,14191.945,27704.438
924.976,100.100,14191.945,27704.438
926.004,100.100,14191.945,27704.438
927.033,100.100,14191.945,27704.438
928.062,100.100,14191.945,27704.438
929.090,99.200,14191.945,27704.438
930.120,101.000,14191.945,27704.438
931.149,100.100,14191.945,27704.438
932.178,100.100,14191.945,27704.438
933.207,100.100,14191.945,27704.438
934.235,99.200,14191.945,27704.438
935.264,101.100,14191.945,27704.438
936.293,100.100,14191.945,27704.438
937.322,99.200,14191.945,27704.438
938.351,100.100,14191.945,27704.438
939.380,100.100,14191.945,27704.438
940.408,100.100,14191.945,27704.438
941.437,100.100,14193.125,27705.438
942.466,99.100,14193.125,27705.438
943.495,100.100,14193.125,27705.438
944.524,101.100,14193.125,27705.438
945.552,99.100,14193.141,27705.438
946.581,100.100,14193.141,27705.438
947.610,100.100,14193.141,27705.438
948.639,100.100,14193.141,27705.438
949.667,100.100,14193.141,27705.438
950.696,100.100,14193.141,27705.438
951.725,100.100,14193.141,27705.438
952.754,100.100,14193.141,27705.438
953.783,99.200,14193.141,27705.438
954.812,101.100,14193.141,27705.438
955.841,99.100,14193.141,27705.438
956.869,101.100,14193.141,27705.438
957.898,99.100,14193.141,27705.438
958.927,100.100,14193.141,27705.438
959.956,100.100,14193.141,27705.438
960.985,99.100,14193.141,27705.438
962.014,100.100,14193.141,27705.438
963.043,101.100,14193.141,27705.438
964.072,100.100,14193.141,27705.438
965.100,99.100,14193.141,27705.438
966.129,100.100,14193.141,27705.438
967.158,100.100,14193.141,27705.438
968.187,100.100,14193.141,27705.438
969.215,100.100,14193.141,27705.438
970.244,100.100,14193.141,27705.438
971.273,100.100,14193.141,27705.438
972.302,100.100,14193.141,27705.438
973.331,100.100,14193.141,27705.438
974.360,99.200,14193.141,27705.438
975.389,100.100,14193.141,27705.438
976.418,101.000,14193.141,27705.438
977.447,100.100,14193.141,27705.438
978.476,99.100,14193.141,27705.438
979.505,100.100,14193.141,27705.438
980.535,100.100,14193.141,27705.438
981.563,100.100,14193.141,27705.438
982.593,100.100,14193.141,27705.438
983.621,100.100,14193.141,27705.438
984.650,100.100,14193.141,27705.438
985.679,99.100,14193.141,27705.438
986.708,100.100,14193.141,27705.438
987.737,100.100,14193.141,27705.438
988.766,100.100,14193.141,27705.438
989.795,100.100,14193.141,27705.438
990.824,100.100,14193.141,27705.438
991.853,100.100,14193.141,27705.438
992.880,99.300,14193.141,27705.438
993.909,100.100,14193.141,27705.438
994.938,100.100,14193.141,27705.438
995.967,100.100,14193.141,27705.438
996.995,101.100,14193.141,27705.438
998.024,100.100,14193.141,27705.438
999.053,99.200,14193.141,27705.438
1000.082,100.100,14193.141,27705.438
1001.111,100.100,14193.141,27705.438
1002.140,100.100,14193.141,27705.438
1003.168,100.100,14193.141,27705.438
1004.197,99.100,14193.141,27705.438
1005.226,100.100,14193.141,27705.438
1006.255,101.100,14193.141,27705.438
1007.284,100.100,14193.141,27705.438
1008.313,99.100,14193.141,27705.438
1009.342,100.100,14193.141,27705.438
1010.371,100.100,14193.141,27705.438
1011.400,100.100,14193.141,27705.438
1012.429,100.100,14193.141,27705.438
1013.458,99.100,14193.141,27705.438
1014.487,101.100,14193.141,27705.438
1015.516,100.100,14193.141,27705.438
1016.545,100.100,14221.391,27806.535
1017.574,100.100,14294.238,27806.535
1018.603,99.100,14294.238,27806.535
1019.632,101.000,14294.238,27806.535
1020.661,100.100,14294.238,27806.535
1021.690,100.100,14294.238,27806.535
1022.719,100.100,14294.238,27806.535
1023.747,99.200,14294.238,27806.535
1024.776,100.100,14294.238,27806.535
1025.805,100.100,14294.238,27806.535
1026.834,100.100,14294.238,27806.535
1027.863,99.100,14294.238,27806.535
1028.890,100.300,14294.238,27806.535
1029.919,101.100,14294.238,27806.535
1030.947,99.200,14294.238,27806.535
1031.976,100.100,14294.238,27806.535
1033.005,100.100,14294.238,27806.535
1034.034,100.100,14294.238,27806.535
1035.062,100.100,14294.238,27806.535
1036.091,100.100,14294.238,27806.535
1037.121,100.100,14294.238,27806.535
1038.149,99.200,14294.238,27806.535
1039.178,101.100,14294.238,27806.535
1040.207,99.100,14294.238,27806.535
1041.236,100.100,14294.238,27806.535
1042.265,100.100,14294.238,27806.535
1043.294,100.100,14294.238,27806.535
1044.322,100.100,14294.238,27806.535
1045.351,100.100,14294.238,27806.535
1046.380,100.100,14294.238,27806.535
1047.409,100.100,14294.238,27806.535
1048.438,100.100,14294.238,27806.535
1049.467,99.100,14294.238,27806.535
1050.496,100.100,14294.238,27806.535
1051.525,100.100,14294.238,27806.535
1052.554,100.100,14294.238,27806.535
1053.583,100.100,14294.238,27806.535
1054.612,99.100,14294.238,27806.535
1055.640,101.100,14294.238,27806.535
1056.669,99.100,14294.238,27806.535
1057.698,100.100,14294.238,27806.535
1058.727,101.100,14294.238,27806.535
1059.755,99.100,14294.238,27806.535
1060.784,100.100,14294.238,27806.535
1061.814,100.100,14294.238,27806.535
1062.843,100.100,14294.238,27806.535
1063.870,100.200,14294.238,27806.535
1064.899,100.100,14294.238,27806.535
1065.928,100.100,14294.238,27806.535
1066.957,99.200,14294.238,27806.535
1067.985,101.100,14294.238,27806.535
1069.014,100.100,14294.238,27806.535
1070.043,99.100,14294.238,27806.535
1071.072,100.100,14294.238,27806.535
1072.101,100.100,14294.238,27806.535
1073.129,100.100,14294.238,27806.535
1074.158,100.100,14294.238,27806.535
1075.187,100.100,14294.512,27806.535
1076.216,100.100,14294.512,27806.535
1077.244,100.100,14294.539,27806.535
1078.273,99.100,14294.539,27806.535
1079.303,100.000,14294.539,27806.535
1080.332,101.000,14294.539,27806.535
1081.361,100.100,14294.539,27806.535
1082.390,99.200,14294.539,27806.535
1083.418,100.100,14294.539,27806.535
1084.447,100.100,14294.539,27806.535
1085.476,100.100,14324.180,27837.535
1086.505,99.100,14328.879,27842.535
1087.534,101.100,14328.938,27842.535
1088.562,100.100,14329.145,27842.535
1089.591,99.200,14329.828,27842.535
1090.620,100.100,14329.828,27842.535
1091.649,100.100,14329.844,27842.535
1092.678,100.100,14329.867,27842.535
1093.706,100.100,14329.867,27842.535
1094.736,100.100,14137.418,27650.086
1095.765,100.000,14137.418,27650.086
1096.794,99.100,14137.418,27650.086
1097.824,101.000,14137.418,27650.086
1098.854,99.100,14137.418,27650.086
1099.881,101.200,14137.418,27650.086
1100.910,100.100,14137.418,27650.086
1101.939,100.100,14137.418,27650.086
1102.967,99.200,14137.418,27650.086
1103.996,100.100,14137.418,27650.086
1105.025,100.100,14137.418,27650.086
1106.054,100.100,14137.418,27650.086
1107.083,100.100,14137.418,27650.086
1108.112,100.100,14137.418,27650.086
1109.140,100.100,14137.418,27650.086
1110.170,100.000,14137.418,27650.086
1111.199,100.100,14137.418,27650.086
1112.228,99.100,14137.418,27650.086
1113.257,100.100,14137.418,27650.086
1114.286,100.100,14137.418,27650.086
1115.314,100.100,14137.418,27650.086
1116.343,101.100,14137.418,27650.086
1117.372,99.100,14137.418,27650.086
1118.401,100.100,14137.418,27650.086
1119.430,100.100,14137.418,27650.086
1120.459,99.200,14137.418,27650.086
1121.487,100.100,14137.418,27650.086
1122.517,101.000,14137.418,27650.086
1123.545,99.100,14137.418,27650.086
1124.574,100.100,14137.418,27650.086
1125.604,100.000,14137.418,27650.086
1126.633,100.100,14137.418,27650.086
1127.662,100.100,14137.418,27650.086
1128.691,100.100,14137.418,27650.086
1129.720,100.100,14137.418,27650.086
1130.748,100.100,14137.418,27650.086
1131.777,100.100,14137.418,27650.086
1132.806,100.100,14137.418,27650.086
1133.835,99.100,14137.418,27650.086
1134.864,101.100,14137.418,27650.086
1135.891,99.300,14137.418,27650.086
1136.920,100.100,14137.418,27650.086
1137.949,100.100,14137.418,27650.086
1138.977,100.100,14137.418,27650.086
1140.007,100.000,14137.418,27650.086
1141.036,100.100,14137.418,27650.086
1142.065,100.200,14137.418,27650.086
1143.093,100.100,14137.418,27650.086
1144.122,100.100,14137.418,27650.086
1145.151,100.100,14137.418,27650.086
1146.179,99.200,14137.418,27650.086
1147.208,100.100,14137.418,27650.086
1148.237,100.100,14137.418,27650.086
1149.266,100.100,14137.418,27650.086
1150.295,100.100,14137.418,27650.086
1151.323,99.200,14137.418,27650.086
1152.352,101.100,14137.418,27650.086
1153.381,100.100,14137.418,27650.086
1154.410,100.100,14137.418,27650.086
1155.439,99.100,14137.418,27650.086
1156.468,100.100,14137.418,27650.086
1157.497,100.100,14137.418,27650.086
1158.526,100.000,14137.418,27650.086
1159.555,100.100,14137.418,27650.086
1160.584,100.100,14137.418,27650.086
1161.612,100.100,14137.418,27650.086
1162.641,99.100,14137.418,27650.086
1163.670,101.100,14137.418,27650.086
1164.699,99.200,14137.418,27650.086
1165.727,100.100,14137.418,27650.086
1166.757,100.100,14137.418,27650.086
1167.785,100.100,14137.418,27650.086
1168.814,100.100,14137.418,27650.086
1169.844,100.000,14137.418,27650.086
1170.872,100.200,14137.418,27650.086
1171.900,100.100,14137.418,27650.086
1172.929,100.100,14137.418,27650.086
1173.958,100.100,14137.418,27650.086
1174.987,99.100,14137.418,27650.086
1176.015,101.100,14137.418,27650.086
1177.044,100.100,14137.418,27650.086
1178.073,99.200,14137.418,27650.086
1179.101,100.100,14137.418,27650.086
1180.131,100.000,14137.418,27650.086
1181.160,100.100,14137.418,27650.086
1182.189,100.100,14137.418,27650.086
1183.218,100.100,14137.418,27650.086
1184.247,99.100,14137.418,27650.086
1185.275,101.100,14137.418,27650.086
1186.304,99.100,14137.418,27650.086
1187.333,100.100,14137.418,27650.086
1188.362,100.100,14137.418,27650.086
1189.390,100.100,14137.418,27650.086
1190.419,100.100,14137.418,27650.086
1191.448,100.100,14137.418,27650.086
1192.476,100.200,14137.418,27650.086
1193.505,100.100,14137.418,27650.086
1194.534,99.200,14137.418,27650.086
1195.562,101.100,14137.418,27650.086
1196.591,99.100,14137.418,27650.086
1197.620,100.100,14137.418,27650.086
1198.649,100.100,14137.418,27650.086
1199.679,100.000,14137.418,27650.086
1200.708,100.100,14137.418,27650.086
1201.736,100.100,14137.418,27650.086
1202.765,100.100,14137.418,27650.086
1203.794,100.100,14137.418,27650.086
1204.823,100.100,14137.418,27650.086
1205.852,100.100,14137.418,27650.086
1206.879,99.300,14137.418,27650.086
1207.908,100.100,14137.418,27650.086
1208.936,100.100,14137.418,27650.086
1209.965,100.100,14137.418,27650.086
1210.994,100.100,14137.418,27650.086
1212.023,100.100,14137.418,27650.086
1213.052,99.100,14137.418,27650.086
1214.080,101.100,14137.418,27650.086
1215.109,100.100,14137.418,27650.086
1216.138,100.100,14137.418,27650.086
1217.167,99.200,14137.418,27650.086
1218.196,100.000,14137.418,27650.086
1219.226,100.100,14137.418,27650.086
1220.254,100.100,14137.418,27650.086
1221.283,100.100,14137.418,27650.086
1222.312,100.100,14137.418,27650.086
1223.341,99.200,14137.418,27650.086
1224.370,101.100,14137.418,27650.086
1225.399,99.100,14137.418,27650.086
1226.427,100.100,14137.418,27650.086
1227.456,100.100,14137.418,27650.086
1228.485,100.100,14137.418,27650.086
1229.514,100.100,14137.418,27650.086
1230.543,100.100,14137.418,27650.086
1231.572,100.100,14137.418,27650.086
1232.601,100.100,14137.418,27650.086
1233.630,100.100,14137.418,27650.086
1234.659,100.100,14137.418,27650.086
1235.688,100.100,14137.418,27650.086
1236.717,100.100,14137.418,27650.086
1237.746,100.100,14137.418,27650.086
1238.775,99.100,14137.418,27650.086
1239.805,101.100,14137.418,27650.086
1240.834,99.100,14137.418,27650.086
1241.862,100.100,14137.418,27650.086
1242.890,100.200,14137.418,27650.086
1243.919,100.100,14137.418,27650.086
1244.948,99.200,14137.418,27650.086
1245.977,100.100,14137.418,27650.086
1247.006,101.100,14137.418,27650.086
1248.034,100.100,14137.418,27650.086
1249.063,100.100,14137.418,27650.086
1250.093,99.100,14137.418,27650.086
1251.122,100.100,14137.418,27650.086
1252.151,101.100,14137.418,27650.086
1253.180,99.100,14137.418,27650.086
1254.209,100.100,14137.418,27650.086
1255.238,100.100,14137.418,27650.086
1256.267,100.100,14137.418,27650.086
1257.296,100.100,14137.418,27650.086
1258.325,100.100,14137.418,27650.086
1259.354,99.100,14137.418,27650.086
1260.384,100.100,14137.418,27650.086
1261.413,101.100,14137.418,27650.086
1262.441,100.100,14137.418,27650.086
1263.470,99.200,14137.418,27650.086
1264.499,101.100,14137.418,27650.086
1265.528,99.100,14137.418,27650.086
1266.557,100.100,14137.418,27650.086
1267.586,100.100,14137.418,27650.086
1268.615,100.100,14137.418,27650.086
1269.644,100.100,14137.418,27650.086
1270.673,100.100,14137.418,27650.086
1271.702,99.100,14137.418,27650.086
1272.730,100.100,14137.418,27650.086
1273.759,100.100,14137.418,27650.086
1274.789,101.100,14137.418,27650.086
1275.818,99.100,14137.418,27650.086
1276.847,100.100,14137.418,27650.086
1277.874,100.200,14137.418,27650.086
1278.903,100.100,14137.418,27650.086
1279.933,100.100,14137.418,27650.086
1280.961,100.100,14137.418,27650.086
1281.991,99.100,14137.418,27650.086
1283.019,100.100,14137.418,27650.086
1284.048,100.100,14137.418,27650.086
1285.077,100.100,14137.418,27650.086
1286.106,101.100,14137.418,27650.086
1287.135,99.100,14137.418,27650.086
1288.164,100.100,14137.418,27650.086
1289.193,100.100,14137.418,27650.086
1290.222,100.000,14137.418,27650.086
1291.252,100.100,14137.418,27650.086
1292.280,100.100,14137.418,27650.086
1293.309,100.100,14137.418,27650.086
1294.338,100.100,14137.418,27650.086
1295.367,99.200,14137.418,27650.086
1296.396,100.100,14137.418,27650.086
1297.424,100.100,14137.418,27650.086
1298.453,100.100,14137.418,27650.086
1299.482,100.100,14137.418,27650.086
1300.511,100.100,14137.418,27650.086
1301.540,100.100,14137.418,27650.086
1302.569,100.100,14137.418,27650.086
1303.598,100.100,14137.418,27650.086
1304.626,99.100,14137.418,27650.086
1305.655,100.100,14137.418,27650.086
1306.684,101.100,14137.418,27650.086
1307.714,99.100,14137.418,27650.086
1308.742,100.100,14137.418,27650.086
1309.772,101.100,14137.418,27650.086
1310.801,99.100,14137.418,27650.086
1311.830,100.100,14137.418,27650.086
1312.859,99.100,14137.418,27650.086
1313.886,101.200,14137.418,27650.086
1314.915,99.100,14141.961,27748.422
1315.944,101.000,14235.754,27748.422
1316.973,99.100,14235.754,27748.422
1318.002,101.100,14235.754,27748.422
1319.031,99.100,14235.754,27748.422
1320.061,100.000,14235.754,27748.422
1321.090,100.100,14235.754,27748.422
1322.119,100.100,14235.754,27748.422
1323.148,100.100,14235.754,27748.422
1324.177,99.100,14235.754,27748.422
1325.205,101.100,14235.754,27748.422
1326.234,100.100,14235.754,27748.422
1327.263,100.100,14235.754,27748.422
1328.292,99.100,14235.754,27748.422
1329.321,101.100,14235.754,27748.422
1330.350,99.100,14235.754,27748.422
1331.379,100.100,14235.754,27748.422
1332.408,100.100,14235.754,27748.422
1333.437,100.100,14235.754,27748.422
1334.466,100.100,14235.754,27748.422
1335.494,100.100,14235.754,27748.422
1336.523,100.100,14235.754,27748.422
1337.552,100.100,14235.754,27748.422
1338.581,100.100,14235.754,27748.422
1339.610,99.100,14235.754,27748.422
1340.640,100.000,14235.754,27748.422
1341.669,101.100,14235.754,27748.422
1342.698,99.100,14235.754,27748.422
1343.727,100.100,14235.754,27748.422
1344.756,100.100,14235.754,27748.422
1345.785,100.100,14235.754,27748.422
1346.814,100.100,14235.754,27748.422
1347.843,100.100,14235.754,27748.422
1348.871,100.200,14235.754,27748.422
1349.900,100.100,14235.754,27748.422
1350.929,100.100,14235.754,27748.422
1351.958,99.200,14235.754,27748.422
1352.987,100.100,14235.754,27748.422
1354.015,101.100,14235.754,27748.422
1355.044,99.100,14235.754,27748.422
1356.073,100.100,14235.754,27748.422
1357.102,100.100,14235.754,27748.422
1358.131,100.100,14235.754,27748.422
1359.160,100.100,14235.754,27748.422
1360.188,100.100,14235.754,27748.422
1361.217,99.100,14235.754,27748.422
1362.246,101.100,14235.754,27748.422
1363.275,99.100,14235.754,27748.422
1364.304,100.100,14235.754,27748.422
1365.333,100.100,14235.754,27748.422
1366.362,101.100,14235.754,27748.422
1367.391,100.100,14235.754,27748.422
1368.419,99.200,14235.754,27748.422
1369.448,100.100,14235.754,27748.422
1370.477,100.100,14235.754,27748.422
1371.505,100.100,14235.754,27748.422
1372.534,100.100,14235.754,27748.422
1373.563,100.100,14235.754,27748.422
1374.592,100.100,14235.754,27748.422
1375.621,99.100,14235.754,27748.422
1376.650,101.100,14235.754,27748.422
1377.679,100.100,14235.754,27748.422
1378.707,99.100,14235.754,27748.422
1379.737,101.000,14235.754,27748.422
1380.766,99.100,14235.754,27748.422
1381.795,100.100,14235.754,27748.422
1382.824,100.100,14235.754,27748.422
1383.852,100.100,14235.754,27748.422
1384.880,100.300,14235.754,27748.422
1385.908,99.200,14235.754,27748.422
1386.937,101.100,14235.754,27748.422
1387.966,99.200,14235.754,27748.422
1388.995,100.100,14235.754,27748.422
1390.023,100.100,14235.754,27748.422
1391.052,100.100,14235.754,27748.422
1392.081,100.100,14235.754,27748.422
1393.110,99.200,14235.754,27748.422
1394.139,100.100,14235.754,27748.422
1395.167,100.100,14235.754,27748.422
1396.196,100.100,14235.754,27748.422
1397.225,100.100,14235.754,27748.422
1398.254,100.100,14235.754,27748.422
1399.283,100.100,14235.754,27748.422
1400.312,100.100,14235.754,27748.422
1401.342,100.100,14235.754,27748.422
1402.370,100.100,14235.754,27748.422
1403.399,99.100,14235.754,27748.422
1404.428,100.100,14235.754,27748.422
1405.457,101.100,14235.754,27748.422
1406.486,99.100,14235.754,27748.422
1407.515,100.100,14235.754,27748.422
1408.543,100.100,14235.754,27748.422
1409.573,100.000,14235.754,27748.422
1410.602,100.100,14235.754,27748.422
1411.631,100.100,14235.754,27748.422
1412.659,99.100,14235.754,27748.422
1413.688,101.100,14235.754,27748.422
1414.717,99.200,14235.754,27748.422
1415.745,100.100,14235.754,27748.422
1416.774,101.100,14235.754,27748.422
1417.803,99.200,14235.754,27748.422
1418.832,100.100,14235.754,27748.422
1419.860,100.100,14235.754,27748.422
1420.888,100.200,14235.754,27748.422
1421.917,100.100,14235.754,27748.422
1422.945,99.200,14235.754,27748.422
1423.974,101.100,14235.754,27748.422
1425.003,99.100,14235.754,27748.422
1426.032,100.100,14235.754,27748.422
1427.060,100.100,14235.754,27748.422
1428.089,100.100,14235.754,27748.422
1429.118,100.100,14235.754,27748.422
1430.147,100.100,14235.754,27748.422
1431.176,100.100,14235.754,27748.422
1432.205,99.200,14235.754,27748.422
1433.233,101.100,14235.754,27748.422
1434.262,100.100,14235.754,27748.422
1435.291,100.100,14235.754,27748.422
1436.320,99.100,14235.754,27748.422
1437.349,100.100,14235.754,27748.422
1438.378,100.100,14235.754,27748.422
1439.407,100.100,14235.754,27748.422
1440.436,100.100,14235.754,27748.422
1441.465,100.100,14235.754,27748.422
1442.494,99.100,14235.754,27748.422
1443.523,101.100,14235.754,27748.422
1444.551,100.100,14235.754,27748.422
1445.580,99.100,14235.754,27748.422
1446.609,100.100,14235.754,27748.422
1447.638,100.100,14235.754,27748.422
1448.667,100.100,14235.754,27748.422
1449.697,100.100,14235.754,27748.422
1450.726,100.100,14235.754,27748.422
1451.755,100.100,14235.754,27748.422
1452.784,100.100,14235.754,27748.422
1453.813,100.100,14235.754,27748.422
1454.842,99.100,14235.754,27748.422
1455.870,101.100,14235.754,27748.422
1456.899,99.100,14235.754,27748.422
1457.928,100.100,14235.754,27748.422
1458.957,100.100,14235.754,27748.422
1459.986,100.100,14235.754,27748.422
1461.015,101.000,14235.754,27748.422
1462.045,99.100,14235.754,27748.422
1463.074,100.100,14235.754,27748.422
1464.103,100.100,14235.754,27748.422
1465.132,100.100,14235.754,27748.422
1466.161,100.100,14235.754,27748.422
1467.189,99.100,14235.754,27748.422
1468.218,100.100,14235.754,27748.422
1469.248,101.100,14235.754,27748.422
1470.277,99.100,14235.754,27748.422
1471.306,100.100,14235.754,27748.422
1472.335,100.100,14235.754,27748.422
1473.364,100.100,14235.754,27748.422
1474.393,101.100,14235.754,27748.422
1475.421,99.100,14235.754,27748.422
1476.450,100.100,14235.754,27748.422
1477.479,100.100,14235.754,27748.422
1478.508,100.100,14235.754,27748.422
1479.537,99.100,14235.754,27748.422
1480.566,100.100,14235.754,27748.422
1481.595,101.100,14235.754,27748.422
1482.624,99.200,14235.754,27748.422
1483.653,100.100,14235.754,27748.422
1484.682,101.100,14235.754,27748.422
1485.711,99.100,14235.754,27748.422
1486.740,100.100,14235.754,27748.422
1487.768,100.100,14235.754,27748.422
1488.797,100.100,14235.754,27748.422
1489.827,100.100,14235.754,27748.422
1490.855,100.100,14235.754,27748.422
1491.883,99.300,14235.754,27748.422
1492.912,101.100,14235.754,27748.422
1493.941,100.100,14235.754,27748.422
1494.970,99.100,14235.754,27748.422
1495.999,100.100,14235.754,27748.422
1497.027,100.100,14235.754,27748.422
1498.056,100.100,14235.754,27748.422
1499.085,100.100,14235.754,27748.422
1500.115,100.000,14235.754,27748.422
1501.144,100.100,14235.754,27748.422
1502.173,100.100,14235.754,27748.422
1503.202,99.100,14235.754,27748.422
1504.230,100.100,14235.754,27748.422
1505.259,101.100,14235.754,27748.422
1506.288,99.100,14235.754,27748.422
1507.317,100.100,14235.754,27748.422
1508.346,100.100,14235.754,27748.422
1509.375,100.100,14235.754,27748.422
1510.404,100.100,14235.754,27748.422
1511.432,100.100,14235.754,27748.422
1512.461,100.100,14235.754,27748.422
1513.490,100.100,14235.754,27748.422
1514.519,100.100,14235.754,27748.422
1515.548,99.200,14235.754,27748.422
1516.577,101.100,14235.754,27748.422
1517.606,100.100,14235.754,27748.422
1518.634,99.100,14235.754,27748.422
1519.663,100.100,14235.754,27748.422
1520.692,99.200,14235.754,27748.422
1521.721,101.100,14235.754,27748.422
1522.750,100.000,14235.754,27748.422
1523.779,100.100,14235.754,27748.422
1524.808,100.100,14235.754,27748.422
1525.837,99.100,14235.754,27748.422
1526.866,100.100,14235.754,27748.422
1527.894,100.100,14235.754,27748.422
1528.923,100.100,14235.754,27748.422
1529.953,100.000,14235.754,27748.422
1530.982,100.100,14235.754,27748.422
1532.011,100.200,14235.754,27748.422
1533.039,99.200,14235.754,27748.422
1534.068,101.100,14235.754,27748.422
1535.097,99.100,14235.754,27748.422
1536.125,101.100,14235.754,27748.422
1537.154,99.100,14235.754,27748.422
1538.183,100.100,14235.754,27748.422
1539.212,100.100,14235.754,27748.422
1540.241,101.100,14235.754,27748.422
1541.270,99.100,14235.754,27748.422
1542.299,100.100,14235.754,27748.422
1543.328,100.100,14235.754,27748.422
1544.357,100.100,14235.754,27748.422
1545.386,100.100,14235.754,27748.422
1546.415,100.100,14235.754,27748.422
1547.444,99.100,14235.754,27748.422
1548.472,100.100,14235.754,27748.422
1549.501,100.100,14235.754,27748.422
1550.530,100.100,14235.754,27748.422
1551.559,100.100,14235.754,27748.422
1552.588,100.100,14235.754,27748.422
1553.618,100.100,14134.656,27647.324
1554.647,100.100,14134.656,27647.324
1555.676,100.100,14134.656,27647.324
1556.704,99.100,14134.656,27647.324
1557.734,101.000,14134.656,27647.324
1558.763,100.100,14134.656,27647.324
1559.792,100.000,14134.656,27647.324
1560.821,99.100,14134.656,27647.324
1561.850,100.100,14134.656,27647.324
1562.878,100.300,14134.656,27647.324
1563.906,100.100,14134.656,27647.324
1564.935,100.100,14134.656,27647.324
1565.964,100.100,14134.656,27647.324
1566.993,100.100,14134.656,27647.324
1568.022,100.100,14134.656,27647.324
1569.050,100.100,14134.656,27647.324
1570.079,99.100,14134.656,27647.324
1571.108,101.100,14134.656,27647.324
1572.137,99.200,14134.656,27647.324
1573.165,100.100,14134.656,27647.324
1574.195,100.100,14134.656,27647.324
1575.223,100.100,14134.656,27647.324
1576.252,100.100,14134.656,27647.324
1577.281,99.100,14134.656,27647.324
1578.310,101.100,14134.656,27647.324
1579.339,99.100,14134.656,27647.324
1580.368,101.100,14134.656,27647.324
1581.397,100.100,14134.656,27647.324
1582.426,99.100,14134.656,27647.324
1583.455,100.100,14134.656,27647.324
1584.484,100.100,14134.656,27647.324
1585.513,100.100,14134.656,27647.324
1586.542,100.100,14134.656,27647.324
1587.571,100.100,14134.656,27647.324
1588.600,100.100,14134.656,27647.324
1589.630,99.100,14134.656,27647.324
1590.659,101.100,14134.656,27647.324
1591.688,100.100,14134.656,27647.324
1592.717,99.200,14134.656,27647.324
1593.745,100.100,14134.656,27647.324
1594.774,101.100,14134.656,27647.324
1595.803,99.100,14134.656,27647.324
1596.832,100.100,14134.656,27647.324
1597.861,100.100,14134.656,27647.324
1598.889,99.300,14134.656,27647.324
1599.918,100.100,14134.656,27647.324
1600.946,101.100,14134.656,27647.324
1601.975,100.100,14134.656,27647.324
1603.004,99.100,14134.656,27647.324
1604.033,100.100,14134.656,27647.324
1605.062,101.100,14134.656,27647.324
1606.091,100.100,14134.656,27647.324
1607.120,99.200,14134.656,27647.324
1608.148,100.100,14134.656,27647.324
1609.177,100.100,14134.656,27647.324
1610.206,100.100,14134.656,27647.324
1611.235,100.100,14231.926,27744.594
1612.264,100.100,14231.926,27744.594
1613.293,99.100,14231.926,27744.594
1614.322,101.100,14231.926,27744.594
1615.351,100.100,14231.926,27744.594
1616.380,100.100,14231.926,27744.594
1617.409,100.100,14231.926,27744.594
1618.437,99.100,14231.926,27744.594
1619.467,100.000,14231.926,27744.594
1620.496,100.100,14231.926,27744.594
1621.525,100.100,14231.926,27744.594
1622.554,100.100,14231.926,27744.594
1623.583,100.100,14231.926,27744.594
1624.611,100.100,14231.926,27744.594
1625.640,99.100,14231.926,27744.594
1626.669,100.100,14231.926,27744.594
1627.697,100.100,14231.926,27744.594
1628.726,100.100,14231.926,27744.594
1629.755,100.100,14231.926,27744.594
1630.785,100.100,14231.926,27744.594
1631.814,100.100,14231.926,27744.594
1632.842,100.100,14231.926,27744.594
1633.870,99.200,14231.926,27744.594
1634.899,101.100,14231.926,27744.594
1635.928,99.100,14231.926,27744.594
1636.957,100.100,14231.926,27744.594
1637.985,100.100,14231.926,27744.594
1639.014,100.100,14231.926,27744.594
1640.043,100.100,14231.926,27744.594
1641.072,100.100,14231.926,27744.594
1642.101,100.100,14231.926,27744.594
1643.130,99.100,14231.926,27744.594
1644.160,100.000,14231.926,27744.594
1645.189,101.100,14231.926,27744.594
1646.218,99.100,14231.926,27744.594
1647.247,100.100,14231.926,27744.594
1648.276,101.100,14231.926,27744.594
1649.305,100.100,14231.926,27744.594
1650.334,100.100,14231.926,27744.594
1651.363,99.100,14231.926,27744.594
1652.391,100.200,14231.926,27744.594
1653.420,100.100,14231.926,27744.594
1654.449,100.100,14231.926,27744.594
1655.478,100.100,14231.926,27744.594
1656.507,100.100,14231.926,27744.594
1657.535,99.200,14231.926,27744.594
1658.564,100.100,14231.926,27744.594
1659.593,100.100,14231.926,27744.594
1660.622,100.100,14231.926,27744.594
1661.651,100.100,14231.926,27744.594
1662.680,100.100,14231.926,27744.594
1663.709,100.100,14231.926,27744.594
1664.737,100.100,14231.926,27744.594
1665.766,99.100,14231.926,27744.594
1666.795,100.100,14231.926,27744.594
1667.824,101.100,14231.926,27744.594
1668.853,99.100,14231.926,27744.594
1669.880,100.300,14231.926,27744.594
1670.909,100.100,14231.926,27744.594
1671.938,100.100,14231.926,27744.594
1672.967,100.100,14231.926,27744.594
1673.996,100.100,14231.926,27744.594
1675.025,99.100,14231.926,27744.594
1676.054,101.100,14231.926,27744.594
1677.082,99.100,14231.926,27744.594
1678.111,101.100,14231.926,27744.594
1679.140,99.100,14231.926,27744.594
1680.170,101.000,14231.926,27744.594
1681.199,100.100,14231.926,27744.594
1682.227,99.100,14231.926,27744.594
1683.256,100.100,14231.926,27744.594
1684.285,100.100,14231.926,27744.594
1685.313,100.100,14231.926,27744.594
1686.342,100.100,14231.926,27744.594
1687.371,100.100,14231.926,27744.594
1688.400,100.100,14231.926,27744.594
1689.429,99.200,14231.926,27744.594
1690.458,100.100,14231.926,27744.594
1691.486,100.100,14231.926,27744.594
1692.515,100.100,14231.926,27744.594
1693.544,100.100,14231.926,27744.594
1694.572,100.100,14231.926,27744.594
1695.601,100.100,14231.926,27744.594
1696.630,100.100,14231.926,27744.594
1697.659,99.100,14231.926,27744.594
1698.688,100.100,14231.926,27744.594
1699.716,101.100,14231.926,27744.594
1700.745,99.100,14231.926,27744.594
1701.774,100.100,14231.926,27744.594
1702.803,100.100,14231.926,27744.594
1703.832,100.100,14231.926,27744.594
1704.861,99.100,14231.926,27744.594
1705.888,101.200,14231.926,27744.594
1706.917,100.100,14231.926,27744.594
1707.946,99.100,14231.926,27744.594
1708.975,100.100,14231.926,27744.594
1710.004,100.000,14231.926,27744.594
1711.034,100.100,14231.926,27744.594
1712.062,100.100,14231.926,27744.594
1713.091,100.100,14231.926,27744.594
1714.120,100.100,14231.926,27744.594
1715.149,100.100,14231.926,27744.594
1716.178,100.100,14231.926,27744.594
1717.206,100.100,14231.926,27744.594
1718.235,99.100,14231.926,27744.594
1719.264,101.100,14231.926,27744.594
1720.293,99.100,14231.926,27744.594
1721.322,100.100,14231.926,27744.594
1722.350,100.100,14231.926,27744.594
1723.379,100.100,14231.926,27744.594
1724.408,100.100,14231.926,27744.594
1725.436,99.200,14231.926,27744.594
1726.465,101.100,14231.926,27744.594
1727.494,99.100,14231.926,27744.594
1728.522,100.100,14231.926,27744.594
1729.551,100.100,14231.926,27744.594
1730.580,100.100,14231.926,27744.594
1731.609,100.100,14231.926,27744.594
1732.637,100.100,14231.926,27744.594
1733.666,99.100,14231.926,27744.594
1734.695,101.100,14231.926,27744.594
1735.724,100.100,14231.926,27744.594
1736.753,99.100,14231.926,27744.594
1737.782,101.100,14231.926,27744.594
1738.810,100.100,14231.926,27744.594
1739.840,99.100,14231.926,27744.594
1740.868,100.200,14231.926,27744.594
1741.897,100.100,14231.926,27744.594
1742.925,100.100,14231.926,27744.594
1743.954,100.100,14231.926,27744.594
1744.983,100.100,14231.926,27744.594
1746.011,99.100,14231.926,27744.594
1747.040,101.100,14231.926,27744.594
1748.069,99.100,14231.926,27744.594
1749.098,100.100,14231.926,27744.594
1750.126,100.100,14231.926,27744.594
1751.155,100.100,14231.926,27744.594
1752.184,100.100,14231.926,27744.594
1753.212,100.100,14231.926,27744.594
1754.241,99.200,14231.926,27744.594
1755.270,101.100,14231.926,27744.594
1756.299,99.200,14231.926,27744.594
1757.327,100.100,14231.926,27744.594
1758.356,100.100,14231.926,27744.594
1759.384,100.100,14231.926,27744.594
1760.413,100.100,14231.926,27744.594
1761.442,99.100,14231.926,27744.594
1762.471,101.100,14231.926,27744.594
1763.500,99.200,14231.926,27744.594
1764.528,101.100,14231.926,27744.594
1765.558,100.100,14231.926,27744.594
1766.587,100.100,14231.926,27744.594
1767.615,100.100,14231.926,27744.594
1768.644,100.100,14231.926,27744.594
1769.673,99.100,14231.926,27744.594
1770.703,100.100,14231.926,27744.594
1771.731,100.100,14231.926,27744.594
1772.760,99.200,14231.926,27744.594
1773.789,101.100,14231.926,27744.594
1774.818,100.100,14231.926,27744.594
1775.846,99.100,14231.926,27744.594
1776.874,100.300,14231.926,27744.594
1777.902,100.100,14231.926,27744.594
1778.931,100.100,14231.926,27744.594
1779.961,100.000,14231.926,27744.594
1780.990,100.100,14231.926,27744.594
1782.018,100.100,14231.926,27744.594
1783.047,100.100,14231.926,27744.594
1784.076,100.100,14231.926,27744.594
1785.105,99.200,14231.926,27744.594
1786.133,100.100,14231.926,27744.594
1787.162,100.100,14231.926,27744.594
1788.191,100.100,14231.926,27744.594
1789.220,100.100,14231.926,27744.594
1790.249,100.100,14231.926,27744.594
1791.278,100.100,14231.926,27744.594
1792.306,100.100,14231.926,27744.594
1793.335,100.100,14231.926,27744.594
1794.364,100.100,14231.926,27744.594
1795.393,99.100,14231.926,27744.594
1796.421,100.100,14231.926,27744.594
1797.450,101.100,14231.926,27744.594
1798.479,99.100,14231.926,27744.594
1799.509,100.000,14231.926,27744.594
1800.538,100.100,14231.926,27744.594
1801.566,100.100,14231.926,27744.594
1802.595,100.100,14231.926,27744.594
1803.624,100.100,14231.926,27744.594
1804.653,99.200,14231.926,27744.594
1805.682,100.100,14231.926,27744.594
1806.710,101.100,14231.926,27744.594
1807.739,99.100,14231.926,27744.594
1808.768,100.100,14231.926,27744.594
1809.797,100.100,14231.926,27744.594
1810.826,100.100,14231.926,27744.594
1811.855,100.100,14231.926,27744.594
1812.882,100.300,14231.926,27744.594
1813.911,100.100,14231.926,27744.594
1814.940,99.100,14231.926,27744.594
1815.969,100.100,14231.926,27744.594
1816.998,101.100,14231.926,27744.594
1818.026,100.100,14231.926,27744.594
1819.055,99.200,14231.926,27744.594
1820.084,100.100,14231.926,27744.594
1821.113,99.200,14231.926,27744.594
1822.142,100.100,14231.926,27744.594
1823.170,101.100,14231.926,27744.594
1824.199,100.100,14231.926,27744.594
1825.228,99.200,14231.926,27744.594
1826.257,100.000,14231.926,27744.594
1827.286,100.100,14231.926,27744.594
1828.315,101.100,14231.926,27744.594
1829.344,99.200,14231.926,27744.594
1830.373,100.000,14231.926,27744.594
1831.402,100.100,14231.926,27744.594
1832.431,100.100,14231.926,27744.594
1833.460,100.100,14231.926,27744.594
1834.488,100.100,14231.926,27744.594
1835.517,99.200,14231.926,27744.594
1836.546,101.100,14231.926,27744.594
1837.575,99.100,14231.926,27744.594
1838.603,100.100,14231.926,27744.594
1839.633,100.000,14231.926,27744.594
1840.662,100.100,14231.926,27744.594
1841.690,100.100,14231.926,27744.594
1842.719,99.100,14231.926,27744.594
1843.748,101.100,14231.926,27744.594
1844.777,100.100,14231.926,27744.594
1845.805,100.100,14231.926,27744.594
1846.834,100.100,14231.926,27744.594
1847.863,100.100,14231.926,27744.594
1848.890,99.300,14231.926,27744.594
1849.919,100.100,14231.926,27744.594
1850.947,99.200,14231.926,27744.594
1851.976,101.100,14231.926,27744.594
1853.005,100.100,14231.926,27744.594
1854.033,99.200,14231.926,27744.594
1855.062,100.100,14231.926,27744.594
1856.091,101.100,14231.926,27744.594
1857.120,99.100,14231.926,27744.594
1858.148,100.100,14231.926,27744.594
1859.177,100.100,14231.926,27744.594
1860.206,100.100,14231.926,27744.594
1861.235,100.100,14231.926,27744.594
1862.264,99.200,14231.926,27744.594
1863.292,101.100,14231.926,27744.594
1864.321,100.100,14231.926,27744.594
1865.350,99.200,14231.926,27744.594
1866.378,100.100,14231.926,27744.594
1867.407,100.100,14231.926,27744.594
1868.436,100.100,14231.926,27744.594
1869.465,100.100,14231.926,27744.594
1870.493,99.200,14231.926,27744.594
1871.522,100.100,14231.926,27744.594
1872.551,100.100,14231.926,27744.594
1873.580,100.100,14231.926,27744.594
1874.608,100.100,14231.926,27744.594
1875.637,101.100,14231.926,27744.594
1876.666,99.100,14231.926,27744.594
1877.695,100.100,14231.926,27744.594
1878.724,100.100,14231.926,27744.594
1879.752,100.100,14231.926,27744.594
1880.781,100.100,14231.926,27744.594
1881.810,99.100,14231.926,27744.594
1882.839,100.100,14231.926,27744.594
1883.867,100.200,14231.926,27744.594
1884.896,100.100,14231.926,27744.594
1885.925,100.100,14231.926,27744.594
1886.954,101.000,14231.926,27744.594
1887.983,99.100,14231.926,27744.594
1889.011,100.100,14231.926,27744.594
1890.041,100.000,14231.926,27744.594
1891.070,99.100,14231.926,27744.594
1892.099,101.100,14231.926,27744.594
1893.127,100.100,14231.926,27744.594
1894.156,99.100,14231.926,27744.594
1895.185,100.100,14231.926,27744.594
1896.213,101.100,14231.926,27744.594
1897.242,99.200,14231.926,27744.594
1898.271,100.100,14231.926,27744.594
1899.299,99.100,14231.926,27744.594
1900.328,101.100,14231.926,27744.594
1901.357,100.100,14231.926,27744.594
1902.386,99.100,14231.926,27744.594
1903.414,100.100,14364.688,27902.961
1904.443,101.100,14414.941,27967.922
1905.472,99.100,14461.891,28028.613
1906.501,100.100,14463.281,28028.613
1907.530,100.100,14463.281,28028.613
1908.559,100.100,14466.805,28036.742
1909.588,100.100,14881.574,28517.867
1910.617,100.100,15180.121,28861.695
1911.646,100.100,15238.379,28924.680
1912.675,99.100,15238.379,28924.680
1913.703,101.100,15238.379,28924.680
1914.732,99.100,15238.379,28924.680
1915.761,100.100,15238.379,28924.680
1916.790,100.100,15238.379,28924.680
1917.819,100.100,15238.883,28924.680
1918.848,100.100,15238.883,28924.680
1919.876,100.200,15238.883,28924.680
1920.905,100.100,15248.766,28924.680
1921.934,100.100,15381.211,29069.871
1922.963,100.100,15381.211,29069.871
1923.992,100.100,15382.309,29069.871
1925.021,99.100,15396.086,29069.871
1926.050,101.100,15546.828,29232.645
1927.079,99.200,15710.898,29400.672
1928.107,100.100,15830.727,29529.523
1929.136,99.200,16000.762,29647.672
1930.165,100.100,16100.344,29748.184
1931.194,101.000,16333.051,30006.285
1932.223,100.100,16345.051,30006.285
1933.251,99.200,16520.586,30192.891
1934.280,101.100,16632.785,30288.656
1935.309,99.200,16647.043,30288.656
1936.337,100.100,16647.043,30288.656
1937.366,100.100,16756.105,30417.809
1938.395,99.100,16872.211,30513.574
1939.424,101.100,16872.402,30513.574
1940.453,99.100,16986.848,30627.762
1941.482,100.100,17057.309,30713.402
1942.511,101.100,17069.309,30713.402
1943.539,99.200,17291.281,30947.855
1944.568,100.100,17291.281,30947.855
1945.597,100.100,17291.281,30947.855
1946.626,100.100,17291.281,30947.855
1947.656,100.000,17307.516,30947.855
1948.685,100.000,17308.105,30947.855
1949.716,100.000,17452.492,31118.809
1950.744,100.100,17464.492,31118.809
1951.773,100.100,17639.516,31297.754
1952.802,100.100,17866.906,31550.031
1953.830,100.100,17879.648,31550.031
1954.859,99.100,17995.449,31670.180
1955.886,100.300,18102.871,31743.430
1956.915,100.100,18365.590,32036.430
1957.944,101.100,18377.590,32036.430
1958.972,99.200,18391.590,32036.430
1960.001,100.100,18594.688,32233.598
1961.030,100.100,18373.555,32020.363
1962.059,100.100,18570.836,32240.113
1963.088,99.100,18650.824,32313.363
1964.117,101.100,18664.824,32313.363
1965.146,100.200,18813.793,32452.336
1966.175,99.100,18526.621,32165.852
1967.203,100.100,18588.820,32253.145
1968.233,100.100,18650.102,32369.535
1969.262,100.100,18872.777,32653.523
1970.291,100.000,19008.816,32803.543
1971.320,100.100,19022.816,32803.543
1972.348,99.200,18881.523,32670.809
1973.377,101.100,18956.305,32731.066
1974.406,99.100,19185.426,32972.098
1975.435,100.100,19199.426,32972.098
1976.463,100.100,19211.426,32972.098
1977.493,100.000,19325.426,33062.484
1978.522,101.100,19327.426,33062.484
1979.551,100.000,19365.320,33062.484
1980.582,99.000,19631.418,33228.090
1981.611,100.100,19797.051,33393.695
1982.640,100.100,19797.051,33393.695
1983.669,100.100,19394.938,32991.582
1984.698,100.100,19394.949,32991.582
1985.727,100.100,19596.449,33405.598
1986.756,99.100,19726.852,33405.598
1987.785,100.100,19726.852,33405.598
1988.814,101.100,19727.305,33405.598
1989.843,99.100,19827.188,33571.207
1990.871,100.200,19994.238,33736.812
1991.900,100.100,20000.086,33736.812
1992.929,100.100,20001.480,33736.812
1993.958,100.100,20086.461,33819.617
1994.987,100.100,20504.301,34399.246
1996.016,100.100,20672.301,34647.656
1997.044,100.100,20837.359,34896.070
1998.073,100.100,20837.359,34896.070
1999.102,99.100,20670.949,34647.660
2000.132,100.100,19751.641,33322.797
2001.161,101.000,19751.641,33322.797
2002.191,79.600,0.000,0.000
